9.959178752811884694e-01 9.958659455123134441e-01 7.607431819846017795e-01
9.876392125920493426e-01 9.928124838249702266e-01 7.573458176623254490e-01
9.793729372578222625e-01 9.897610611697053029e-01 7.540154986095326528e-01
9.711191148693706365e-01 9.867114996942590865e-01 7.507513305456086083e-01
9.628778007283761431e-01 9.836636260625443162e-01 7.475524311433814351e-01
9.546490400357005024e-01 9.806172712044199935e-01 7.444179308214464719e-01
9.464328681563706214e-01 9.775722700452765812e-01 7.413469734440726322e-01
9.382286236338581720e-01 9.745287037262931884e-01 7.383389101224864248e-01
9.300338991207287576e-01 9.714872533637556318e-01 7.353936496469678508e-01
9.218521254330136472e-01 9.684465475537534784e-01 7.325094463784540544e-01
9.136832879756212611e-01 9.654064426757075212e-01 7.296854945780224533e-01
9.055273651549615721e-01 9.623667971329300519e-01 7.269210050916021792e-01
8.973843290807697048e-01 9.593274710068172562e-01 7.242152054483868007e-01
8.892541463203339491e-01 9.562883257076711940e-01 7.215673398836942587e-01
8.811367787035992993e-01 9.532492236235047267e-01 7.189766692890432465e-01
8.730321841777273217e-01 9.502100277681674312e-01 7.164424710921526440e-01
8.649403177099005413e-01 9.471706014300310672e-01 7.139640390694389493e-01
8.568605106383023751e-01 9.441310049092227485e-01 7.115409288359298978e-01
8.487921592227117840e-01 9.410912686082714140e-01 7.091727111925661964e-01
8.407365930601186088e-01 9.380508150117512489e-01 7.068581901488139030e-01
8.326937549993661536e-01 9.350095103018496445e-01 7.045967191731228318e-01
8.246635905837957914e-01 9.319672189335888035e-01 7.023876666172005345e-01
8.166460492079220534e-01 9.289238033257912752e-01 7.002304151306337765e-01
8.086410853136960508e-01 9.258791235608501147e-01 6.981243610269696198e-01
8.006486596260984356e-01 9.228330370941960625e-01 6.960689136027307100e-01
7.926687404278496274e-01 9.197853984744090994e-01 6.940634944107547666e-01
7.847013048729066798e-01 9.167360590749070726e-01 6.921075364891513537e-01
7.767463403383386700e-01 9.136848668382197003e-01 6.902004835471238220e-01
7.688038458140902254e-01 9.106316660338754643e-01 6.883417891088837726e-01
7.608738333299251977e-01 9.075762970309678712e-01 6.865309156168759586e-01
7.529563294187404665e-01 9.045185960865157471e-01 6.847673334955641788e-01
7.450513766152149220e-01 9.014583951507694204e-01 6.830505201770975532e-01
7.371590349884449278e-01 8.983955216906733821e-01 6.813799590902561709e-01
7.292793837071178675e-01 8.953297985327072217e-01 6.797551386142018925e-01
7.214125226353087506e-01 8.922610437264001382e-01 6.781755509987108521e-01
7.135585739567821273e-01 8.891890704298188730e-01 6.766406912527268558e-01
7.057176838252704476e-01 8.861136868183864257e-01 6.751500560033152354e-01
6.978900240378624886e-01 8.830346960183848015e-01 6.737031423272940023e-01
6.900757937281709609e-01 8.799518960665417833e-01 6.722994465581085821e-01
6.822752210755935742e-01 8.768650798970807347e-01 6.709384630707909691e-01
6.744885650264814680e-01 8.737740353576268770e-01 6.696196830481577766e-01
6.667161170225112121e-01 8.706785452553553739e-01 6.683425932317262896e-01
6.589582027312115287e-01 8.675783874347042790e-01 6.671066746611871157e-01
6.512151837728674675e-01 8.644733348879818369e-01 6.659114014066239706e-01
6.434874594377218981e-01 8.613631559001003746e-01 6.647562392980672641e-01
6.357754683867176126e-01 8.582476142285989651e-01 6.636406446573236417e-01
6.280796903285441601e-01 8.551264693200424372e-01 6.625640630374467488e-01
6.203997266678359379e-01 8.519996704800151255e-01 6.615265491873970616e-01
6.127369426574760247e-01 8.488667940124511313e-01 6.605270027119134468e-01
6.050920728119490999e-01 8.457275619344408746e-01 6.595647486003098914e-01
5.974657834458301231e-01 8.425817180398151862e-01 6.586391729474670997e-01
5.898587897336637909e-01 8.394290035438324304e-01 6.577496448753967773e-01
5.822718570466259846e-01 8.362691575378068398e-01 6.568955154579759759e-01
5.747058021969093655e-01 8.331019174836249430e-01 6.560761167033598573e-01
5.671614945791476625e-01 8.299270197475471234e-01 6.552907606021763920e-01
5.596398571978671299e-01 8.267442001724071288e-01 6.545387382497406259e-01
5.521418675699817369e-01 8.235531946869827369e-01 6.538193190506005337e-01
5.446682488723592064e-01 8.203537935799839476e-01 6.531319889720513805e-01
5.372195898606429987e-01 8.171458160144001726e-01 6.524763732907101765e-01
5.297979082443775578e-01 8.139288483288636966e-01 6.518510070947867163e-01
5.224044117160587808e-01 8.107026332450285588e-01 6.512550610864610290e-01
5.150403644716931018e-01 8.074669172452086929e-01 6.506876817662703427e-01
5.077070870833638727e-01 8.042214513643239915e-01 6.501479913343107819e-01
5.004059561737826956e-01 8.009659919993202815e-01 6.496350877295457016e-01
4.931384038855271545e-01 7.977003017317259026e-01 6.491480448127505687e-01
4.859054823277086377e-01 7.944242116959843170e-01 6.486862900524923425e-01
4.787087733107337484e-01 7.911374883025026339e-01 6.482488323565218646e-01
4.715503665601885053e-01 7.878398465552892693e-01 6.478342490162061207e-01
4.644319093320960490e-01 7.845310829183534951e-01 6.474415169712455231e-01
4.573550977842834597e-01 7.812110043290483308e-01 6.470695925474222454e-01
4.503216750755770215e-01 7.778794289868860012e-01 6.467174126093961917e-01
4.433334292484071848e-01 7.745361871157118161e-01 6.463838958669069212e-01
4.363918136495791855e-01 7.711811636962161431e-01 6.460683143050210964e-01
4.294990412036400751e-01 7.678141734007902786e-01 6.457692346378588466e-01
4.226571660646313844e-01 7.644350712172228723e-01 6.454853845674480839e-01
4.158681278314712570e-01 7.610437440748655247e-01 6.452156231951557963e-01
4.091338964330579753e-01 7.576400942251246828e-01 6.449588006481484781e-01
4.024564688614309937e-01 7.542240397068233904e-01 6.447137602013883750e-01
3.958378014145169099e-01 7.507955200201431589e-01 6.444794124911628064e-01
3.892799938446718233e-01 7.473544803463285646e-01 6.442545316896565177e-01
3.827852016097592069e-01 7.439008810964626850e-01 6.440378392493916193e-01
3.763554871485086939e-01 7.404347087918962123e-01 6.438281742149729592e-01
3.699929210096567500e-01 7.369559669974854454e-01 6.436243811202261300e-01
3.636995780321984340e-01 7.334646763214264231e-01 6.434253124435344029e-01
3.574775798105070956e-01 7.299608722008595896e-01 6.432297693481449086e-01
3.513290983605908413e-01 7.264446060836683428e-01 6.430364826671817191e-01
3.452561045867870715e-01 7.229159552075333783e-01 6.428444536691583222e-01
3.392606410146824514e-01 7.193750085666941185e-01 6.426525944367955656e-01
3.333447348068651617e-01 7.158218708874320990e-01 6.424598373989861555e-01
3.275103940666355129e-01 7.122566621403563225e-01 6.422651374815065983e-01
3.217596090773906514e-01 7.086795170073121319e-01 6.420674658001220836e-01
3.160946342686500876e-01 7.050905891738447062e-01 6.418652941450320171e-01
3.105171024383390765e-01 7.014900435772246645e-01 6.416581267794336796e-01
3.050288984427658723e-01 6.978780561170341290e-01 6.414450337695480897e-01
2.996318707161567119e-01 6.942548143877078637e-01 6.412251169357134906e-01
2.943278280531015922e-01 6.906205168403162231e-01 6.409975111758047239e-01
2.891185364507481981e-01 6.869753719073377063e-01 6.407613856286998866e-01
2.840057947045138698e-01 6.833196071110347880e-01 6.405157232376169629e-01
2.789913500071124486e-01 6.796534681013454149e-01 6.402594509114450938e-01
2.740766203322350103e-01 6.759771686690057013e-01 6.399923458549570121e-01
2.692631622370760813e-01 6.722909480496536139e-01 6.397137289996914777e-01
2.645524751524542806e-01 6.685950505878777150e-01 6.394229587804106663e-01
2.599459984784329158e-01 6.648897247717889814e-01 6.391194312554725476e-01
2.554451086678327654e-01 6.611752222726021699e-01 6.388025800674523857e-01
2.510511162879901503e-01 6.574517969942065276e-01 6.384718762485318555e-01
2.467652860356066014e-01 6.537197560636403004e-01 6.381262648477356025e-01
2.425887154615369856e-01 6.499793305543416500e-01 6.377656403036716659e-01
2.385224799754648850e-01 6.462307566214164911e-01 6.373898007216325379e-01
2.345675956658958006e-01 6.424742872945319316e-01 6.369983668402237065e-01
2.307249984999008574e-01 6.387101733053688335e-01 6.365909934141211757e-01
2.269955411622458508e-01 6.349386622927505330e-01 6.361673682064419300e-01
2.233799898683609952e-01 6.311599980425002254e-01 6.357272108776658159e-01
2.198790211683573914e-01 6.273744197639107290e-01 6.352702717790559284e-01
2.164932187641776529e-01 6.235821614043673966e-01 6.347963306584957222e-01
2.132229727286479859e-01 6.197834882152708502e-01 6.343049366152699875e-01
2.100685953937755368e-01 6.159786393018004125e-01 6.337958359783291140e-01
2.070305000217348979e-01 6.121677767163065109e-01 6.332692637649108836e-01
2.041088731959054825e-01 6.083511064476515573e-01 6.327251051214083377e-01
2.013037945570654852e-01 6.045288264028804148e-01 6.321632667722192345e-01
1.986152343570432577e-01 6.007011259722819796e-01 6.315836753626057343e-01
1.960430513008257769e-01 5.968681856344050241e-01 6.309862757638508013e-01
1.935869907278259250e-01 5.930301766004760777e-01 6.303710293458103520e-01
1.912466831825417046e-01 5.891872604975375571e-01 6.297379122214693536e-01
1.890216434228722819e-01 5.853395890895084497e-01 6.290869134676072560e-01
1.869112699109002074e-01 5.814873040352974698e-01 6.284180333251730977e-01
1.849148448262768751e-01 5.776305366830319921e-01 6.277312813824462712e-01
1.830315346361755524e-01 5.737694078994297620e-01 6.270266747435628840e-01
1.812603912481526858e-01 5.699040279333429382e-01 6.263042361844595174e-01
1.796001102769033686e-01 5.660345459696024539e-01 6.255637706905299300e-01
1.780497039049802888e-01 5.621610111635888529e-01 6.248054959209743409e-01
1.766079638927997020e-01 5.582834872416972960e-01 6.240295031617210109e-01
1.752735116815026528e-01 5.544020409094246871e-01 6.232358186201129024e-01
1.740448686484345198e-01 5.505167280883638270e-01 6.224244647015639842e-01
1.729204607627002621e-01 5.466275939645943716e-01 6.215954581201585949e-01
1.718986237443081710e-01 5.427346730652924389e-01 6.207488079972678374e-01
1.709776086749031088e-01 5.388379893632032624e-01 6.198845139464989051e-01
1.701555880000670540e-01 5.349375564087555102e-01 6.190025641429107717e-01
1.694306618564390132e-01 5.310333774897662007e-01 6.181029333740443166e-01
1.688008646516472588e-01 5.271254458188586733e-01 6.171855810699629075e-01
1.682641718213685189e-01 5.232137447489124682e-01 6.162504493091419677e-01
1.678185066859104180e-01 5.192982480170637016e-01 6.152974607967298670e-01
1.674617473281748703e-01 5.153789200180119989e-01 6.143265168113636321e-01
1.671917334162561219e-01 5.114557161076133118e-01 6.133374951164385358e-01
1.670062728963963294e-01 5.075285829380126179e-01 6.123302478314438524e-01
1.669031484860932224e-01 5.035974588258419482e-01 6.113045992587081701e-01
1.668801239021340532e-01 4.996622741553013447e-01 6.102603436606613974e-01
1.669349497643181635e-01 4.957229518182665884e-01 6.091972429825083246e-01
1.670653691221230530e-01 4.917794076939076553e-01 6.081150245150237499e-01
1.672691225587036590e-01 4.878315511706624030e-01 6.070133784920312969e-01
1.675439528337928363e-01 4.838792857137999559e-01 6.058919556170403453e-01
1.678876090341805682e-01 4.799225094822346382e-01 6.047503645134626460e-01
1.682978502076859784e-01 4.759611159986773532e-01 6.035881690928549537e-01
1.687724484630094557e-01 4.719949948776991921e-01 6.024048858357522462e-01
1.693091915240877987e-01 4.680240326167751097e-01 6.011999809798481698e-01
1.699058847332630684e-01 4.640481134558990806e-01 5.999728676106134140e-01
1.705603525023395850e-01 4.600671203119289232e-01 5.987229026499129025e-01
1.712704392150085353e-01 4.560809357943834130e-01 5.974493837388311634e-01
1.720340095874380304e-01 4.520894433100342558e-01 5.961515460117664533e-01
1.728490617423742437e-01 4.480925068258780342e-01 5.948286059384371161e-01
1.737134379883750468e-01 4.440900263521457836e-01 5.934796355974716331e-01
1.746250503361787554e-01 4.400818970839327493e-01 5.921036567334541090e-01
1.755818403376495918e-01 4.360680180223614477e-01 5.906996199819624094e-01
1.765817639361324798e-01 4.320482960923157645e-01 5.892663955876124016e-01
1.776227887791087534e-01 4.280226479793968197e-01 5.878027695142108433e-01
1.787028910716252916e-01 4.239910021269738261e-01 5.863074394743484907e-01
1.798200519839484313e-01 4.199533009054412513e-01 5.847790108966561817e-01
1.809722536266239468e-01 4.159095029659721221e-01 5.832159928546349903e-01
1.821574746057497418e-01 4.118595857910311575e-01 5.816167939876795145e-01
1.833736851713331228e-01 4.078035484535971755e-01 5.799797184528103777e-01
1.846188419720360963e-01 4.037414145963529322e-01 5.783029619548150091e-01
1.858908824305976482e-01 3.996732356409586351e-01 5.765846079131305979e-01
1.871877187561107325e-01 3.955990942358074691e-01 5.748226238360302220e-01
1.885072316119932589e-01 3.915191079482487901e-01 5.730148579865935732e-01
1.898472634625544553e-01 3.874334332040188511e-01 5.711590364406858855e-01
1.912056116263445293e-01 3.833422694723493951e-01 5.692527606547558294e-01
1.925800210714542215e-01 3.792458636898179414e-01 5.672935056807550946e-01
1.939681769967392388e-01 3.751445149092026421e-01 5.652786191867233967e-01
1.953676972538475054e-01 3.710385791512700315e-01 5.632053214644489048e-01
1.967761857060751907e-01 3.669284603090626207e-01 5.610707205860597790e-01
1.981919498686875447e-01 3.628144451615235577e-01 5.588719664198675829e-01
1.996114692420617454e-01 3.586972951308019519e-01 5.566056918907674733e-01
2.010319962717558306e-01 3.545776500328682301e-01 5.542686285203163310e-01
2.024506756310468503e-01 3.504562333373039129e-01 5.518574038432990658e-01
2.038645376802780129e-01 3.463338571099482399e-01 5.493685529203621298e-01
2.052704927297312465e-01 3.422114265839053537e-01 5.467985328372897413e-01
2.066653263499265147e-01 3.380899441935966143e-01 5.441437405223575885e-01
2.080456960024623103e-01 3.339705128825473102e-01 5.414005341987920827e-01
2.094081292918450465e-01 3.298543384725630134e-01 5.385652587582356876e-01
2.107490241621746141e-01 3.257427308614306294e-01 5.356342752895455472e-01
2.120649437593595810e-01 3.216370301008067423e-01 5.326040021123507051e-01
2.133519513223300357e-01 3.175387725668342709e-01 5.294709165761817271e-01
2.146055968793438296e-01 3.134496948455298138e-01 5.262316443010924827e-01
2.158217719792983602e-01 3.093715140909202854e-01 5.228830161187332237e-01
2.169962833837562610e-01 3.053060301111987784e-01 5.194220972121157409e-01
2.181248734038224169e-01 3.012551138047812604e-01 5.158462404004539037e-01
2.192032442968419592e-01 2.972206928701817130e-01 5.121531411230838549e-01
2.202270866986170694e-01 2.932047347850223473e-01 5.083408928797096271e-01
2.211921119182777562e-01 2.892092271574246420e-01 5.044080416388423416e-01
2.220935025236718263e-01 2.852363037156404046e-01 5.003537870287447786e-01
2.229269521433398515e-01 2.812879642374859768e-01 4.961778493670953583e-01
2.236888495319874770e-01 2.773660148009320370e-01 4.918803871559165874e-01
2.243754080335542134e-01 2.734722726191855524e-01 4.874622582294281803e-01
2.249830763344357054e-01 2.696084460688763507e-01 4.829249577135311111e-01
2.255085799813979497e-01 2.657761090505360024e-01 4.782706239185570696e-01
2.259489602066540037e-01 2.619766771063700150e-01 4.735020309299002306e-01
2.263016087784817665e-01 2.582113861469944038e-01 4.686225673234423739e-01
2.265642976779428941e-01 2.544812745678068366e-01 4.636362010111960141e-01
2.267352025541115035e-01 2.507871694140020868e-01 4.585474308425865897e-01
2.268129191259352084e-01 2.471296770871057591e-01 4.533612262048932195e-01
2.267964719661807460e-01 2.435091788861832862e-01 4.480829564361342165e-01
2.266853154053733999e-01 2.399258314578514573e-01 4.427183123408435228e-01
2.264793266107784642e-01 2.363795720073263995e-01 4.372732224463101725e-01
2.261787912057850458e-01 2.328701279145906078e-01 4.317537668280697072e-01
2.257843820779419919e-01 2.293970302203243161e-01 4.261660913569963460e-01
2.252971322613941396e-01 2.259596303072907708e-01 4.205163250799267005e-01
2.247184029585798659e-01 2.225571190118335041e-01 4.148105031593539715e-01
2.240498478790030612e-01 2.191885473596009715e-01 4.090544973950971941e-01
2.232933751180840032e-01 2.158528481275619471e-01 4.032539558694052118e-01
2.224511077802065473e-01 2.125488574848135581e-01 3.974142527372522271e-01
2.215253444754322620e-01 2.092753360488259773e-01 3.915404486649249338e-01
2.205185207003045322e-01 2.060309888013222568e-01 3.856372619366029708e-01
2.194328874192478240e-01 2.028145169156402861e-01 3.797095095334123704e-01
2.182648066365098782e-01 1.996252291985778360e-01 3.737718171751420737e-01
2.170228890120812770e-01 1.964609814281667588e-01 3.678187680424882533e-01
2.157098477123693958e-01 1.933203910087825383e-01 3.618536434774576871e-01
2.143283807665793406e-01 1.902020936396694450e-01 3.558793469276301802e-01
2.128811480348121177e-01 1.871047518235086915e-01 3.498984229746567864e-01
2.113628171341985218e-01 1.840274832460584709e-01 3.439298029007026303e-01
2.097822244176344997e-01 1.809684859119274902e-01 3.379636044034518561e-01
2.081432438195634504e-01 1.779264302414479137e-01 3.319986383249923789e-01
2.064483035779137721e-01 1.749001195825278521e-01 3.260361665496319117e-01
2.046900195220195395e-01 1.718884692255042701e-01 3.201010706854096610e-01
2.028793321514426595e-01 1.688900722829414502e-01 3.141745415454486601e-01
2.010193350749797103e-01 1.659038457181669091e-01 3.082548746530878736e-01
1.991056986479902147e-01 1.629285836232569618e-01 3.023598083855674190e-01
1.971418200530273834e-01 1.599631359909101103e-01 2.964871507822752772e-01
1.951345728472442254e-01 1.570066491515335338e-01 2.906236024343140656e-01
1.930790453424957864e-01 1.540577900208403572e-01 2.847890164354879294e-01
1.909786039360877596e-01 1.511155829603398615e-01 2.789796310730894846e-01
1.888399646984248448e-01 1.481794675824730789e-01 2.731799444337917326e-01
1.866548625255737281e-01 1.452476683886483599e-01 2.674213941029801034e-01
1.844324562167077297e-01 1.423199300250296839e-01 2.616797648973605561e-01
1.821733014688477481e-01 1.393953328262524660e-01 2.559574710809504050e-01
1.798726439239557162e-01 1.364722480732424859e-01 2.502757799116284154e-01
1.775408517400124120e-01 1.335509842875354791e-01 2.446025397557691217e-01
1.751692364067993224e-01 1.306293407497935710e-01 2.389732753880076666e-01
1.727665952722569620e-01 1.277075950121573378e-01 2.333596879196307428e-01
1.703301901407327235e-01 1.247843639052620412e-01 2.277756139534679591e-01
1.678609747427219356e-01 1.218588137857099241e-01 2.222210871061220949e-01
1.653627110932698319e-01 1.189306594517498816e-01 2.166843651689934203e-01
1.628307360064957521e-01 1.159980786633045824e-01 2.111874729867821987e-01
1.602732552750999739e-01 1.130616976873829449e-01 2.056994171722646980e-01
1.576818841871672205e-01 1.101189170029605313e-01 2.002579729771293837e-01
1.550675237302210352e-01 1.071710143036805063e-01 1.948190649792285734e-01
1.524196744806974313e-01 1.042148807602278071e-01 1.894301760026981252e-01
1.497504467601253608e-01 1.012521433735436016e-01 1.840400715918740771e-01
