5.646156912672681966e-02 4.577276819612415698e-02 4.440243371470615208e-01
5.919877614477594280e-02 4.801052359780317441e-02 4.511394741764105931e-01
6.192186632822157394e-02 5.019535783259992251e-02 4.582865972652024333e-01
6.463142701559757008e-02 5.232749966584680085e-02 4.654688079581117965e-01
6.734687732335908894e-02 5.435442913842714746e-02 4.727455347608180980e-01
7.004712376557090114e-02 5.633376912127355945e-02 4.800588630415371649e-01
7.273230024446181163e-02 5.826578996272292060e-02 4.874109840733449883e-01
7.541322747322939946e-02 6.011902317288510961e-02 4.948387013276914215e-01
7.808322886793775397e-02 6.191138990824929939e-02 5.023250607323355155e-01
8.073670201546725989e-02 6.365854849926730341e-02 5.098549787681627699e-01
8.337349091739948426e-02 6.536008175335700221e-02 5.174307858015659844e-01
8.600069313873809351e-02 6.699201073012447938e-02 5.250809661556161689e-01
8.861330975761944062e-02 6.856714688223072840e-02 5.327931394315198466e-01
9.120669639962317166e-02 7.009783670182431758e-02 5.405551948014646335e-01
9.378017472952671074e-02 7.158357254756356203e-02 5.483692561011219713e-01
9.633288617706556312e-02 7.302389060707051294e-02 5.562373780443744531e-01
9.886376814531827595e-02 7.441841694572698396e-02 5.641615080383728387e-01
1.013740756530477627e-01 7.575748542669957786e-02 5.721540048644611076e-01
1.038604649076718123e-01 7.704704432687681237e-02 5.802097608995830935e-01
1.063190709667572731e-01 7.829489430651143111e-02 5.883216549457651601e-01
1.087477135060652966e-01 7.950194719627354245e-02 5.964903738456954763e-01
1.111438236828134196e-01 8.066962554682349795e-02 6.047161636217885938e-01
1.135043871007662686e-01 8.179999659249570509e-02 6.129987246800675527e-01
1.158258774806986413e-01 8.289593227868669034e-02 6.213370879119557433e-01
1.181041796014859757e-01 8.396129968540455568e-02 6.297294684561332012e-01
1.203374830657768513e-01 8.498636660783204233e-02 6.381895081462950481e-01
1.225190984946160078e-01 8.598113268218940397e-02 6.467093917708371942e-01
1.246411001676235863e-01 8.695976534382965362e-02 6.552773092438669567e-01
1.266956892987113337e-01 8.793289526366446229e-02 6.638860981700164254e-01
1.286756171843742858e-01 8.890213285316786451e-02 6.725394238930642032e-01
1.305740664608784352e-01 8.985412389854355308e-02 6.812586076753947006e-01
1.323721317823038646e-01 9.084623182368456451e-02 6.899881694060234771e-01
1.340611300832789954e-01 9.184622121344235279e-02 6.987736157099112555e-01
1.356168918192342532e-01 9.292244313364050878e-02 7.075510075503241847e-01
1.370205535950053677e-01 9.405509401538150738e-02 7.163576566406240076e-01
1.382396891766589087e-01 9.530597504225901684e-02 7.251433627380681202e-01
1.392360593052789364e-01 9.672019106273085920e-02 7.338811596834752260e-01
1.399590214870839178e-01 9.835935058166669909e-02 7.425314416674110296e-01
1.403413410185257171e-01 1.003164806082357252e-01 7.510252742373079160e-01
1.402877045614028539e-01 1.026950651308358720e-01 7.592924275127025391e-01
1.396784844657561475e-01 1.056939565862123620e-01 7.671505355544030458e-01
1.383532825041646208e-01 1.095394349957344582e-01 7.743786473812791504e-01
1.361441732975860186e-01 1.145220839853628159e-01 7.806232117521467728e-01
1.329469547760706305e-01 1.208776381599813710e-01 7.854641807181055313e-01
1.288497551939660479e-01 1.285922860824035840e-01 7.885871216290827324e-01
1.241429316368597990e-01 1.373048563541175437e-01 7.900084722663291981e-01
1.191762257504306866e-01 1.464997391789201187e-01 7.900452223386087436e-01
1.141934823803945620e-01 1.557714952265087660e-01 7.890839240773482866e-01
1.093519223058172785e-01 1.648736960274273522e-01 7.874472505085152729e-01
1.047395298081298110e-01 1.736869058940425925e-01 7.853641358520920823e-01
1.004033793999261071e-01 1.821683491727211779e-01 7.829850159272976340e-01
9.638418999527412212e-02 1.903058956455649375e-01 7.804187664272793645e-01
9.270390947630449685e-02 1.981126085897779165e-01 7.777327834212468538e-01
8.939468111104315051e-02 2.056004342967373555e-01 7.749869205279426021e-01
8.646697725837013127e-02 2.127964057000103493e-01 7.722083443289358140e-01
8.393983071994812195e-02 2.197209296621372432e-01 7.694250990221427333e-01
8.182794498870260558e-02 2.263946097006473424e-01 7.666570450550612703e-01
8.014176972740677529e-02 2.328372543815552254e-01 7.639181838284730963e-01
7.888734726170154588e-02 2.390673901197355455e-01 7.612183182451467411e-01
7.806610190146678896e-02 2.451020662463706534e-01 7.585642367488256710e-01
7.767745800701425507e-02 2.509548966063263609e-01 7.559651937600518901e-01
7.771418324911882891e-02 2.566390760680743455e-01 7.534271333469676479e-01
7.815940053983352898e-02 2.621701796429733444e-01 7.509454844240490701e-01
7.899769748744062126e-02 2.675586787556309409e-01 7.485242072894523480e-01
8.021228300896712793e-02 2.728117597405009809e-01 7.461733427892349724e-01
8.177452914000571393e-02 2.779436661937575437e-01 7.438801126822577325e-01
8.366421747462846059e-02 2.829583845072210502e-01 7.416581019496041316e-01
8.585193329694096320e-02 2.878673942187909840e-01 7.394963134696578289e-01
8.831387459399872575e-02 2.926749668310175689e-01 7.374034445156835149e-01
9.102253907109053577e-02 2.973902891968228102e-01 7.353703745309306816e-01
9.395483936027018701e-02 3.020163125743161592e-01 7.334068246191433049e-01
9.708586134422378389e-02 3.065620371890046547e-01 7.314997856730938164e-01
1.003949271051930159e-01 3.110287899248431187e-01 7.296620163159689421e-01
1.038611861393499425e-01 3.154241279642918117e-01 7.278819636201256937e-01
1.074665565623346697e-01 3.197517732754769360e-01 7.261607146028897786e-01
1.111941478183358367e-01 3.240140994584702616e-01 7.245039536104375122e-01
1.150293187806230022e-01 3.282169219388529346e-01 7.229019498890622009e-01
1.189587303840140831e-01 3.323631063635212879e-01 7.213558548437227769e-01
1.229696761710034891e-01 3.364543633631131292e-01 7.198713697154457414e-01
1.270524323063987882e-01 3.404954116057259395e-01 7.184395740371932737e-01
1.311977263758863643e-01 3.444888713030075378e-01 7.170598948745106060e-01
1.353966556031009905e-01 3.484364969334927120e-01 7.157353267432865485e-01
1.396418312588749988e-01 3.523407253143259754e-01 7.144649080760058224e-01
1.439275502361944681e-01 3.562044995409328063e-01 7.132440822703198791e-01
1.482482005483684584e-01 3.600298523590307331e-01 7.120721545133862351e-01
1.525988437109235818e-01 3.638186992987041957e-01 7.109484106347188082e-01
1.569739302628267164e-01 3.675720739561773032e-01 7.098767403365189299e-01
1.613707008726459335e-01 3.712924706271265585e-01 7.088519737089292727e-01
1.657859861068441409e-01 3.749815899111774153e-01 7.078727902432978558e-01
1.702168786784209742e-01 3.786409405003261508e-01 7.069384699955957307e-01
1.746608359110739805e-01 3.822719489048841401e-01 7.060482940866831258e-01
1.791156373257987711e-01 3.858759647578528518e-01 7.052015473343953289e-01
1.835789229673932543e-01 3.894540841198305681e-01 7.043988316409618422e-01
1.880488714333324873e-01 3.930074924250696600e-01 7.036397592794580991e-01
1.925246321435816754e-01 3.965376053811431323e-01 7.029217279221674497e-01
1.970049432922278410e-01 4.000455047893668459e-01 7.022440706428273449e-01
2.014887150510696334e-01 4.035322175510764886e-01 7.016061313431274371e-01
2.059750095299466288e-01 4.069987190434506963e-01 7.010072656577241990e-01
2.104630230824162118e-01 4.104459362648608112e-01 7.004468416830050836e-01
2.149520706800268632e-01 4.138747507669435222e-01 6.999242405520418320e-01
2.194415721097212058e-01 4.172860013892302766e-01 6.994388568753607816e-01
2.239310397773300321e-01 4.206804868109405016e-01 6.989900990647199830e-01
2.284200679256521704e-01 4.240589679333987005e-01 6.985773895549024504e-01
2.329083230985873332e-01 4.274221701054644051e-01 6.982001649366701423e-01
2.373955357030888003e-01 4.307707852034106666e-01 6.978578760123675950e-01
2.418814925387470227e-01 4.341054735757648442e-01 6.975499877841949692e-01
2.463660301807455433e-01 4.374268658628087669e-01 6.972759793839299336e-01
2.508490291158544383e-01 4.407355646996741205e-01 6.970353439517291694e-01
2.553304085435182391e-01 4.440321463112520961e-01 6.968275884706913725e-01
2.598101217647918459e-01 4.473171620065101162e-01 6.966522335629851126e-01
2.642881520913598625e-01 4.505911395791927787e-01 6.965088132526146003e-01
2.687645092151571546e-01 4.538545846213544732e-01 6.963968746992210690e-01
2.732392259863360984e-01 4.571079817556498726e-01 6.963159779067582544e-01
2.777123555536262778e-01 4.603517957918660808e-01 6.962656954103788598e-01
2.821839688267513413e-01 4.635864728127253032e-01 6.962456119444228042e-01
2.866541522253363561e-01 4.668124411936279139e-01 6.962553240940446697e-01
2.911230056830192980e-01 4.700301125606136110e-01 6.962944399326642664e-01
2.955906408792087214e-01 4.732398826905067080e-01 6.963625786471628887e-01
3.000571796741516306e-01 4.764421323568948652e-01 6.964593701525129132e-01
3.045227527258156930e-01 4.796372281253194481e-01 6.965844546973016804e-01
3.089874982696494965e-01 4.828255231007821391e-01 6.967374824614731565e-01
3.134515610443803779e-01 4.860073576304537180e-01 6.969181131474488922e-01
3.179150913489934283e-01 4.891830599642338906e-01 6.971260155656794355e-01
3.223782442176760243e-01 4.923529468756270844e-01 6.973608672156027533e-01
3.268402623959736908e-01 4.955172658338072300e-01 6.976242435824914212e-01
3.313018721009412526e-01 4.986763615823859852e-01 6.979146424265009196e-01
3.357635003879269053e-01 5.018305392958670730e-01 6.982312179458580736e-01
3.402253120548737186e-01 5.049800763180887220e-01 6.985736811300036209e-01
3.446874737144150491e-01 5.081252411207152209e-01 6.989417498144105956e-01
3.491501534701906828e-01 5.112662937327555612e-01 6.993351482403826758e-01
3.536135206516169416e-01 5.144034861430151206e-01 6.997536066156314627e-01
3.580777456016894233e-01 5.175370626768436289e-01 7.001968606763899761e-01
3.625416197052567790e-01 5.206672347854350846e-01 7.006673402232683756e-01
3.670061440438561751e-01 5.237942649808109419e-01 7.011631315044648538e-01
3.714719289186658169e-01 5.269183882488845949e-01 7.016831220862216334e-01
3.759391431946946804e-01 5.300398227214500047e-01 7.022270705109184830e-01
3.804079561364470119e-01 5.331587804584266843e-01 7.027947389147347623e-01
3.848785374282334137e-01 5.362754676975183266e-01 7.033858926019171953e-01
3.893496219095536892e-01 5.393901010912049987e-01 7.040029881034405301e-01
3.938217627811475552e-01 5.425028899075844402e-01 7.046450322367863173e-01
3.982960498372211666e-01 5.456140196539991383e-01 7.053100620878524074e-01
4.027726498453051418e-01 5.487236768307883761e-01 7.059978576437441200e-01
4.072517302756203383e-01 5.518320431711020158e-01 7.067082001786584300e-01
4.117323392933585624e-01 5.549393335168361086e-01 7.074429045624116563e-01
4.162138876202844950e-01 5.580457637485846112e-01 7.082030837578709992e-01
4.206982697169716068e-01 5.611514530384696942e-01 7.089853686100245911e-01
4.251856514725064207e-01 5.642565671058268340e-01 7.097895485342641253e-01
4.296762002013296278e-01 5.673612676104479169e-01 7.106154124868662159e-01
4.341674609761437265e-01 5.704658552323533804e-01 7.114673659343860868e-01
4.386612618019760657e-01 5.735704182078389390e-01 7.123422137394446185e-01
4.431585637298307012e-01 5.766750682854715482e-01 7.132383416000720455e-01
4.476595352821197138e-01 5.797799536306382784e-01 7.141555404809081242e-01
4.521621567860408253e-01 5.828853722646628599e-01 7.150973628773121815e-01
4.566669041652215433e-01 5.859914675057675826e-01 7.160630124249599548e-01
4.611756443195813016e-01 5.890982663625824456e-01 7.170493469065434278e-01
4.656885497281960107e-01 5.922059048636427736e-01 7.180561549340456207e-01
4.702028239485401273e-01 5.953147675545819029e-01 7.190882098909882059e-01
4.747199661162571638e-01 5.984248987236658879e-01 7.201430052688986283e-01
4.792415930120859646e-01 6.015363094686700940e-01 7.212178945365754767e-01
4.837677412467611959e-01 6.046491381481264860e-01 7.223128957581079757e-01
4.882938803943361328e-01 6.077639727957891980e-01 7.234355144692520279e-01
4.928248227396667125e-01 6.108805086285139518e-01 7.245778486164494714e-01
4.973607531163773410e-01 6.139988628731157805e-01 7.257396757209648719e-01
5.018986185708743664e-01 6.171195016616675133e-01 7.269259972854967833e-01
5.064394474373444810e-01 6.202424737735080518e-01 7.281351572177093834e-01
5.109855933001876682e-01 6.233676613675163125e-01 7.293634211802276779e-01
5.155352930336077888e-01 6.264954026987017421e-01 7.306136639060768490e-01
5.200865685364968183e-01 6.296260837871154870e-01 7.318890345407094156e-01
5.246434995206398222e-01 6.327593610294174331e-01 7.331831105428189277e-01
5.292049284841247037e-01 6.358955074406472674e-01 7.344977774141107085e-01
5.337672119259232462e-01 6.390351338146010862e-01 7.358387357333012746e-01
5.383355031038264960e-01 6.421777209385878260e-01 7.371979875302014928e-01
5.429084942993325225e-01 6.453235684825150420e-01 7.385776219758591887e-01
5.474823601072271728e-01 6.484733413040263406e-01 7.399835266896517272e-01
5.520626035787481456e-01 6.516264235040496455e-01 7.414072971466882933e-01
5.566469368806394868e-01 6.547832639087710627e-01 7.428524744814828384e-01
5.612329839307694801e-01 6.579443497625011572e-01 7.443226575923660437e-01
5.658257996416899971e-01 6.611090776252965817e-01 7.458102612299349898e-01
5.704212109787798468e-01 6.642781997314528564e-01 7.473215803614674524e-01
5.750200729120524823e-01 6.674517307165324098e-01 7.488553409001902361e-01
5.796261183142411566e-01 6.706292202517956103e-01 7.504060587027678864e-01
5.842323090074265091e-01 6.738119108304817528e-01 7.519841342585308341e-01
5.888446631591364167e-01 6.769989843693093867e-01 7.535807344316215461e-01
5.934625341362582684e-01 6.801906664572422434e-01 7.551968657032779308e-01
5.980812873947846109e-01 6.833878608909107477e-01 7.568392661735561244e-01
6.027078619835837259e-01 6.865895394480063807e-01 7.584979301266125962e-01
6.073360140223280634e-01 6.897968903082268843e-01 7.601818758572513879e-01
6.119692890700285659e-01 6.930094418296266490e-01 7.618860336287756052e-01
6.166088615646726501e-01 6.962271102238035692e-01 7.636087863933942455e-01
6.212489484038462573e-01 6.994510563959849270e-01 7.653583385831391750e-01
6.258975612392134735e-01 7.026799731964080697e-01 7.671234203080917746e-01
6.305468648018445199e-01 7.059154126486160141e-01 7.689150616743114508e-01
6.352026403420947265e-01 7.091564467741564570e-01 7.707251988908130347e-01
6.398630640647872125e-01 7.124035371920079962e-01 7.725564188305538149e-01
6.445261411282963149e-01 7.156571947386060062e-01 7.744114947798417248e-01
6.491975747005817032e-01 7.189164537493714091e-01 7.762826250150501872e-01
6.538681025056667373e-01 7.221832354549082567e-01 7.781825173553070796e-01
6.585481853950643227e-01 7.254556283529124405e-01 7.800969331428301290e-01
6.632285680339348177e-01 7.287355844367378044e-01 7.820384756755239808e-01
6.679165271667745207e-01 7.320217846837140385e-01 7.839973351169864380e-01
6.726075868395240409e-01 7.353152544471454055e-01 7.859795791802175469e-01
6.773036022545313450e-01 7.386157474462472505e-01 7.879827489802483376e-01
6.820052141631540721e-01 7.419232556596727646e-01 7.900060387869338729e-01
6.867094765687595803e-01 7.452385217659543981e-01 7.920533835680791945e-01
6.914215114964767928e-01 7.485605958998674536e-01 7.941180684168880344e-01
6.961342218323529618e-01 7.518911106309885684e-01 7.962094522033075217e-01
7.008565462572827753e-01 7.552282809891666115e-01 7.983158869937017066e-01
7.055779149425251973e-01 7.585745153189795698e-01 8.004511750025311567e-01
7.103103909438149843e-01 7.619273152155895401e-01 8.025997209682201872e-01
7.150406367764478022e-01 7.652897359651037457e-01 8.047787817393609044e-01
7.197824715086461600e-01 7.686588476298175099e-01 8.069706376503242851e-01
7.245224703610360084e-01 7.720377723014735238e-01 8.091925153394393666e-01
7.292737122905806890e-01 7.754236958100493293e-01 8.114277952570363439e-01
7.340234983076899811e-01 7.788196246033842751e-01 8.136926361029142019e-01
7.387843787507241133e-01 7.822228180044172863e-01 8.159712337119976455e-01
7.435437993862819006e-01 7.856362948855487582e-01 8.182794267782121933e-01
7.483145499069900897e-01 7.890572147281615933e-01 8.206012507554690805e-01
7.530834440763416460e-01 7.924887884019257145e-01 8.229531986494103002e-01
7.578642930144169343e-01 7.959278908533997665e-01 8.253181770740621870e-01
7.626424888831784266e-01 7.993781155173288466e-01 8.277142988524469613e-01
7.674326472838541857e-01 8.028361013743968710e-01 8.301236199452081133e-01
7.722209691365169437e-01 8.063052940394883628e-01 8.325631192093286836e-01
7.770201169921929774e-01 8.097827587126783522e-01 8.350173868160056800e-01
7.818188898898235095e-01 8.132713521293369885e-01 8.375001069739987924e-01
7.866268079204101760e-01 8.167688707792060132e-01 8.399998034842240946e-01
7.914362143953592721e-01 8.202773319493523729e-01 8.425257780338871738e-01
7.962526577224926516e-01 8.237954899826589461e-01 8.450714197104455261e-01
8.010728494200763938e-01 8.273242942714856829e-01 8.476407333316064996e-01
8.058975400604767581e-01 8.308636896680049455e-01 8.502328786783700521e-01
8.107286263529285275e-01 8.344133243587671389e-01 8.528456796015947416e-01
8.155612432730792172e-01 8.379745707261634369e-01 8.554849402608346587e-01
8.204032765707505170e-01 8.415455395768578484e-01 8.581414560241633627e-01
8.252434423403720576e-01 8.451292702192032547e-01 8.608285112110016790e-01
8.300943262446933701e-01 8.487226399883790462e-01 8.635314749977562876e-01
8.349436613376960414e-01 8.523289728516348918e-01 8.662646852202364744e-01
8.398013116761071650e-01 8.559458275425103624e-01 8.690167691034668129e-01
8.446612219773127483e-01 8.595749265862129285e-01 8.717947974618699414e-01
8.495250172580272041e-01 8.632159805505662531e-01 8.745969573526127805e-01
8.543951710715513848e-01 8.668684645126363275e-01 8.774205011510299856e-01
8.592643289461443512e-01 8.705344831432970665e-01 8.802738714042329660e-01
8.641426389419391008e-01 8.742114513939388543e-01 8.831456137011112206e-01
8.690176851468791597e-01 8.779028561375484818e-01 8.860498428590671827e-01
8.738996265663075969e-01 8.816060923401906058e-01 8.889751567926380549e-01
8.787828764121692338e-01 8.853228165204231059e-01 8.919279139410931645e-01
8.836668692791285196e-01 8.890533315313460250e-01 8.949087947165362822e-01
8.885567137862343534e-01 8.927963754158655396e-01 8.979121864631052219e-01
8.934405271758647515e-01 8.965553756241932959e-01 9.009513242618343298e-01
8.983294888902260134e-01 9.003273904429629493e-01 9.040138865274756075e-01
9.032147228165007258e-01 9.041150357965483941e-01 9.071097170506551288e-01
9.080976343159343767e-01 9.079180801020341196e-01 9.102372978102075685e-01
9.129797789478231174e-01 9.117362421526939986e-01 9.133949803639673792e-01
9.178492086160849883e-01 9.155730540366302517e-01 9.165957802872121141e-01
9.227126890738013287e-01 9.194267813647194476e-01 9.198323408616161379e-01
9.275571453442442715e-01 9.233013135482119882e-01 9.231187693357882917e-01
9.323714692414222238e-01 9.272000242907824097e-01 9.264668973222063286e-01
9.371056879800383488e-01 9.311374664481240071e-01 9.299299434361741890e-01
