9.733177576079353743e-01 9.328856543257026956e-01 7.527270846455986764e-01
9.723405832657908698e-01 9.275516143137437775e-01 7.474108655542877067e-01
9.713567244744397700e-01 9.222288667798483885e-01 7.421211056394274586e-01
9.703950573295697657e-01 9.169061036819742272e-01 7.368452024737989214e-01
9.694312274313682254e-01 9.115924070376120181e-01 7.315944415197985773e-01
9.684830085489534168e-01 9.062806246062397042e-01 7.263611878485766171e-01
9.675363303680967197e-01 9.009759739253137001e-01 7.211519633584630995e-01
9.665994546627577622e-01 8.956749544492861315e-01 7.159633245249148459e-01
9.656670220166175822e-01 8.903794275159958582e-01 7.107978099060141552e-01
9.647394090505004849e-01 8.850890029785571933e-01 7.056553824474305348e-01
9.638183547766775439e-01 8.798027323880267536e-01 7.005353889099028564e-01
9.628980061573743088e-01 8.745227580046481819e-01 6.954404164069688532e-01
9.619855565385274643e-01 8.692459058771077052e-01 6.903674107601612819e-01
9.610705989956759288e-01 8.639762370356007803e-01 6.853208131181781626e-01
9.601641139378268575e-01 8.587089732824902955e-01 6.802959482647394918e-01
9.592528282682409868e-01 8.534494465164532695e-01 6.752983610148722837e-01
9.583498276634646595e-01 8.481919311993962873e-01 6.703225156252305972e-01
9.574406646181069513e-01 8.429423494553671681e-01 6.653743357862486052e-01
9.565388421487802662e-01 8.376947194137719377e-01 6.604481596746762939e-01
9.556304269483081315e-01 8.324548415562356141e-01 6.555495949617541340e-01
9.547276531383860343e-01 8.272172011763154753e-01 6.506735569983800316e-01
9.538187806483330311e-01 8.219867354320448127e-01 6.458246756142984601e-01
9.529130972490921225e-01 8.167591512044979352e-01 6.409991115001560935e-01
9.520027199536723606e-01 8.115377520841812187e-01 6.361998903033923014e-01
9.510923278069892683e-01 8.063202504518753866e-01 6.314250481166915341e-01
9.501795386428145695e-01 8.011075185976592739e-01 6.266754175500611757e-01
9.492627810485095852e-01 7.959000865211821596e-01 6.219514995648655065e-01
9.483467929534080687e-01 7.906955709019024559e-01 6.172513842862800137e-01
9.474221363361093884e-01 7.854981585565682378e-01 6.125785841136762722e-01
9.465022600874141157e-01 7.803013604532091918e-01 6.079279387570226678e-01
9.455682734649745180e-01 7.751138855007621009e-01 6.033064733287981651e-01
9.446438950714798333e-01 7.699242637776633202e-01 5.987053132170927494e-01
9.437021232684028593e-01 7.647452150321806252e-01 5.941343950054353007e-01
9.427697881197977248e-01 7.595635939432100470e-01 5.895838764360571416e-01
9.418231426427847719e-01 7.543907262364158983e-01 5.850623823726738282e-01
9.408781240659058742e-01 7.492186131825762097e-01 5.805641765065236992e-01
9.399260858452611611e-01 7.440513000216633088e-01 5.760923812840806901e-01
9.389671449200299724e-01 7.388885460460755672e-01 5.716469747635071208e-01
9.380091979390881018e-01 7.337261417443671219e-01 5.672252852955399494e-01
9.370351161849499455e-01 7.285725926122194052e-01 5.628332717942414742e-01
9.360707310910282297e-01 7.234144391110279848e-01 5.584622390332304454e-01
9.350900539306243875e-01 7.182648418958054171e-01 5.541210931034198373e-01
9.341089169103354850e-01 7.131153749439070877e-01 5.498046544692629656e-01
9.331214115991703917e-01 7.079688813340905273e-01 5.455150483795865313e-01
9.321219428441289701e-01 7.028281393697298762e-01 5.412542218187532672e-01
9.311269841126940117e-01 6.976840827318118166e-01 5.370171079778105483e-01
9.301163534017322654e-01 6.925473424063764982e-01 5.328103089509536039e-01
9.291048383110702691e-01 6.874096651744245889e-01 5.286294134250340004e-01
9.280861639308527478e-01 6.822742125941391178e-01 5.244766309853942099e-01
9.270529526798637621e-01 6.771448831738335894e-01 5.203543959527616725e-01
9.260254460644472552e-01 6.720100823292912695e-01 5.162570127830879985e-01
9.249826908289834337e-01 6.668813306035882293e-01 5.121909438178390284e-01
9.239320024380737184e-01 6.617542760705494853e-01 5.081543450993414313e-01
9.228795338743386312e-01 6.566250828559175856e-01 5.041458741123596710e-01
9.218120566721323961e-01 6.515011627823628082e-01 5.001695270646961955e-01
9.207403427281258823e-01 6.463759745960723224e-01 4.962227525089396019e-01
9.196620616407834570e-01 6.412505761236995117e-01 4.923066194303155618e-01
9.185689040647887493e-01 6.361296845053112659e-01 4.884236424896412632e-01
9.174723719099163732e-01 6.310061070785550896e-01 4.845713741505557892e-01
9.163670892062334428e-01 6.258827777734337072e-01 4.807516478915841440e-01
9.152469391988419245e-01 6.207632108551645045e-01 4.769663385688783230e-01
9.141215462376561796e-01 6.156411647192588932e-01 4.732137310313139777e-01
9.129877012559368676e-01 6.105183007133521134e-01 4.694951298180208288e-01
9.118388608421911234e-01 6.053984898056339325e-01 4.658124399042580799e-01
9.106803156014628975e-01 6.002780938040696013e-01 4.621650910436148618e-01
9.095159468002375069e-01 5.951542498739108566e-01 4.585529829957047387e-01
9.083363035114183637e-01 5.900327997666112712e-01 4.549785171820909802e-01
9.071414656154006551e-01 5.849134612737899586e-01 4.514422012911203930e-01
9.059427921004516993e-01 5.797883219862881576e-01 4.479428265532984788e-01
9.047297942000730453e-01 5.746640525628226026e-01 4.444828322342295190e-01
9.035011005338396961e-01 5.695413213691056242e-01 4.410630402655310589e-01
9.022580871386735035e-01 5.644189111302710948e-01 4.376839059210060334e-01
9.010087232190175932e-01 5.592909023620362685e-01 4.343452510861408600e-01
8.997429814323647523e-01 5.541639506847846341e-01 4.310490825013570393e-01
8.984607974742011560e-01 5.490378271195358595e-01 4.277961071488185496e-01
8.971620842882965796e-01 5.439123107774740395e-01 4.245870623692610812e-01
8.958548644864100519e-01 5.387811895497982562e-01 4.214222414085112001e-01
8.945310118859283177e-01 5.336500173214769882e-01 4.183031424237338425e-01
8.931896114477827497e-01 5.285191652390022199e-01 4.152306360045135425e-01
8.918304753145354091e-01 5.233884679561882081e-01 4.122055672080859878e-01
8.904534663950117723e-01 5.182577143004999387e-01 4.092288095232418099e-01
8.890648076210750927e-01 5.131217079790696411e-01 4.063013899501993209e-01
8.876571104022250580e-01 5.079857796176934226e-01 4.034243190656054967e-01
8.862300777204165092e-01 5.028498388683533271e-01 4.005985333984808938e-01
8.847833823902153672e-01 4.977138159695252972e-01 3.978249926280731930e-01
8.833166662481449771e-01 4.925776635059722630e-01 3.951046779897526839e-01
8.818295394361356232e-01 4.874413582085037056e-01 3.924385904087097088e-01
8.803244232646539880e-01 4.823025045791733967e-01 3.898281306480159136e-01
8.787988590310615855e-01 4.771627508136767060e-01 3.872742074374403431e-01
8.772510437184461995e-01 4.720232645736305854e-01 3.847776964697409707e-01
8.756804721634351418e-01 4.668841366430512285e-01 3.823396327664259076e-01
8.740866072286457289e-01 4.617454898900897331e-01 3.799610568694257728e-01
8.724688799352717794e-01 4.566074810141432239e-01 3.776430112174883336e-01
8.708266897866197009e-01 4.514703022451079240e-01 3.753865361944607737e-01
8.691594052965201378e-01 4.463341829770045011e-01 3.731926658513368134e-01
8.674663647355311813e-01 4.411993913172204129e-01 3.710624233081081802e-01
8.657468771065119917e-01 4.360662355317861394e-01 3.689968158460196213e-01
8.640002233594776815e-01 4.309350653665058317e-01 3.669968297057061846e-01
8.622256578536976468e-01 4.258062732233783287e-01 3.650634246118548143e-01
8.604224100726791669e-01 4.206802951716808181e-01 3.631975280504133874e-01
8.585896865951376800e-01 4.155576117732593389e-01 3.614000293298502697e-01
8.567266733221288177e-01 4.104387487021965431e-01 3.596717734634850006e-01
8.548325379574236438e-01 4.053242771398868904e-01 3.580135549153021790e-01
8.529064327348262475e-01 4.002148139279229078e-01 3.564261112568581913e-01
8.509474973826477440e-01 3.951110214628519302e-01 3.549101167876979046e-01
8.489548623118750026e-01 3.900136073190193509e-01 3.534661761760284349e-01
8.469276520109205730e-01 3.849233235881832638e-01 3.520948181800730437e-01
8.448649886261665465e-01 3.798409659274811778e-01 3.507964895134445538e-01
8.427659957039503880e-01 3.747673723105553467e-01 3.495715489198795711e-01
8.406298020662990034e-01 3.697034214801651064e-01 3.484202615236768330e-01
8.384555457895555008e-01 3.646500311044368337e-01 3.473427935220627649e-01
8.362423782523557003e-01 3.596081556428443182e-01 3.463392072844309055e-01
8.339894682170262419e-01 3.545787839321751789e-01 3.454094569208957521e-01
8.316960059066745847e-01 3.495629365068677608e-01 3.445533843788659012e-01
8.293624129797353417e-01 3.445600923411524796e-01 3.437722687554258250e-01
8.269868795225970848e-01 3.395726297415709860e-01 3.430645696113810983e-01
8.245684347955386517e-01 3.346019665823231626e-01 3.424294703549530250e-01
8.221063853967572888e-01 3.296492339547777983e-01 3.418663203670248008e-01
8.196000801779446121e-01 3.247155767537863169e-01 3.413743458921713603e-01
8.170489134515267482e-01 3.198021498227966442e-01 3.409526504331593655e-01
8.144533385178343021e-01 3.149086086189816780e-01 3.406021033498652373e-01
8.118119676831061504e-01 3.100373484445198558e-01 3.403201831591482485e-01
8.091240731082018911e-01 3.051899387719970158e-01 3.401051317431618148e-01
8.063892588162281383e-01 3.003675417579941276e-01 3.399555601645988800e-01
8.036072829189233602e-01 2.955711498925349678e-01 3.398702022732025818e-01
8.007786165474118922e-01 2.908006091718616237e-01 3.398494419401023592e-01
7.979020457263421573e-01 2.860586518333285699e-01 3.398892923897636753e-01
7.949774187718205987e-01 2.813463763467582424e-01 3.399879412519569155e-01
7.920046605629871284e-01 2.766648262812618220e-01 3.401435416795162703e-01
7.889843757876560115e-01 2.720138119658155884e-01 3.403563116627325580e-01
7.859158088635475048e-01 2.673957823994334571e-01 3.406218350308844456e-01
7.827990550706954709e-01 2.628117178479381089e-01 3.409379867308207079e-01
7.796344154886076794e-01 2.582622380953236707e-01 3.413032388980004606e-01
7.764221980496998077e-01 2.537479754307940816e-01 3.417160277028071236e-01
7.731623041835745669e-01 2.492705642348391759e-01 3.421726100597836107e-01
7.698550494671234645e-01 2.448308386745967069e-01 3.426706765866616156e-01
7.665010214699277125e-01 2.404289929608737775e-01 3.432093232326864918e-01
7.631003672433798179e-01 2.360664028682220028e-01 3.437848831604903288e-01
7.596534910427829024e-01 2.317439137518620962e-01 3.443947093056757280e-01
7.561609626088525715e-01 2.274619476618784941e-01 3.450371575985889394e-01
7.526232526468533690e-01 2.232212701145986911e-01 3.457096652841321061e-01
7.490408329205363591e-01 2.190227706663540053e-01 3.464091734125974154e-01
7.454143113944661225e-01 2.148669376091991712e-01 3.471336712882257536e-01
7.417442976845087799e-01 2.107542705856328413e-01 3.478811283541154986e-01
7.380313601019536929e-01 2.066855759865837139e-01 3.486484378869386669e-01
7.342761512936772927e-01 2.026613418736118444e-01 3.494334546512227191e-01
7.304793338847050954e-01 1.986819777271952581e-01 3.502343652360995763e-01
7.266415547436939626e-01 1.947481787866670588e-01 3.510482162990847810e-01
7.227634965916592824e-01 1.908604203668367583e-01 3.518728608444927075e-01
7.188458363010064023e-01 1.870191071875804689e-01 3.527065527931956823e-01
7.148892657232907011e-01 1.832248472669460171e-01 3.535465811518098134e-01
7.108944775297352248e-01 1.794781179993203690e-01 3.543908650656946713e-01
7.068621443242762981e-01 1.757793617471212766e-01 3.552376703838757144e-01
7.027929700685446868e-01 1.721291446786222257e-01 3.560845479130130276e-01
6.986876391440339784e-01 1.685279723561519394e-01 3.569295113487073179e-01
6.945468095373774631e-01 1.649763492963016442e-01 3.577708290242150868e-01
6.903711718840765954e-01 1.614748487687615308e-01 3.586062954826231830e-01
6.861613886325700351e-01 1.580240324762598458e-01 3.594340259719087105e-01
6.819180969578448881e-01 1.546244845987903571e-01 3.602522958587208723e-01
6.776419573110223915e-01 1.512768283265263358e-01 3.610591122687019094e-01
6.733336020167596248e-01 1.479817059481391972e-01 3.618526851927367782e-01
6.689936438535970531e-01 1.447397936147997999e-01 3.626313076343193886e-01
6.646227044460613076e-01 1.415517967218847539e-01 3.633931612225170249e-01
6.602213824881101312e-01 1.384184546301466257e-01 3.641365408656332403e-01
6.557902659826945202e-01 1.353405409713289986e-01 3.648597626166720787e-01
6.513299350956152090e-01 1.323188615562490289e-01 3.655611502055272077e-01
6.468409552112032168e-01 1.293542580421698784e-01 3.662390738505374443e-01
6.423238933951372909e-01 1.264475950291975570e-01 3.668918693509921614e-01
6.377792891992087876e-01 1.235997810563300714e-01 3.675179819516683488e-01
6.332076782465638765e-01 1.208117500570091152e-01 3.681158489389781963e-01
6.286096148175046583e-01 1.180844327440301600e-01 3.686838174851679861e-01
6.239856006400970045e-01 1.154188246971364906e-01 3.692204446154679909e-01
6.193361475002071570e-01 1.128159226186858655e-01 3.697242301913119533e-01
6.146618090835085368e-01 1.102766739920153782e-01 3.701935230463833104e-01
6.099630530378465920e-01 1.078021250409552656e-01 3.706269913687336715e-01
6.052403746677575969e-01 1.053932826421642988e-01 3.710231987286032873e-01
6.004943424449733502e-01 1.030510326942865873e-01 3.713804888225360479e-01
5.957253945236290482e-01 1.007764119830409921e-01 3.716976460205112520e-01
5.909340172957318060e-01 9.857036052853285213e-02 3.719733062916655286e-01
5.861208108235820280e-01 9.643359491262282202e-02 3.722058093639981080e-01
5.812861905391777384e-01 9.436705563163566568e-02 3.723940604523836018e-01
5.764306399030701966e-01 9.237151785187652786e-02 3.725367865392448796e-01
5.715548056380056474e-01 9.044739909123361565e-02 3.726323384834588359e-01
5.666590930378669899e-01 8.859542632054290268e-02 3.726797376015907326e-01
5.617439842210080192e-01 8.681610233781295038e-02 3.726778334757001043e-01
5.568101807858315544e-01 8.510941280799705355e-02 3.726250238190092490e-01
5.518581032753232529e-01 8.347571771440201460e-02 3.725204197043673338e-01
5.468882253384912406e-01 8.191515267533999722e-02 3.723630416294832490e-01
5.419012971604720841e-01 8.042716896290902362e-02 3.721513973219812144e-01
5.368978042690426555e-01 7.901155822796021577e-02 3.718846250562458655e-01
5.318781896112797503e-01 7.766804069405447430e-02 3.715619854541958311e-01
5.268432205842805693e-01 7.639550804161546194e-02 3.711821926409626382e-01
5.217935389089797260e-01 7.519291152659546285e-02 3.707442982195955916e-01
5.167295105985741932e-01 7.405959744677825807e-02 3.702478968423471573e-01
5.116518502677628311e-01 7.299400559133570332e-02 3.696920417410115012e-01
5.065615116540912455e-01 7.199386460091639073e-02 3.690755202618469233e-01
5.014587020579761578e-01 7.105832401006581533e-02 3.683983818769025476e-01
4.963440442239394623e-01 7.018547857073278995e-02 3.676600644840318233e-01
4.912187966099290093e-01 6.937184727071818435e-02 3.668592102832066160e-01
4.860831328975621646e-01 6.861617260588775968e-02 3.659961043202852315e-01
4.809376172948841011e-01 6.791620304289153198e-02 3.650705131392214531e-01
4.757832428743957176e-01 6.726859156124179173e-02 3.640817408666488508e-01
4.706208980566273792e-01 6.667009531076320550e-02 3.630293575457789745e-01
4.654507667278698357e-01 6.611895541171824986e-02 3.619138421065666855e-01
4.602735228066968109e-01 6.561222395950086494e-02 3.607351286694706616e-01
4.550905907761809144e-01 6.514517661083338296e-02 3.594924516019172844e-01
4.499022201332764648e-01 6.471569015836367567e-02 3.581864111949306095e-01
4.447088473137364439e-01 6.432117729065017775e-02 3.568174244846011312e-01
4.395111527472746471e-01 6.395846854471790022e-02 3.553857151914133761e-01
4.343107809574969780e-01 6.362220529729248342e-02 3.538907410853148749e-01
4.291076649310668900e-01 6.331089926263297474e-02 3.523335887039963921e-01
4.239023163809501615e-01 6.302176080371990619e-02 3.507148317529434345e-01
4.186954007379320442e-01 6.275167467789938280e-02 3.490349629572004897e-01
4.134883325887065975e-01 6.249589285053045590e-02 3.472939968206057992e-01
4.082815015588808771e-01 6.225200749290939889e-02 3.454928022604776827e-01
4.030750995312605278e-01 6.201808618697702419e-02 3.436323847945878529e-01
3.978697547704324045e-01 6.179127663773597429e-02 3.417134672299116382e-01
3.926660842051711842e-01 6.156881094181449604e-02 3.397368213243258661e-01
3.874657945254326163e-01 6.134563076121408304e-02 3.377026639344502534e-01
3.822685375443614642e-01 6.112121734966862591e-02 3.356124405529505306e-01
3.770747447993348378e-01 6.089340621934816872e-02 3.334671328903574539e-01
3.718849720370700496e-01 6.065983078247926680e-02 3.312676773897601512e-01
3.666997586216468319e-01 6.041822779220893530e-02 3.290150424544859287e-01
3.615200068064498007e-01 6.016564588352805304e-02 3.267100737707253622e-01
3.563466301021476768e-01 5.989920179713823650e-02 3.243536725668773046e-01
3.511793186034432579e-01 5.961861476472168214e-02 3.219472185981157586e-01
3.460185338290380219e-01 5.932204468988590967e-02 3.194917730291689240e-01
3.408647177566414554e-01 5.900775018773986996e-02 3.169884118850855304e-01
3.357182924097648624e-01 5.867408594723953069e-02 3.144382229349435010e-01
3.305796595129760207e-01 5.831949966185859952e-02 3.118423026732091707e-01
3.254493336326076958e-01 5.794226573195104119e-02 3.092017236133656199e-01
3.203283352697730568e-01 5.753972383844131039e-02 3.065174672804378830e-01
3.152161764400232546e-01 5.711222055120793867e-02 3.037908391131453056e-01
3.101131719741297976e-01 5.665854313312402440e-02 3.010229393798624087e-01
3.050196159121189021e-01 5.617755123036203418e-02 2.982148636477533477e-01
2.999357815415847894e-01 5.566817234814138565e-02 2.953677005853153625e-01
2.948619214847367220e-01 5.512939721629398632e-02 2.924825299132350898e-01
2.897982678305121573e-01 5.456027506654988896e-02 2.895604205053298741e-01
2.847450323079841472e-01 5.395990883813153033e-02 2.866024286402950039e-01
2.797024064972054580e-01 5.332745032311841243e-02 2.836095964040706852e-01
2.746705620736466513e-01 5.266209525790393337e-02 2.805829502418578647e-01
2.696496510824126780e-01 5.196307836200899505e-02 2.775234996581368296e-01
2.646398062385189598e-01 5.122966832037210289e-02 2.744322360625177648e-01
2.596411412496629767e-01 5.046116269993199815e-02 2.713101317588494377e-01
2.546538777015540655e-01 4.965665959458239603e-02 2.681581436183293476e-01
2.496780702583611955e-01 4.881554207329483891e-02 2.649772076776692464e-01
2.447136222063244770e-01 4.793743702220677055e-02 2.617682284442008345e-01
2.397605752124176148e-01 4.702170195158044547e-02 2.585320920786704502e-01
2.348189540096448091e-01 4.606769586155121804e-02 2.552696628219238706e-01
2.298887667822299141e-01 4.507477326511106358e-02 2.519817827933838461e-01
2.249700055564960444e-01 4.404227788985572850e-02 2.486692719143010488e-01
2.200626465974203638e-01 4.296953598182950279e-02 2.453329279559258169e-01
2.151666508116918397e-01 4.185584911872105435e-02 2.419735267140235013e-01
2.102819641590732425e-01 4.070048642005835021e-02 2.385918223127049820e-01
2.054085180750506168e-01 3.949321288102723704e-02 2.351885476424629973e-01
2.005462299091415601e-01 3.825986473629810342e-02 2.317644149396171915e-01
