1.184171045474746720e-01 1.526683535184952464e-02 4.325840724747143651e-01
1.206792079482166824e-01 1.695194744028596587e-02 4.401956363935362049e-01
1.229256096065695358e-01 1.870061118096080083e-02 4.477881188024369075e-01
1.251661081463666392e-01 2.042989713029236612e-02 4.554425472098237448e-01
1.274017820880169738e-01 2.212365590907770449e-02 4.631712088631514956e-01
1.296208396043410371e-01 2.388412878523817409e-02 4.708761963011017238e-01
1.318442777641450903e-01 2.551151638374735825e-02 4.787404307276346693e-01
1.340501935357458485e-01 2.720668420505445093e-02 4.865771894227086114e-01
1.362516102902604220e-01 2.883854353387388381e-02 4.945030806285404812e-01
1.384427768017837956e-01 3.045803513800889040e-02 5.024703102107828112e-01
1.406220468562540959e-01 3.207813775556632441e-02 5.104664469467178334e-01
1.427966978432669010e-01 3.361241895569352933e-02 5.185622175914853527e-01
1.449534976729832669e-01 3.520310686794318050e-02 5.266375658062099063e-01
1.471096422597190922e-01 3.664386995790049756e-02 5.348591526644932426e-01
1.492449045603890523e-01 3.816736133980250939e-02 5.430376987847037595e-01
1.513787446517252944e-01 3.952681634116831516e-02 5.513666360299177560e-01
1.534918563194584695e-01 4.094643400262740901e-02 5.596614508337007798e-01
1.556004397502478986e-01 4.218473152022065437e-02 5.680891072668180497e-01
1.576885533413260876e-01 4.345214721344706904e-02 5.764946578786028786e-01
1.597702862261295431e-01 4.455541250712708595e-02 5.850294924687262643e-01
1.618300529512343156e-01 4.569488920293137552e-02 5.935387564535264948e-01
1.638827557884950104e-01 4.665774531332140401e-02 6.021886841814848568e-01
1.659106027453814136e-01 4.767989023199930426e-02 6.107971050049029182e-01
1.679309792227826337e-01 4.850252140738701284e-02 6.195649163612457766e-01
1.699259239946479261e-01 4.936978136785580978e-02 6.283044413672183026e-01
1.719064399516700148e-01 5.010384501408019636e-02 6.371530152395395996e-01
1.738641277443335187e-01 5.081206799793395318e-02 6.460290834520497905e-01
1.757986046219456311e-01 5.148156293050066418e-02 6.549435054870860196e-01
1.777133737617218323e-01 5.202942717469993122e-02 6.639592745316292843e-01
1.795978335115183677e-01 5.260516408837995900e-02 6.729653601692034970e-01
1.814590307226497112e-01 5.305517938563516361e-02 6.820770980722490329e-01
1.832897581132563736e-01 5.346758639908625460e-02 6.912300692633757127e-01
1.850850712335296855e-01 5.389684711647522303e-02 7.003865064726395584e-01
1.868494257051463159e-01 5.420099850777348321e-02 7.096509235760546375e-01
1.885747809980965473e-01 5.448009737378641665e-02 7.189526719074296190e-01
1.902563429039649534e-01 5.477217540157416215e-02 7.282676364816815795e-01
1.918917148343963763e-01 5.504984292467599710e-02 7.376186051527454657e-01
1.934791216050934792e-01 5.523592642891127918e-02 7.470625751328838771e-01
1.950092657410746333e-01 5.544766555398112501e-02 7.565220366985313527e-01
1.964765230636311699e-01 5.569024445928975192e-02 7.659990421915743308e-01
1.978742109899781498e-01 5.597203492165079425e-02 7.754943139192300716e-01
1.991943788868897891e-01 5.630562675646563070e-02 7.850067829227085348e-01
2.004275605704210483e-01 5.670906144989438374e-02 7.945330210030708828e-01
2.015624843879346151e-01 5.720726620948022451e-02 8.040665487183908944e-01
2.025857373635137071e-01 5.783365097003505956e-02 8.135970030756469740e-01
2.034813821711604631e-01 5.863177312879366138e-02 8.231091523960051282e-01
2.042305298885335185e-01 5.965688841561824635e-02 8.325817539252344801e-01
2.048108784615206845e-01 6.097709189923592593e-02 8.419862643093537491e-01
2.051962376628927998e-01 6.267362534217868486e-02 8.512854366600343115e-01
2.053560772315541350e-01 6.483982409551131143e-02 8.604318734133500346e-01
2.052459697158615093e-01 6.751230651300318963e-02 8.694194169211846290e-01
2.048220466356283631e-01 7.083683416432873248e-02 8.781548094213618150e-01
2.040278135735147935e-01 7.492401251434471776e-02 8.865591676373156815e-01
2.028015675143377550e-01 7.990080987920336608e-02 8.945188352448593117e-01
2.010581789536889374e-01 8.585483922161535331e-02 9.019318282599293468e-01
1.987362359214199792e-01 9.290597830386743139e-02 9.086084534989210537e-01
1.957742725144395179e-01 1.010876277944414148e-01 9.143781447647730820e-01
1.921441188926867605e-01 1.103521201696729959e-01 9.190750446988984468e-01
1.878662882780125498e-01 1.205451376531934127e-01 9.225820394905164257e-01
1.830184811728703953e-01 1.314159172450947433e-01 9.248666410847632413e-01
1.777206621575112000e-01 1.426659833592995585e-01 9.259939878322414053e-01
1.720999573907560365e-01 1.540183951559782327e-01 9.261018403506496854e-01
1.662745976071683951e-01 1.652559388531382456e-01 9.253603553301292806e-01
1.603425103006931862e-01 1.762315605902502746e-01 9.239396158105700474e-01
1.543789092713431510e-01 1.868594516345233325e-01 9.219905412256925725e-01
1.484392904612238384e-01 1.970989730153829833e-01 9.196378996375542680e-01
1.425643756102370485e-01 2.069391735632383211e-01 9.169807645544476582e-01
1.367849434562999622e-01 2.163868859728247385e-01 9.140962569134459814e-01
1.311257296984884024e-01 2.254586303807439296e-01 9.110440432899464813e-01
1.256086562144079211e-01 2.341753118030491243e-01 9.078707114722016636e-01
1.202729120481024483e-01 2.425493236692947141e-01 9.046274189328779025e-01
1.151194270229807526e-01 2.506148249857426125e-01 9.013280257251915506e-01
1.101743412136888811e-01 2.583909249337121850e-01 8.979993248815829610e-01
1.054699129400252233e-01 2.658934291057078458e-01 8.946679882335365486e-01
1.010120073407004548e-01 2.731503942550675967e-01 8.913341104586295360e-01
9.684739279453219440e-02 2.801692338785490843e-01 8.880280068991498466e-01
9.297879045920706687e-02 2.869771653291958158e-01 8.847392955168079665e-01
8.945391105892372408e-02 2.935798208052282088e-01 8.814937537842206794e-01
8.628096535104604059e-02 2.999992592469437058e-01 8.782807564461386773e-01
8.350123571371803610e-02 3.062417481803851316e-01 8.751184299120287058e-01
8.112902775166794256e-02 3.123233994369195021e-01 8.720005986543710730e-01
7.919168179508068173e-02 3.182527573105213281e-01 8.689346882830586427e-01
7.770807745794638954e-02 3.240394777313846952e-01 8.659231516403564921e-01
7.668746937642248462e-02 3.296944296541879926e-01 8.629626042002797037e-01
7.614566266198188882e-02 3.352225495899214813e-01 8.600626637030214239e-01
7.607787746794944517e-02 3.406341468572134934e-01 8.572167726154378276e-01
7.648041800443239335e-02 3.459357018716172627e-01 8.544264311542515422e-01
7.734525251706114712e-02 3.511320679642527809e-01 8.516963491022030430e-01
7.865155048412769689e-02 3.562309460203693101e-01 8.490211787556319889e-01
8.037858410688519806e-02 3.612372784062815034e-01 8.464021399288993441e-01
8.250226481279779311e-02 3.661552288457495807e-01 8.438417664105245519e-01
8.499261956292858411e-02 3.709906053771254708e-01 8.413358751697372906e-01
8.782078349976663034e-02 3.757475432631298684e-01 8.388844541668963872e-01
9.095822426264388305e-02 3.804292060268896214e-01 8.364899499301210462e-01
9.437481787635146335e-02 3.850402322412806444e-01 8.341484363165131422e-01
9.804302334762610149e-02 3.895840073324871589e-01 8.318594234069073279e-01
1.019371409599833245e-01 3.940632587619045668e-01 8.296241388622882518e-01
1.060327432768009559e-01 3.984813558908681941e-01 8.274404258226271125e-01
1.103077813183104827e-01 4.028412055525811830e-01 8.253070612825683661e-01
1.147423709453935514e-01 4.071452611340157235e-01 8.232239664900801168e-01
1.193185550055078648e-01 4.113958673823342460e-01 8.211908741990164851e-01
1.240203603411219047e-01 4.155955701816562153e-01 8.192058705211731073e-01
1.288336365258013760e-01 4.197464943026807394e-01 8.172682683056714525e-01
1.337457107679768387e-01 4.238504379666188093e-01 8.153784016702221304e-01
1.387455844145699668e-01 4.279094645814353060e-01 8.135347092522615675e-01
1.438235621084064386e-01 4.319253930149960508e-01 8.117362518776918279e-01
1.489710442486026354e-01 4.358998541013562877e-01 8.099825569853857932e-01
1.541803055517337318e-01 4.398342964293269208e-01 8.082737172571973217e-01
1.594449263677037987e-01 4.437303735371183055e-01 8.066081596515164431e-01
1.647590873485746954e-01 4.475894848077445753e-01 8.049852907160943705e-01
1.701175037861347161e-01 4.514128810611474640e-01 8.034050328679769315e-01
1.755155693472404688e-01 4.552018051341867877e-01 8.018669951368047055e-01
1.809494689008214752e-01 4.589575471808690632e-01 8.003700436327682022e-01
1.864156567519237861e-01 4.626812427174013531e-01 7.989136868653183843e-01
1.919106612441165427e-01 4.663738704801247414e-01 7.974982672050556776e-01
1.974317255340971022e-01 4.700365058402938279e-01 7.961231119895127994e-01
2.029765028547469985e-01 4.736702010265809171e-01 7.947873439844258536e-01
2.085427198543925442e-01 4.772759040481427406e-01 7.934905860528751464e-01
2.141278278385599920e-01 4.808544105597005180e-01 7.922335665338950950e-01
2.197301177469347389e-01 4.844066583137786597e-01 7.910155243799255054e-01
2.253480935681391184e-01 4.879335497792021692e-01 7.898356701285016435e-01
2.309801765171877186e-01 4.914359035915483731e-01 7.886937374904000597e-01
2.366243633362701826e-01 4.949144211524104109e-01 7.875905520694963524e-01
2.422792846332480488e-01 4.983698928730620481e-01 7.865258420635587999e-01
2.479440861776695537e-01 5.018031473474461324e-01 7.854985614291500884e-01
2.536175660597410064e-01 5.052149167011038555e-01 7.845085378520759711e-01
2.592984109683355021e-01 5.086058948509493138e-01 7.835559384147682271e-01
2.649845521896439515e-01 5.119766791748833201e-01 7.826423708562104675e-01
2.706759927609406757e-01 5.153280929005613631e-01 7.817658062001155983e-01
2.763717463816863229e-01 5.186608109432169211e-01 7.809261390973218919e-01
2.820708665435854301e-01 5.219754965730195595e-01 7.801232777240751926e-01
2.877720105849773669e-01 5.252727715634868400e-01 7.793578648725770774e-01
2.934735503609921525e-01 5.285532424321147671e-01 7.786310402064783309e-01
2.991757191277567562e-01 5.318176301968908781e-01 7.779409126550689280e-01
3.048777072860460735e-01 5.350665610834213215e-01 7.772874178451908422e-01
3.105787345832462520e-01 5.383006529567907483e-01 7.766704963141688456e-01
3.162780494363109929e-01 5.415205156494132810e-01 7.760900919990376678e-01
3.219739263731508649e-01 5.447267259371179060e-01 7.755477094795544257e-01
3.276659452568230768e-01 5.479199035432127385e-01 7.750428251693660675e-01
3.333541244102098955e-01 5.511006569877549000e-01 7.745743106779626741e-01
3.390378380311102058e-01 5.542695652640644566e-01 7.741420933951579375e-01
3.447164899771917868e-01 5.574271994484173431e-01 7.737460967628084774e-01
3.503895141493854615e-01 5.605741225892785229e-01 7.733862391540482495e-01
3.560563748976346421e-01 5.637108895569084011e-01 7.730624328378299381e-01
3.617165674166892275e-01 5.668380468616237566e-01 7.727745830368811797e-01
3.673682898985713430e-01 5.699561632476232154e-01 7.725245173143466815e-01
3.730123853100035247e-01 5.730657523336784021e-01 7.723102305208924268e-01
3.786485395906508677e-01 5.761673311275841147e-01 7.721314649037244182e-01
3.842763857920628023e-01 5.792614087339481577e-01 7.719880770628112510e-01
3.898955884230754232e-01 5.823484846474543675e-01 7.718799140922244506e-01
3.955058432796419998e-01 5.854290485548715450e-01 7.718068133702647993e-01
4.011068771670447397e-01 5.885035801512246145e-01 7.717686024536316580e-01
4.066984475135871357e-01 5.915725489738820064e-01 7.717650990728304183e-01
4.122803418769711570e-01 5.946364142577340584e-01 7.717961112250252276e-01
4.178523773467112679e-01 5.976956248140238293e-01 7.718614373596922595e-01
4.234143998473797743e-01 6.007506189348359449e-01 7.719608666516727391e-01
4.289662833489681359e-01 6.038018243247065264e-01 7.720941793556059807e-01
4.345079289916648491e-01 6.068496580603054413e-01 7.722611472352197692e-01
4.400392641331558052e-01 6.098945265786820391e-01 7.724615340605658353e-01
4.455602413271745887e-01 6.129368256941355453e-01 7.726950961660307149e-01
4.510708372423449242e-01 6.159769406433933669e-01 7.729615830618089545e-01
4.565710515305935746e-01 6.190152461584305099e-01 7.732607380914570117e-01
4.620609056543381610e-01 6.220521065659915250e-01 7.735922991282271344e-01
4.675404416815685527e-01 6.250878759126132778e-01 7.739559993029918594e-01
4.730097210576705291e-01 6.281228981137380041e-01 7.743515677568054700e-01
4.784688233624150855e-01 6.311575071253652247e-01 7.747787304114164275e-01
4.839178450601420711e-01 6.341920271365357742e-01 7.752372107513930688e-01
4.893568982505999698e-01 6.372267727808761384e-01 7.757267306118945660e-01
4.947861094273619531e-01 6.402620493653639056e-01 7.762470109665522422e-01
5.002056182501265491e-01 6.432981531144468246e-01 7.767977727103522190e-01
5.056155763365550726e-01 6.463353714276582895e-01 7.773787374328841038e-01
5.110155540304309740e-01 6.493740584989352582e-01 7.779904062913590712e-01
5.164049309934061194e-01 6.524145934965251969e-01 7.786335396043069235e-01
5.217851526832818498e-01 6.554570826739384293e-01 7.793061996021415361e-01
5.271564139870752452e-01 6.585017807195995276e-01 7.800081087886027165e-01
5.325189165796329060e-01 6.615489347637100170e-01 7.807389934828332656e-01
5.378728678770500204e-01 6.645987846843031122e-01 7.814985845096653616e-01
5.432184800335480013e-01 6.676515634158638468e-01 7.822866178593614883e-01
5.485559689832216756e-01 6.707074972591220430e-01 7.831028353154078081e-01
5.538849986817822035e-01 6.737668894612138804e-01 7.839477049882629389e-01
5.592040402777272989e-01 6.768302256158037489e-01 7.848232464387613350e-01
5.645155503546714915e-01 6.798973848312450663e-01 7.857263190259603514e-01
5.698197608766970568e-01 6.829685686459312510e-01 7.866566811492818889e-01
5.751169036328814821e-01 6.860439733669200235e-01 7.876140994812896867e-01
5.804072095234805717e-01 6.891237903709692691e-01 7.885983494289406925e-01
5.856904461084823099e-01 6.922082827724329590e-01 7.896098104539670537e-01
5.909644151420780922e-01 6.952980433213432621e-01 7.906513960274510477e-01
5.962322029620350516e-01 6.983927838979023806e-01 7.917192195860301984e-01
6.014940410495300815e-01 7.014926771067120370e-01 7.928130823632694169e-01
6.067501570801829835e-01 7.045978919478989022e-01 7.939327961490515451e-01
6.120007744432078844e-01 7.077085940856603363e-01 7.950781835803519826e-01
6.172424732251180490e-01 7.108255988800959990e-01 7.962537381769132505e-01
6.224791157382333351e-01 7.139484276637365623e-01 7.974546237741911847e-01
6.277109235225204475e-01 7.170772347536455982e-01 7.986806800003714013e-01
6.329381091633353718e-01 7.202121725992481904e-01 7.999317621953550006e-01
6.381593197723083311e-01 7.233536848015562626e-01 8.012097275481838698e-01
6.433740830773405639e-01 7.265020574051789248e-01 8.025153074745465798e-01
6.485848761189496603e-01 7.296570115884225549e-01 8.038454767149044722e-01
6.537918950261591977e-01 7.328186898520230308e-01 8.052001267291978293e-01
6.589945894578039809e-01 7.359873784913770756e-01 8.065801016867268913e-01
6.641907479320467989e-01 7.391636966136208020e-01 8.079883569319811221e-01
6.693837573203739177e-01 7.423471579125862085e-01 8.094207316051903467e-01
6.745737928098746172e-01 7.455378979346908297e-01 8.108771560264731448e-01
6.797600722262876483e-01 7.487362454610398954e-01 8.123587769150235616e-01
6.849407851179595275e-01 7.519427463119855437e-01 8.138680421978321533e-01
6.901191099496188919e-01 7.551569211383707403e-01 8.154010792053539847e-01
6.952951973833656485e-01 7.583789012675725694e-01 8.169578593470564476e-01
7.004672399602863697e-01 7.616092307630920599e-01 8.185408306359179820e-01
7.056354885508786534e-01 7.648480266047205101e-01 8.201498360036472146e-01
7.108020356968764997e-01 7.680950065308861374e-01 8.217823973164229967e-01
7.159670045408469408e-01 7.713503001695602990e-01 8.234385290316096340e-01
7.211270124256400349e-01 7.746148029765290710e-01 8.251226625877087217e-01
7.262855438868547342e-01 7.778879185768757809e-01 8.268305747007532736e-01
7.314429732600132850e-01 7.811697172186908844e-01 8.285619685671029577e-01
7.365975897808081374e-01 7.844607331855730781e-01 8.303191690912644640e-01
7.417495360844168495e-01 7.877610935949668214e-01 8.321021684910822058e-01
7.469008092727222881e-01 7.910705025209880947e-01 8.339086354972561344e-01
7.520508983141960258e-01 7.943892246630366305e-01 8.357393905606732565e-01
7.571975762280354072e-01 7.977179233771705125e-01 8.375973996164383095e-01
7.623439559224531870e-01 8.010560362187534311e-01 8.394789433673713885e-01
7.674900825540110771e-01 8.044036975628922059e-01 8.413841496049602187e-01
7.726329120886515911e-01 8.077617682370114016e-01 8.433170006442323174e-01
7.777755158763759447e-01 8.111296792315708659e-01 8.452738431287537546e-01
7.829181511247500502e-01 8.145075131147589964e-01 8.472545434819520604e-01
7.880583939443220887e-01 8.178959939887135988e-01 8.492623036481883325e-01
7.931981630798273786e-01 8.212948120005484354e-01 8.512949194844572354e-01
7.983381708106811470e-01 8.247039386174844777e-01 8.533516948237581667e-01
8.034763686140832251e-01 8.281240156680111930e-01 8.554353586008454080e-01
8.086140258407884529e-01 8.315548811985240540e-01 8.575445225271784988e-01
8.137520344502346958e-01 8.349964590238280193e-01 8.596782729339872420e-01
8.188885338663546287e-01 8.384493523440379459e-01 8.618390992947509988e-01
8.240245232804248587e-01 8.419134595670753063e-01 8.640259549125753891e-01
8.291608572717144021e-01 8.453887097133112594e-01 8.662379781288250813e-01
8.342957277468482369e-01 8.488757004159254160e-01 8.684775859803377518e-01
8.394301243898829590e-01 8.523743278117417166e-01 8.707437499256258651e-01
8.445646995853672845e-01 8.558845687523570778e-01 8.730358622690677084e-01
8.496976068971876517e-01 8.594070387078265316e-01 8.753563777078161579e-01
8.548299729181159101e-01 8.629415949974315048e-01 8.777041060371696402e-01
8.599621262164186541e-01 8.664882960624546993e-01 8.800788394652048208e-01
8.650921247382504786e-01 8.700477911125163999e-01 8.824831375829375046e-01
8.702212647741044416e-01 8.736198901425707986e-01 8.849156092993638589e-01
8.753494570024890065e-01 8.772047614779404645e-01 8.873765559570918615e-01
8.804746199301995979e-01 8.808031013460281278e-01 8.898686910436089947e-01
8.855981279042132170e-01 8.844146968739815540e-01 8.923905340755627913e-01
8.907191407404765338e-01 8.880399200137135685e-01 8.949432891710521476e-01
8.958360593803230687e-01 8.916793504259689085e-01 8.975290673014075793e-01
9.009493722715806729e-01 8.953330121237134120e-01 9.001474581842378031e-01
9.060575781064830192e-01 8.990014653896898356e-01 9.028004432433383020e-01
9.111591309590778565e-01 9.026852892274057627e-01 9.054900445533129449e-01
9.162531533926762117e-01 9.063848863614633045e-01 9.082174738584264384e-01
9.213368312686471828e-01 9.101011940056145111e-01 9.109862435216412591e-01
9.264072318276196372e-01 9.138351933448496389e-01 9.137999824262781345e-01
9.314599848228704015e-01 9.175882741333941661e-01 9.166639991119078790e-01
9.364866390780440808e-01 9.213629754012837569e-01 9.195883889448255299e-01
9.414715001703687358e-01 9.251638857068250621e-01 9.225917113812258652e-01
9.463470914425774483e-01 9.290101343908121478e-01 9.257532417012246384e-01
9.463470914425774483e-01 9.290101343908121478e-01 9.257532417012246384e-01
9.437291045406831502e-01 9.244411359722121135e-01 9.208070566884419828e-01
9.413657217601800742e-01 9.198005337053475339e-01 9.157206286808496909e-01
9.391175495410652996e-01 9.151352527607545806e-01 9.105761906777106729e-01
9.369516201063701200e-01 9.104561428332481610e-01 9.053928023155630722e-01
9.348509271796155984e-01 9.057686725869108502e-01 9.001801457410265606e-01
9.328044197597015197e-01 9.010763152738524573e-01 8.949444464052989101e-01
9.308061303523013086e-01 8.963808230755753170e-01 8.896889046580747085e-01
9.288491508850968970e-01 8.916842978960807242e-01 8.844173982380153509e-01
9.269309750957599459e-01 8.869873320295166286e-01 8.791311086947682929e-01
9.250473475010850821e-01 8.822911396310569865e-01 8.738323681587407687e-01
9.231960769579558024e-01 8.775962260587956143e-01 8.685222400638843432e-01
9.213747579427621348e-01 8.729031805567876168e-01 8.632019550976840483e-01
9.195812974754243863e-01 8.682124912705202480e-01 8.578725725245726075e-01
9.178142796963272287e-01 8.635244136371065249e-01 8.525347342563581732e-01
9.160718625250318103e-01 8.588393608205703300e-01 8.471893816651133724e-01
9.143529684923192846e-01 8.541574791659656274e-01 8.418369713390786435e-01
9.126562675067391162e-01 8.494790099723218413e-01 8.364781416152407001e-01
9.109807135650058729e-01 8.448040970622140433e-01 8.311133558946489641e-01
9.093251597604310454e-01 8.401329250201756693e-01 8.257431585326037160e-01
9.076889788697005690e-01 8.354654930942655433e-01 8.203677526961190569e-01
9.060706847587592927e-01 8.308021179620259655e-01 8.149879385672718080e-01
9.044704966219087039e-01 8.261424938421356723e-01 8.096033554649365582e-01
9.028865116357209786e-01 8.214870986719613466e-01 8.042151135766265613e-01
9.013189390160876169e-01 8.168356334733681834e-01 7.988228697194211803e-01
8.997665427855849885e-01 8.121883370983542516e-01 7.934272927297149058e-01
8.982286952338239816e-01 8.075452258445890985e-01 7.880286365293462936e-01
8.967054237061137245e-01 8.029060701822794410e-01 7.826266936819055164e-01
8.951947151630207378e-01 7.982714146670003563e-01 7.772227189393153823e-01
8.936983415153304522e-01 7.936403686465475227e-01 7.718152608499995182e-01
8.922132658360649726e-01 7.890138749554639341e-01 7.664063318376599376e-01
8.907408859912351318e-01 7.843911831659903244e-01 7.609947477968728169e-01
8.892796058924147262e-01 7.797726932024569013e-01 7.555815007654140825e-01
8.878289766836485741e-01 7.751583672384804169e-01 7.501667574444005337e-01
8.863896882044338676e-01 7.705477210119210385e-01 7.447498408894859256e-01
8.849588239418768598e-01 7.659416878304918797e-01 7.393327603005993565e-01
8.835398276358538139e-01 7.613386947513136604e-01 7.339127804434698588e-01
8.821283722077082334e-01 7.567402435226600055e-01 7.284929913283781922e-01
8.807265508381936225e-01 7.521452897491446299e-01 7.230716624118217473e-01
8.793329754813263843e-01 7.475541758307487905e-01 7.176496917810437637e-01
8.779465651319072750e-01 7.429671295959320299e-01 7.122277620071547632e-01
8.765694234917250638e-01 7.383830822468333555e-01 7.068041034908518760e-01
8.751974492336996869e-01 7.338034984932705340e-01 7.013817430466660063e-01
8.738346504802426695e-01 7.292265188974844659e-01 6.959574210385172099e-01
8.724769945058806764e-01 7.246535950907216916e-01 6.905341416194622495e-01
8.711257162821181010e-01 7.200840058967223900e-01 6.851108027281763713e-01
8.697811004327163920e-01 7.155174158946866481e-01 6.796870354837497574e-01
8.684397904987387617e-01 7.109550317016152254e-01 6.742653799395887937e-01
8.671069883682258617e-01 7.063944310639220792e-01 6.688415401076984734e-01
8.657766170718612653e-01 7.018379893307399309e-01 6.634202590122699750e-01
8.644519700682434804e-01 6.972840839996061746e-01 6.579987557260690290e-01
8.631316057759685911e-01 6.927331186949766684e-01 6.525780646240388894e-01
8.618134370832816193e-01 6.881857940011786301e-01 6.471597740026946433e-01
8.605019650803272802e-01 6.836399176172931469e-01 6.417400579249797898e-01
8.591911401539085169e-01 6.790979391347991001e-01 6.363237813804936138e-01
8.578851913490683767e-01 6.745577685468943097e-01 6.309073227637126413e-01
8.565816199709277434e-01 6.700202985185815807e-01 6.254926365334509963e-01
8.552788397688775301e-01 6.654860343921679133e-01 6.200809482704131570e-01
8.539814930235042345e-01 6.609526458056499409e-01 6.146682227711346425e-01
8.526831947625805874e-01 6.564228249863856002e-01 6.092597497040254106e-01
8.513883922657310421e-01 6.518943116767886847e-01 6.038516397869942987e-01
8.500948157798497995e-01 6.473679260243050404e-01 5.984457134968900194e-01
8.487999939142218953e-01 6.428446099590394702e-01 5.930440038945454795e-01
8.475101764749167765e-01 6.383211939876746177e-01 5.876409930122393765e-01
8.462179737480156616e-01 6.338009429085882385e-01 5.822429860407395408e-01
8.449270100059730337e-01 6.292819127632238718e-01 5.768467308728744136e-01
8.436371740940432629e-01 6.247639177322824589e-01 5.714522115141799086e-01
8.423440841622311659e-01 6.202488595530898374e-01 5.660632050851479580e-01
8.410546989839738918e-01 6.157331071462139871e-01 5.606734430967718064e-01
8.397626462834797412e-01 6.112195464568684899e-01 5.552884893761466101e-01
8.384683525618290556e-01 6.067077503315344567e-01 5.499078909040591157e-01
8.371764510772916612e-01 6.021951560219057642e-01 5.445273764548572704e-01
8.358801013239748334e-01 5.976849630340934638e-01 5.391530327585427607e-01
8.345833334419998639e-01 5.931748976996683576e-01 5.337811259546316744e-01
8.332858826650886286e-01 5.886648373075374918e-01 5.284117961183129042e-01
8.319832637864310598e-01 5.841568598123290101e-01 5.230490824004845329e-01
8.306817343132217868e-01 5.796474636495028143e-01 5.176871384733821024e-01
8.293768062109579953e-01 5.751387329306489882e-01 5.123300199236919816e-01
8.280660444308248769e-01 5.706317268317058211e-01 5.069799378168217130e-01
8.267574425457261400e-01 5.661219168103390764e-01 5.016293369002278180e-01
8.254432004838704318e-01 5.616132159559514836e-01 4.962854439151196950e-01
8.241230487873206778e-01 5.571055424946508294e-01 4.909484727055314912e-01
8.228044920916610661e-01 5.525945097767197556e-01 4.856112282819953774e-01
8.214791804755341431e-01 5.480844358450456255e-01 4.802815707886647911e-01
8.201477960267224976e-01 5.435747050970788363e-01 4.749588141275657427e-01
8.188170331349307052e-01 5.390612633048218472e-01 4.696364488129460280e-01
8.174789664870489858e-01 5.345483018183375679e-01 4.643220420213612365e-01
8.161339376833985915e-01 5.300353809142350769e-01 4.590152359773941870e-01
8.147893006013579020e-01 5.255179485866209310e-01 4.537087985627802911e-01
8.134368518939891768e-01 5.210004642498567984e-01 4.484106745381393755e-01
8.120763810013151840e-01 5.164827984125327509e-01 4.431210523384020439e-01
8.107155810568822396e-01 5.119600675087193631e-01 4.378322812972070821e-01
8.093471691135899482e-01 5.074362939899250691e-01 4.325515028740918866e-01
8.079702863924136391e-01 5.029117220518122267e-01 4.272795534964955455e-01
8.065901775241423044e-01 4.983828307676946845e-01 4.220111504221985554e-01
8.052042532936590780e-01 4.938508594760633863e-01 4.167488279318377620e-01
8.038094396378043793e-01 4.893174062596362117e-01 4.114956554120668963e-01
8.024073717332634859e-01 4.847811336789728531e-01 4.062499622514541553e-01
8.010024032216327416e-01 4.802389014581099347e-01 4.010072736222986545e-01
7.995881508561519802e-01 4.756944311123686986e-01 3.957740565771747376e-01
7.981644777868391882e-01 4.711474944239367191e-01 3.905504512210342671e-01
7.967358389145570152e-01 4.665948051283725362e-01 3.853318529237996781e-01
7.953006340148377484e-01 4.620370070705021592e-01 3.801198704740605949e-01
7.938556477727656269e-01 4.574758713277255473e-01 3.749178227133047048e-01
7.924007692644510215e-01 4.529111187544683781e-01 3.697258341562725259e-01
7.909409586275607529e-01 4.483389429480551525e-01 3.645387081643691740e-01
7.894731276872961612e-01 4.437610172285330057e-01 3.593596529967181263e-01
7.879950638922899042e-01 4.391784721558941174e-01 3.541910012465549484e-01
7.865066772665448847e-01 4.345909700783990859e-01 3.490328685514978990e-01
7.850107335126579322e-01 4.299960887893202743e-01 3.438823318792409989e-01
7.835078926179729342e-01 4.253928424532427699e-01 3.387386801745361775e-01
7.819943916539483508e-01 4.207834870799078697e-01 3.336059404199828160e-01
7.804701553960196048e-01 4.161676177781518660e-01 3.284842292627281335e-01
7.789351151454084743e-01 4.115448084192479539e-01 3.233736607256424422e-01
7.773923785106789941e-01 4.069121698716730573e-01 3.182709125825208263e-01
7.758409703164546034e-01 4.022698557012888143e-01 3.131770612901846329e-01
7.742784041304389131e-01 3.976192230687823903e-01 3.080948500203735119e-01
7.727046159443416995e-01 3.929597652435825039e-01 3.030244123921580490e-01
7.711195453936944277e-01 3.882909497965009726e-01 2.979658849446537028e-01
7.695231350715825425e-01 3.836122174383632122e-01 2.929194085624541311e-01
7.679174553067323883e-01 3.789212147996219859e-01 2.878827864288914795e-01
7.663021208968365805e-01 3.742175332294946366e-01 2.828565211478364927e-01
7.646750205860672889e-01 3.695022181472835121e-01 2.778430437023635680e-01
7.630360843891152989e-01 3.647746097065767690e-01 2.728425520584111807e-01
7.613852408459007570e-01 3.600340156808351511e-01 2.678552587728876833e-01
7.597224159192453863e-01 3.552797100307086287e-01 2.628813937278505763e-01
7.580475317941594016e-01 3.505109314178643243e-01 2.579212071871095913e-01
7.563605055676820843e-01 3.457268816673184642e-01 2.529749732155105457e-01
7.546612478169628657e-01 3.409267241814160632e-01 2.480429935066248981e-01
7.529496610317149008e-01 3.361095823101324376e-01 2.431256016708902012e-01
7.512256378955958214e-01 3.312745376841426115e-01 2.382231680434325205e-01
7.494890593991192507e-01 3.264206285194575785e-01 2.333361050790949687e-01
7.477397927646053377e-01 3.215468479052284723e-01 2.284648734116569435e-01
7.459776891612759364e-01 3.166521420898769090e-01 2.236099886651407020e-01
7.442025811858493656e-01 3.117354087850683908e-01 2.187720291175500598e-01
7.424142800809289122e-01 3.067954955124677641e-01 2.139516443317202032e-01
7.406125726599576131e-01 3.018311980249024917e-01 2.091495648843178512e-01
7.387972179035277032e-01 2.968412588418903320e-01 2.043666133427939902e-01
7.369679431873323860e-01 2.918243659497293807e-01 1.996037166614699765e-01
7.351244400968875992e-01 2.867791517291242709e-01 1.948619201923242339e-01
7.332663597783031229e-01 2.817041921891474399e-01 1.901424035336896912e-01
7.313933077677290395e-01 2.765980066059743891e-01 1.854464984713341535e-01
7.295048382345001858e-01 2.714590576893444740e-01 1.807757093014862315e-01
7.276032627413432374e-01 2.662823580084618946e-01 1.761286200569536775e-01
7.256883943768521750e-01 2.610655779805419185e-01 1.715067827234730558e-01
7.237569470707103658e-01 2.558100809508346285e-01 1.669153397787847271e-01
7.218081921390478994e-01 2.505140585809774723e-01 1.623567913092967829e-01
7.198454643454034185e-01 2.451701927979575979e-01 1.578294999126265141e-01
7.178683546053973297e-01 2.397755106401490699e-01 1.533362688839898236e-01
7.158716736708814476e-01 2.343333262501856029e-01 1.488853040472860600e-01
7.138614778767748970e-01 2.288313865116042289e-01 1.444733297980900222e-01
7.118330930960954372e-01 2.232717071966643374e-01 1.401089281091902061e-01
7.097872794147757070e-01 2.176484069880147976e-01 1.357956004471841671e-01
7.077237715361587300e-01 2.119564916368841256e-01 1.315387186693756927e-01
7.056425825948852149e-01 2.061899125451803760e-01 1.273443745597615251e-01
7.035388647622040637e-01 2.003497272282550590e-01 1.232243419388361350e-01
7.014195057763361607e-01 1.944174203537042400e-01 1.191810420238771651e-01
6.992773972217467549e-01 1.883961560178875061e-01 1.152315559731542649e-01
6.971115006050138119e-01 1.822785461002437157e-01 1.113895327000407609e-01
6.949205242937792626e-01 1.760564428288745042e-01 1.076718106932818553e-01
6.927019626284113274e-01 1.697225685123441297e-01 1.040999652859224134e-01
6.904516083007573579e-01 1.632715634125329052e-01 1.007015120890782101e-01
6.881629080975216750e-01 1.567016044704259148e-01 9.751128393617278234e-02
6.858313474905850526e-01 1.500053563212508101e-01 9.457167433492086328e-02
6.834416251741752824e-01 1.431978653941193558e-01 9.193958043435088157e-02
6.809805320212422020e-01 1.362905191976057639e-01 8.968511516327842825e-02
6.784193212369141746e-01 1.293345577653600142e-01 8.789534749908897715e-02
6.757203036840129240e-01 1.224137177093811979e-01 8.666976007714649599e-02
6.728317068681336499e-01 1.156676905464249505e-01 8.610728955048599365e-02
6.696865688514144210e-01 1.093133283533787581e-01 8.625838584292627731e-02
6.662288473539270672e-01 1.035833318037857054e-01 8.708307454121083646e-02
6.624365146919262148e-01 9.864877752153186630e-02 8.842865602980889972e-02
6.583333890261306998e-01 9.454783794978674494e-02 9.009201949344924909e-02
6.539710772728701826e-01 9.120770161524263675e-02 9.189702974588551121e-02
6.494054011268616255e-01 8.850865940039939761e-02 9.372537293041982576e-02
6.446843535746321630e-01 8.632921820963454507e-02 9.550730087869577223e-02
6.398442013591313371e-01 8.456761157293671283e-02 9.721146369195371451e-02
6.349124666674889061e-01 8.314096059960635055e-02 9.882123341165097163e-02
6.299094714034810805e-01 8.198423054848066882e-02 1.003310933213671652e-01
6.248514949664157880e-01 8.104315116245369710e-02 1.017371531960976627e-01
6.197486366786795209e-01 8.028123619808688605e-02 1.030472817911705918e-01
6.146101569029737144e-01 7.966497151286908163e-02 1.042637911651525806e-01
6.094430120606785239e-01 7.916808839345373938e-02 1.053909188597726143e-01
6.042523803640266200e-01 7.877011878272721646e-02 1.064339748621540849e-01
5.990438612815343067e-01 7.844998982459686077e-02 1.073940629931199875e-01
5.938220464301465773e-01 7.819018535488525545e-02 1.082730410778110219e-01
5.885865355151980172e-01 7.798815905253783654e-02 1.090834586508524773e-01
5.833430222544698784e-01 7.782425046944019265e-02 1.098208079726264719e-01
5.780922437715846351e-01 7.769353252423485956e-02 1.104917974392424229e-01
5.728363371745521793e-01 7.758743901065739967e-02 1.110986332036990876e-01
5.675760810651840904e-01 7.750158058950301632e-02 1.116457625390657460e-01
5.623154877521545636e-01 7.742287894060706499e-02 1.121299387976547324e-01
5.570512642703234762e-01 7.735880254765456487e-02 1.125630285884912929e-01
5.517887287123824924e-01 7.729326780987699763e-02 1.129381211888189351e-01
5.465277061796504077e-01 7.722560490147720169e-02 1.132595692040321012e-01
5.412668981782579047e-01 7.715821228364924678e-02 1.135333484963737538e-01
5.360073863835318475e-01 7.708717243236345995e-02 1.137602740383547029e-01
5.307523616661828925e-01 7.700326563925155576e-02 1.139370274726315135e-01
5.255017742633317779e-01 7.690602980714922321e-02 1.140663548321841914e-01
5.202545450790272419e-01 7.679767696412134748e-02 1.141525567339080893e-01
5.150112984705720320e-01 7.667605211873959603e-02 1.141965317503544908e-01
5.097725736765268412e-01 7.653931978517242163e-02 1.141991895521244638e-01
5.045388326278987812e-01 7.638592695090326568e-02 1.141614446285520446e-01
4.993104669684151342e-01 7.621456992765501814e-02 1.140842110659923136e-01
4.940878043721632085e-01 7.602416473895676208e-02 1.139683982153245900e-01
4.888711142363660334e-01 7.581382071047765292e-02 1.138149071070310159e-01
4.836606128178587150e-01 7.558281694730487055e-02 1.136246274946158263e-01
4.784564678737422416e-01 7.533058140354423338e-02 1.133984354259062188e-01
4.732588028595901553e-01 7.505667227238924100e-02 1.131371912575495631e-01
4.680677007323402194e-01 7.476076144797771938e-02 1.128417380412560789e-01
4.628832073995279850e-01 7.444261983310360153e-02 1.125129002214761698e-01
4.577053348516776921e-01 7.410210428871963351e-02 1.121514825935714665e-01
4.525340640104401069e-01 7.373914604169723441e-02 1.117582694794296005e-01
4.473693473213014582e-01 7.335374038646155781e-02 1.113340240841324269e-01
4.422111111164180319e-01 7.294593753363726174e-02 1.108794880028924068e-01
4.370600530764476299e-01 7.251410597920551759e-02 1.103942170704133030e-01
4.319185483707210227e-01 7.205305703330361355e-02 1.098753300850122960e-01
4.267835277973262009e-01 7.156940282044377266e-02 1.093278432248083465e-01
4.216548240367490319e-01 7.106337508842155981e-02 1.087524308579510823e-01
4.165322526908637468e-01 7.053522662136754717e-02 1.081497438023648061e-01
4.114156136830134924e-01 6.998522671629694991e-02 1.075204093634810343e-01
4.063082604020695210e-01 6.940630349953300082e-02 1.068601011574856485e-01
4.012089123192447704e-01 6.880108422706138205e-02 1.061709713273953082e-01
3.961151285831465141e-01 6.817445038988698136e-02 1.054566509410182762e-01
3.910266487327536677e-01 6.752672969277617732e-02 1.047176915407616316e-01
3.859452839210852360e-01 6.685409607408271393e-02 1.039518402832851351e-01
3.808738833288361492e-01 6.615077712349712313e-02 1.031555221165155189e-01
3.758072296072097473e-01 6.542700846072546650e-02 1.023358581485565300e-01
3.707450165795566632e-01 6.468312681447110912e-02 1.014933211925677370e-01
3.656916503076200198e-01 6.391032625500198128e-02 1.006222497796276927e-01
3.606457841142371445e-01 6.311109414896390324e-02 9.972452412249130371e-02
3.556036478661872002e-01 6.229245241580006615e-02 9.880504046636889859e-02
3.505669567246725293e-01 6.145081688986495788e-02 9.786158533594258024e-02
3.455404572467550284e-01 6.057697910803563207e-02 9.688817303104882428e-02
3.405168721162669110e-01 5.968443514591573879e-02 9.589398633425613716e-02
3.354971756852153653e-01 5.877097951003183024e-02 9.487769564330705840e-02
3.304882707468220215e-01 5.782349840413576053e-02 9.383067365294125994e-02
3.254813694321921358e-01 5.685796935942646207e-02 9.276372180240913257e-02
3.204785899820849493e-01 5.587006573272070703e-02 9.167406267652902785e-02
3.154851770329437088e-01 5.484986773334744187e-02 9.055518088638078722e-02
3.104927680777023746e-01 5.381219695269669895e-02 8.941706676627478312e-02
3.055064289763713692e-01 5.274742698790333556e-02 8.825338542814667453e-02
3.005260862605730887e-01 5.165528059161273583e-02 8.706403680927435329e-02
2.955456616926982472e-01 5.054611996272593416e-02 8.585599755759992791e-02
2.905748776091813257e-01 4.940213591384421538e-02 8.461747806741862221e-02
2.856048650440584091e-01 4.823853941085787939e-02 8.335866598772934122e-02
2.806377509528503178e-01 4.705095824252746722e-02 8.207670548670908950e-02
2.756770550394788688e-01 4.583262530429126763e-02 8.076715835364631224e-02
2.707143037354373116e-01 4.459769558758105296e-02 7.943945891293574535e-02
2.657604722009759834e-01 4.332636196979373217e-02 7.808052817209826246e-02
2.608049584915542729e-01 4.203631794088481116e-02 7.670211971403781415e-02
2.558530911541678221e-01 4.071753739482922990e-02 7.529763937420649866e-02
2.509033973346112001e-01 3.936201806541711479e-02 7.386826447726671518e-02
2.459525983839829233e-01 3.800641155479490135e-02 7.241714167446355876e-02
2.410071557057082980e-01 3.664549598014255755e-02 7.093640883311022605e-02
2.360563646646140490e-01 3.529747994604028744e-02 6.943744239412558139e-02
