9.987008433053224943e-01 9.988174725469008974e-01 9.952650691385139803e-01
9.933104150415238420e-01 9.934136752316079511e-01 9.898840926197302048e-01
9.879420848596748295e-01 9.880319945618020183e-01 9.845251519054699640e-01
9.825956639992242669e-01 9.826722423437884713e-01 9.791880592338727540e-01
9.772709655370818149e-01 9.773342322182213548e-01 9.738726286723492498e-01
9.719678043610383567e-01 9.720177796336121334e-01 9.685786760911517801e-01
9.666859971435896037e-01 9.667227018202307898e-01 9.633060191373311598e-01
9.614253623161385098e-01 9.614488177644003875e-01 9.580544772090892058e-01
9.561857200435864845e-01 9.561959481831593388e-01 9.528238714304958501e-01
9.509668921992738833e-01 9.509639154993042576e-01 9.476140246265832845e-01
9.457687023403137383e-01 9.457525438167829757e-01 9.424247612987997069e-01
9.405909756832493418e-01 9.405616588964534897e-01 9.372559076008125656e-01
9.354335390800856409e-01 9.353910881321829685e-01 9.321072913146642991e-01
9.302962209946428196e-01 9.302406605272881546e-01 9.269787418272615875e-01
9.251788514792546048e-01 9.251102066713106087e-01 9.218700901072014453e-01
9.200812621517818757e-01 9.199995587171190259e-01 9.167811686819169470e-01
9.150032861729672229e-01 9.149085503583216372e-01 9.117118116151456952e-01
9.099447582240657306e-01 9.098370168070049058e-01 9.066618544847073746e-01
9.049055144848231480e-01 9.047847947717658768e-01 9.016311343605867279e-01
8.998853926117285074e-01 8.997517224360496169e-01 8.966194897833152933e-01
8.948842317165549565e-01 8.947376394367783092e-01 8.916267607426421327e-01
8.899018723452154500e-01 8.897423868432657867e-01 8.866527886564952166e-01
8.849381564568651326e-01 8.847658071364151722e-01 8.816974163502184769e-01
8.799929274033101434e-01 8.798077441881850813e-01 8.767604880360818642e-01
8.750660299086473470e-01 8.748680432413347141e-01 8.718418492930619657e-01
8.701573100492174806e-01 8.699465508894124177e-01 8.669413470468820826e-01
8.652666152337590288e-01 8.650431150570278005e-01 8.620588295503088805e-01
8.603937941838561976e-01 8.601575849803475560e-01 8.571941463636969516e-01
8.555386969146110410e-01 8.552898111878537435e-01 8.523471483357806244e-01
8.507011747155637238e-01 8.504396454813357709e-01 8.475176875847035829e-01
8.458810801318367156e-01 8.456069409171198537e-01 8.427056174792834087e-01
8.410782669455190153e-01 8.407915517875214073e-01 8.379107926204982792e-01
8.362925901572795251e-01 8.359933336025234807e-01 8.331330688232061465e-01
8.315239059681670541e-01 8.312121430716836734e-01 8.283723030980741919e-01
8.267720717616737769e-01 8.264478380862322338e-01 8.236283536337216660e-01
8.220369460859497934e-01 8.217002777014031922e-01 8.189010797790736707e-01
8.173183886362769268e-01 8.169693221189471277e-01 8.141903420259125612e-01
8.126162602376912902e-01 8.122548326698580956e-01 8.094960019916312977e-01
8.079304228278292310e-01 8.075566717972860742e-01 8.048179224021755340e-01
8.032607394399563505e-01 8.028747030396342632e-01 8.001559670751753339e-01
7.986070741861688305e-01 7.982087910138504494e-01 7.955100009032579633e-01
7.939692922407876052e-01 7.935588013988859046e-01 7.908798898375420938e-01
7.893472598239095195e-01 7.889246009193383591e-01 7.862655008713005378e-01
7.847408441851505545e-01 7.843060573292557347e-01 7.816667020237979546e-01
7.801499135875333835e-01 7.797030393961086325e-01 7.770833623242837662e-01
7.755743372915344658e-01 7.751154168849269110e-01 7.725153517961550476e-01
7.710139855393071118e-01 7.705430605425829249e-01 7.679625414412653006e-01
7.664687295390352206e-01 7.659858420822321934e-01 7.634248032243897697e-01
7.619384414494337898e-01 7.614436341679016174e-01 7.589020100578324213e-01
7.574229943644074092e-01 7.569163103992153641e-01 7.543940357861793622e-01
7.529222622978318791e-01 7.524037452962608619e-01 7.499007551711832642e-01
7.484361201684671672e-01 7.479058142845891322e-01 7.454220438767867885e-01
7.439644437850103653e-01 7.434223936803401322e-01 7.409577784542668022e-01
7.395071098312627766e-01 7.389533606755035455e-01 7.365078363275134876e-01
7.350639958514240124e-01 7.344985933232809350e-01 7.320720957784182525e-01
7.306349802354857870e-01 7.300579705235848982e-01 7.276504359323794358e-01
7.262199422047629360e-01 7.256313720086343677e-01 7.232427367439283605e-01
7.218187617975105885e-01 7.212186783286640424e-01 7.188488789824465375e-01
7.174313198546414805e-01 7.168197708377391786e-01 7.144687442179984416e-01
7.130574980055576217e-01 7.124345316796589778e-01 7.101022148072553275e-01
7.086971786540676721e-01 7.080628437739692194e-01 7.057491738795160785e-01
7.043502449643814778e-01 7.037045908020496121e-01 7.014095053228135423e-01
7.000165808472087470e-01 6.993596571932999550e-01 6.970830937701107954e-01
6.956960709459274472e-01 6.950279281113980190e-01 6.927698245855755665e-01
6.913886006228313619e-01 6.907092894406416939e-01 6.884695838509312660e-01
6.870940559454442598e-01 6.864036277723581936e-01 6.841822583518800682e-01
6.828123236729050083e-01 6.821108303913880899e-01 6.799077355645932741e-01
6.785432912424201879e-01 6.778307852626247465e-01 6.756459036422679532e-01
6.742868467557615597e-01 6.735633810176229197e-01 6.713966514017360998e-01
6.700428789658353645e-01 6.693085069412529897e-01 6.671598683101360727e-01
6.658112772632805987e-01 6.650660529584143665e-01 6.629354444716261119e-01
6.615919316631284630e-01 6.608359096207890859e-01 6.587232706141500360e-01
6.573847327914896788e-01 6.566179680936389262e-01 6.545232380762371349e-01
6.531895718722865452e-01 6.524121201426400507e-01 6.503352387938440282e-01
6.490063407140116425e-01 6.482182581207461824e-01 6.461591652872240576e-01
6.448349316965071854e-01 6.440362749550844201e-01 6.419949106478236578e-01
6.406752377577665802e-01 6.398660641338734800e-01 6.378423685252031516e-01
6.365271523807635168e-01 6.357075196933509309e-01 6.337014331139702028e-01
6.323905695802761739e-01 6.315605362047241877e-01 6.295719991407294769e-01
6.282653838897200860e-01 6.274250087611248361e-01 6.254539618510355226e-01
6.241514903479937759e-01 6.233008329645628454e-01 6.213472169963515368e-01
6.200487844863048492e-01 6.191879049128827806e-01 6.172516608209996924e-01
6.159571623149895370e-01 6.150861211867116873e-01 6.131671900491088012e-01
6.118765203103158079e-01 6.109953788363919891e-01 6.090937018715409934e-01
6.078067554012833718e-01 6.069155753688935118e-01 6.050310939328060744e-01
6.037477649563622872e-01 6.028466087347094104e-01 6.009792643179456828e-01
5.996994467702292386e-01 5.987883773147139044e-01 5.969381115393882498e-01
5.956616990504443043e-01 5.947407799069913681e-01 5.929075345237666550e-01
5.916344204041067423e-01 5.907037157136154626e-01 5.888874325986969138e-01
5.876175098244296180e-01 5.866770843273885205e-01 5.848777054795005759e-01
5.836108666772815701e-01 5.826607857185255313e-01 5.808782532558802725e-01
5.796143906876553009e-01 5.786547202212725116e-01 5.768889763785285396e-01
5.756279819260642361e-01 5.746587885204664792e-01 5.729097756456715818e-01
5.716515407948651317e-01 5.706728916380127137e-01 5.689405521895348761e-01
5.676849680144964161e-01 5.666969309192904092e-01 5.649812074627318381e-01
5.637281646096214960e-01 5.627308080194637352e-01 5.610316432245601170e-01
5.597810318951718100e-01 5.587744248897063004e-01 5.570917615272015233e-01
5.558434714622955131e-01 5.548276837633107084e-01 5.531614647018230357e-01
5.519153851641714903e-01 5.508904871417040772e-01 5.492406553445590145e-01
5.479966751017188997e-01 5.469627377803316648e-01 5.453292363023813927e-01
5.440872436091632736e-01 5.430443386744229217e-01 5.414271106588364191e-01
5.401869932394702811e-01 5.391351930446200980e-01 5.375341817196496175e-01
5.362958267496257259e-01 5.352352043224632983e-01 5.336503529981827532e-01
5.324136470857573356e-01 5.313442761357248800e-01 5.297755282007373667e-01
5.285403573680953482e-01 5.274623122935812036e-01 5.259096112116977695e-01
5.246758608757459141e-01 5.235892167716118539e-01 5.220525060784956262e-01
5.208200610312855305e-01 5.197248936966210042e-01 5.182041169963963467e-01
5.169728613851469756e-01 5.158692473312652682e-01 5.143643482930887467e-01
5.131341655998107321e-01 5.120221820584791583e-01 5.105331044130730911e-01
5.093038774337556029e-01 5.081836023656874923e-01 5.067102899018293138e-01
5.054819007251970531e-01 5.043534128287934237e-01 5.028958093897635262e-01
5.016681393755619833e-01 5.005315180959317711e-01 4.990895675759106642e-01
4.978624973327243075e-01 4.967178228709666077e-01 4.952914692113880579e-01
4.940648785739450433e-01 4.929122318967376626e-01 4.915014190825832130e-01
4.902751870885558305e-01 4.891146499380200630e-01 4.877193219940643698e-01
4.864933268603215955e-01 4.853249817642034114e-01 4.839450827511980191e-01
4.827192018494958492e-01 4.815431321316607227e-01 4.801786061424582752e-01
4.789527159745478602e-01 4.777690057658061096e-01 4.764197969214172823e-01
4.751937730935405502e-01 4.740025073428108526e-01 4.726685597883951151e-01
4.714422769851498995e-01 4.702435414709695283e-01 4.689247993717551855e-01
4.676981313292958853e-01 4.664920126717045368e-01 4.651884202088287235e-01
4.639612396873755151e-01 4.627478253601793878e-01 4.614593267264497922e-01
4.602315054820901863e-01 4.590108838255061996e-01 4.577374232210792981e-01
4.565088319768131897e-01 4.552810922105344216e-01 4.540226138385023424e-01
4.527931222545131251e-01 4.515583544911951352e-01 4.503148025530792631e-01
4.490842791961893732e-01 4.478425744553755083e-01 4.466138931465199469e-01
4.453822054587989743e-01 4.441336556813116898e-01 4.429197891861711422e-01
4.416868034526671982e-01 4.404315015154668389e-01 4.392323940027843543e-01
4.379979753183247948e-01 4.367360150498786897e-01 4.355516106677443933e-01
4.343156229027808624e-01 4.330470990989440661e-01 4.318773419697302662e-01
4.306396477351748242e-01 4.293646561756168656e-01 4.282094903907817662e-01
4.269699510018005184e-01 4.256885884669934228e-01 4.245479580817454468e-01
4.233064335204521078e-01 4.220187978092524994e-01 4.208926468370673968e-01
4.196489957140724369e-01 4.183551856619225351e-01 4.172434580689030614e-01
4.159975375836690858e-01 4.146976530814392992e-01 4.136002927805110252e-01
4.123519586804592074e-01 4.110461006939657436e-01 4.099630515388970053e-01
4.087121580771952978e-01 4.074004286674358655e-01 4.063316344466693653e-01
4.050780343386652937e-01 4.037605366827817788e-01 4.027059411130710642e-01
4.014494854912816768e-01 4.001263239043135189e-01 3.990858706241467990e-01
3.978264089917513679e-01 3.964976889492006218e-01 3.954713215120019276e-01
3.942087016947591338e-01 3.928745298560180621e-01 3.918621917231078777e-01
3.905962598196281998e-01 3.892567440523074795e-01 3.882583785856121295e-01
3.869889789158989513e-01 3.856442283211092836e-01 3.846597787755976494e-01
3.833867538277736520e-01 3.820368787664102928e-01 3.810662882822409836e-01
3.797894786573720038e-01 3.784345907774541162e-01 3.774778023718143305e-01
3.761970467267322649e-01 3.748372589918637088e-01 3.738942155504759168e-01
3.726093505384986404e-01 3.712447772575049876e-01 3.703154215257804527e-01
3.690262817352259472e-01 3.676570385930384988e-01 3.667413131668512127e-01
3.654477310572192827e-01 3.640739351470893559e-01 3.631717824631399139e-01
3.618735882988493580e-01 3.604953581559613429e-01 3.596067204817035012e-01
3.583037422632525115e-01 3.569211978998257928e-01 3.560460173229214043e-01
3.547380807153245885e-01 3.533513436573019195e-01 3.524895620745666092e-01
3.511764903329270826e-01 3.497856836583499440e-01 3.489372427641486141e-01
3.476188566562015692e-01 3.462241050353824789e-01 3.453889463094327872e-01
3.440650640348903444e-01 3.426664937725051874e-01 3.418445584670363746e-01
3.405149955735506384e-01 3.391127346527867958e-01 3.383039637790018483e-01
3.369685330745489926e-01 3.355627112034478832e-01 3.347670455172281900e-01
3.334255569787027418e-01 3.320163056388653611e-01 3.312336856256490325e-01
3.298859463034392037e-01 3.284733988012650263e-01 3.277037646600273191e-01
3.263495785783264713e-01 3.249338700989825579e-01 3.241771617252317550e-01
3.228163297778236518e-01 3.213975974421528492e-01 3.206537544098516102e-01
3.192860742510759686e-01 3.178644571756931714e-01 3.171334187179952191e-01
3.157586846485936904e-01 3.143343240094197411e-01 3.136160289981101412e-01
3.122340318455977815e-01 3.108070709451463132e-01 3.101014578686441814e-01
3.087119848618625206e-01 3.072825692005796694e-01 3.065895761403609199e-01
3.051924107777959083e-01 3.037606881298479666e-01 3.030802527351073028e-01
3.016751746465355932e-01 3.002412951404522246e-01 2.995733546008123027e-01
2.981601394018144058e-01 2.967242556064392245e-01 2.960687466224851128e-01
2.946471657612774186e-01 2.932094327775830456e-01 2.925662915289558574e-01
2.911361121249825823e-01 2.896966876843315442e-01 2.890658497950894246e-01
2.876268344687250567e-01 2.861858790382744711e-01 2.855672795391731023e-01
2.841191862318362404e-01 2.826768631278689381e-01 2.820704364151589982e-01
2.806130181990492134e-01 2.791694937091416251e-01 2.785751734994119100e-01
2.771081783759911099e-01 2.756636218910701319e-01 2.750813411715824497e-01
2.736045118578276369e-01 2.721590960153284500e-01 2.715887869891918660e-01
2.701018606905050135e-01 2.686557615300669832e-01 2.680973555554683752e-01
2.666000637240085180e-01 2.651534608573744567e-01 2.646068883799378990e-01
2.630989564569476968e-01 2.616520332540586136e-01 2.611172237312082145e-01
2.595983708717216065e-01 2.581513146653637847e-01 2.576281964813308956e-01
2.560981352593939553e-01 2.546511375712350311e-01 2.541396379410420514e-01
2.525980740333014785e-01 2.511513308247240173e-01 2.506513756850990982e-01
2.490980075302272057e-01 2.476517194821475920e-01 2.471632333668126735e-01
2.455977517978202851e-01 2.441521246246016741e-01 2.436750305207363576e-01
2.420971183666515980e-01 2.406523631704829413e-01 2.401865823522978949e-01
2.385959140049903615e-01 2.371522476787134570e-01 2.366976995129174144e-01
2.350939404539429955e-01 2.336515861424692253e-01 2.332081878588516122e-01
2.315909941400014493e-01 2.301501817733742628e-01 2.297178481915649884e-01
2.280868658612342781e-01 2.266478327763752354e-01 2.262264759768308209e-01
2.245813404421633797e-01 2.231443321159332638e-01 2.227338610388714946e-01
2.210741963506522301e-01 2.196394672748273047e-01 2.192397872245431811e-01
2.175652052674915127e-01 2.161330200079444874e-01 2.157440320305250570e-01
2.140541315952474988e-01 2.126247660952059748e-01 2.122463661832424409e-01
2.105407318861809984e-01 2.091144751007972258e-01 2.087465531559115073e-01
2.070247541575070960e-01 2.056019101511545877e-01 2.052443485979661419e-01
2.035059370414386559e-01 2.020868277538415692e-01 2.017394996359240245e-01
1.999840086776810688e-01 1.985689776980568144e-01 1.982317439747633414e-01
1.964586851741711993e-01 1.950481031156894862e-01 1.947208086711478825e-01
1.929296682784246431e-01 1.915239408662999521e-01 1.912064083345782206e-01
1.893966414455513225e-01 1.879962226144498150e-01 1.876882422796014305e-01
1.858592622009025697e-01 1.844646775239885406e-01 1.841659897204441787e-01
1.823171444809967567e-01 1.809290391988511715e-01 1.806393018042737331e-01
1.787698088581222144e-01 1.773890651437520505e-01 1.771077953266033678e-01
1.752165317673985145e-01 1.738445866365513348e-01 1.735711396321574507e-01
1.716564636975977387e-01 1.702953800299374376e-01 1.700298348584078911e-01
1.680912258877995114e-01 1.667401976842417810e-01 1.664845925974362262e-01
1.645219375744859103e-01 1.631782386990338896e-01 1.629335281846000238e-01
1.609473959947823607e-01 1.596094957043954488e-01 1.593757828773890162e-01
1.573666753592552758e-01 1.560337684158079607e-01 1.558110613333042738e-01
1.537791199078760440e-01 1.524507263902249443e-01 1.522390355732108624e-01
1.501841678301399363e-01 1.488599796498549510e-01 1.486593205407985285e-01
1.465812860114419081e-01 1.452611009353316773e-01 1.450714898370652761e-01
1.429699441556926409e-01 1.416536328590754790e-01 1.414750843038782013e-01
1.393496024284779367e-01 1.380370900043049465e-01 1.378696154331508494e-01
1.357197043206674891e-01 1.344109589760678347e-01 1.342545661577431992e-01
1.320796717303327206e-01 1.307746974373245608e-01 1.306293902691312847e-01
1.284289010246398577e-01 1.271277325281464088e-01 1.269935110254247213e-01
1.247667595042399602e-01 1.234694588299806717e-01 1.233463192037465572e-01
1.210925819664040726e-01 1.197992359364836723e-01 1.196871707067236612e-01
1.174056671852603817e-01 1.161163856434556940e-01 1.160153837607942606e-01
1.137052741840529901e-01 1.124201887425923529e-01 1.123302357042878508e-01
1.099906181997980792e-01 1.087098813848632328e-01 1.086309593381229732e-01
1.062608662498700784e-01 1.049846509638800163e-01 1.049167387932342099e-01
1.025151322095068096e-01 1.012436314548346428e-01 1.011867048522940848e-01
9.875247130201342260e-02 9.748589812879554506e-02 9.743992964654701883e-02
9.497187389067993091e-02 9.371046154409826134e-02 9.367542063000033892e-02
9.117225844329043816e-02 8.991626069509781050e-02 8.989211371146293983e-02
8.735246351605344128e-02 8.610215517237243543e-02 8.608886539860813314e-02
8.351123857269124318e-02 8.226691615607148456e-02 8.226444377577499245e-02
7.964723341459134520e-02 7.840921602347628028e-02 7.841751809659258665e-02
7.575898594688104670e-02 7.452761630041032648e-02 7.454664672111438461e-02
7.184490793961520461e-02 7.062055362037536477e-02 7.065026306146374169e-02
6.790326835823470852e-02 6.668632327040843744e-02 6.672665911522879245e-02
6.393217372643048013e-02 6.272305979200681891e-02 6.277396605538873575e-02
5.992954483822440087e-02 5.872871395972797254e-02 5.879013120008724086e-02
5.589308894119394272e-02 5.470102526596052478e-02 5.477289049188633491e-02
5.182026625015220128e-02 5.063748877871959014e-02 5.071973535513821935e-02
4.770824929221759853e-02 4.653531488203995620e-02 4.662787244383603119e-02
4.355387308822229048e-02 4.239137991372508157e-02 4.249417429905904403e-02
3.934383206460526083e-02 3.820137654344515216e-02 3.831258330964614628e-02
3.522365333803693932e-02 3.416387935028530887e-02 3.427737991493578357e-02
3.131897097771342564e-02 3.034061244250251324e-02 3.045513731445392488e-02
2.763038988352486611e-02 2.673209680715532555e-02 2.684640295507709218e-02
2.415871869780247469e-02 2.333904814438600428e-02 2.345192064332634121e-02
2.090500226764059263e-02 2.016240793819606275e-02 2.027266187362718880e-02
1.787056271646050853e-02 1.720338275537839842e-02 1.730986545617296465e-02
1.505705234081005685e-02 1.446349485015750204e-02 1.456508854746415248e-02
1.246652317617700893e-02 1.194464871202044476e-02 1.204027375858033981e-02
1.010152079022781646e-02 9.649220798484247491e-03 9.737839639567220235e-03
7.965214608288279097e-03 7.580184254686026836e-03 7.660806429277296041e-03
6.061585865173900814e-03 5.741288883539440169e-03 5.812977472339818721e-03
4.395711757576413990e-03 4.137333509672320823e-03 4.199213665715622636e-03
2.974222469752278199e-03 2.774604837045809794e-03 2.825875367976070016e-03
1.806101628598226049e-03 1.661648636950330965e-03 1.701597969670271817e-03
9.042765859152338383e-04 8.108121776346312358e-04 8.388391408782274556e-04
2.895211324900901287e-04 2.420935478722916704e-04 2.577157430356132300e-04
5.815791002671844136e-06 2.680556188067821192e-07 2.335318602519077712e-06
