2.561123127838653146e-01 5.154557132735668526e-03 2.220406012176586851e-03
2.625615869631610644e-01 6.229841197612821790e-03 2.588611295074054811e-03
2.689919109436942901e-01 7.351462080372067089e-03 2.974626604640448566e-03
2.754187562110408383e-01 8.491113022252591916e-03 3.367374167428128021e-03
2.818345757864350598e-01 9.664140554494875246e-03 3.772597167520155229e-03
2.882430132354636965e-01 1.086424164475233850e-02 4.187675141802257514e-03
2.946498316791332783e-01 1.207988009421660618e-02 4.607842778118506274e-03
3.010451270282203939e-01 1.333282772998858716e-02 5.041634172935165019e-03
3.074457007649086249e-01 1.458689331351215208e-02 5.474379616775534863e-03
3.138396208422337130e-01 1.586867042508604414e-02 5.916628942043782556e-03
3.202287832526102829e-01 1.717475890654521567e-02 6.366928940322653940e-03
3.266253735949025683e-01 1.847646666032589508e-02 6.813453456926866700e-03
3.330169606769243229e-01 1.980351720559653597e-02 7.268236590178677597e-03
3.394069394063327638e-01 2.114835532324664882e-02 7.728128421440782353e-03
3.458069519352274246e-01 2.248129988137193003e-02 8.180807676527413960e-03
3.522055187799050247e-01 2.383145193527934011e-02 8.638200859427500045e-03
3.586038881934010547e-01 2.519610288922833133e-02 9.099155390573432367e-03
3.650096595944359312e-01 2.655470561144666550e-02 9.555104842246864294e-03
3.714228801102833488e-01 2.790637877719628554e-02 1.000562576885983580e-02
3.778390934855485606e-01 2.926331758240770242e-02 1.045574884177333415e-02
3.842595325935961315e-01 3.062204132726001685e-02 1.090399546722774053e-02
3.906854342748959930e-01 3.197882361645405097e-02 1.134877677218651577e-02
3.971180177606833395e-01 3.332975302470134182e-02 1.178841497961381247e-02
4.035608866928300786e-01 3.466319662536135326e-02 1.221799889558001714e-02
4.100123032546019730e-01 3.598378033434369849e-02 1.263936254953694840e-02
4.164712980976730816e-01 3.729411067048105793e-02 1.305345282189573040e-02
4.229381571872706802e-01 3.859292475786767901e-02 1.345953469285189261e-02
4.294167431831183990e-01 3.986683579388799331e-02 1.385172747824786957e-02
4.359070270215208431e-01 4.110068340284239036e-02 1.422920294579644619e-02
4.424058961538561152e-01 4.229065329029422365e-02 1.459541593388006576e-02
4.489103186082719632e-01 4.345589153936346011e-02 1.495366539121184557e-02
4.554315094505076433e-01 4.456017527146349105e-02 1.528536585154632345e-02
4.619558265726989021e-01 4.565120401498489605e-02 1.560792678365485048e-02
4.684983277297260496e-01 4.667994094279607348e-02 1.589278165610940458e-02
4.750439021791690863e-01 4.770022515596327589e-02 1.615274489527972895e-02
4.816032990798732594e-01 4.868052548321099432e-02 1.634311740649511263e-02
4.881471606100419858e-01 4.974168802749893287e-02 1.637854833479367514e-02
4.927931215068598880e-01 5.719674676965923882e-02 1.856781538440146345e-02
4.967786488826600455e-01 6.605471475600560582e-02 2.248637220233106609e-02
5.007351480038687574e-01 7.435473877556925126e-02 2.674200380301732655e-02
5.046512374561350489e-01 8.225317577929697199e-02 3.130742472186873182e-02
5.085365178767675687e-01 8.980880764953241835e-02 3.616240076443388157e-02
5.123909844427717575e-01 9.708464182114276420e-02 4.128638127077190884e-02
5.162118280642937762e-01 1.041339963109544908e-01 4.637843400234471086e-02
5.199961886980267733e-01 1.109984545853238136e-01 5.139138903438785627e-02
5.237557726358920140e-01 1.176832795692562272e-01 5.632332797514671280e-02
5.274778643909895370e-01 1.242369128856144200e-01 6.120074077768477422e-02
5.311768319877476774e-01 1.306518686023863118e-01 6.601538200070097839e-02
5.348431760739321694e-01 1.369618881620044692e-01 7.078594675533456115e-02
5.384784753334836971e-01 1.431774778574727847e-01 7.551669451219766849e-02
5.420895417436453201e-01 1.492992159329181445e-01 8.020565973513957281e-02
3.153299492386000824e-01 3.153299492386000824e-01 3.153299492386000824e-01
3.196191234531253755e-01 3.196191234531253755e-01 3.196191234531253755e-01
3.239082976676510017e-01 3.239082976676510017e-01 3.239082976676510017e-01
3.281974718821765169e-01 3.281974718821765169e-01 3.281974718821765169e-01
3.324866460967020321e-01 3.324866460967020321e-01 3.324866460967020321e-01
3.367758203112274917e-01 3.367758203112274917e-01 3.367758203112274917e-01
3.410649945257530069e-01 3.410649945257530069e-01 3.410649945257530069e-01
3.453541687402785776e-01 3.453541687402785776e-01 3.453541687402785776e-01
3.496433429548040372e-01 3.496433429548040372e-01 3.496433429548040372e-01
3.539325171693294414e-01 3.539325171693294414e-01 3.539325171693294414e-01
3.582216913838550121e-01 3.582216913838550121e-01 3.582216913838550121e-01
3.625108655983805828e-01 3.625108655983805828e-01 3.625108655983805828e-01
3.668000398129058759e-01 3.668000398129058759e-01 3.668000398129058759e-01
3.710892140274315576e-01 3.710892140274315576e-01 3.710892140274315576e-01
3.753783882419570728e-01 3.753783882419570728e-01 3.753783882419570728e-01
3.796675624564825324e-01 3.796675624564825324e-01 3.796675624564825324e-01
3.839567366710079366e-01 3.839567366710079366e-01 3.839567366710079366e-01
3.882459108855334518e-01 3.882459108855334518e-01 3.882459108855334518e-01
3.925350851000588559e-01 3.925350851000588559e-01 3.925350851000588559e-01
3.968242593145844266e-01 3.968242593145844266e-01 3.968242593145844266e-01
4.011134335291099418e-01 4.011134335291099418e-01 4.011134335291099418e-01
4.054026077436354014e-01 4.054026077436354014e-01 4.054026077436354014e-01
4.096917819581609721e-01 4.096917819581609721e-01 4.096917819581609721e-01
4.139809561726864873e-01 4.139809561726864873e-01 4.139809561726864873e-01
4.182701303872120580e-01 4.182701303872120580e-01 4.182701303872120580e-01
4.225593046017374066e-01 4.225593046017374066e-01 4.225593046017374066e-01
4.268484788162628663e-01 4.268484788162628663e-01 4.268484788162628663e-01
4.311376530307882704e-01 4.311376530307882704e-01 4.311376530307882704e-01
4.354268272453138966e-01 4.354268272453138966e-01 4.354268272453138966e-01
4.397160014598393007e-01 4.397160014598393007e-01 4.397160014598393007e-01
4.440051756743647604e-01 4.440051756743647604e-01 4.440051756743647604e-01
4.482943498888901646e-01 4.482943498888901646e-01 4.482943498888901646e-01
4.525835241034157352e-01 4.525835241034157352e-01 4.525835241034157352e-01
4.568726983179412504e-01 4.568726983179412504e-01 4.568726983179412504e-01
4.611618725324667656e-01 4.611618725324667656e-01 4.611618725324667656e-01
4.654510467469923363e-01 4.654510467469923363e-01 4.654510467469923363e-01
4.697402209615177959e-01 4.697402209615177959e-01 4.697402209615177959e-01
4.740293951760433666e-01 4.740293951760433666e-01 4.740293951760433666e-01
4.783185693905687152e-01 4.783185693905687152e-01 4.783185693905687152e-01
4.826077436050942304e-01 4.826077436050942304e-01 4.826077436050942304e-01
4.868969178196198566e-01 4.868969178196198566e-01 4.868969178196198566e-01
4.911860920341452053e-01 4.911860920341452053e-01 4.911860920341452053e-01
4.954752662486706649e-01 4.954752662486706649e-01 4.954752662486706649e-01
4.997644404631962356e-01 4.997644404631962356e-01 4.997644404631962356e-01
5.040536146777218063e-01 5.040536146777218063e-01 5.040536146777218063e-01
5.083427888922471549e-01 5.083427888922471549e-01 5.083427888922471549e-01
5.126319631067723925e-01 5.126319631067723925e-01 5.126319631067723925e-01
5.169211373212980742e-01 5.169211373212980742e-01 5.169211373212980742e-01
5.212103115358235339e-01 5.212103115358235339e-01 5.212103115358235339e-01
5.254994857503492156e-01 5.254994857503492156e-01 5.254994857503492156e-01
5.297886599648747863e-01 5.297886599648747863e-01 5.297886599648747863e-01
5.340778341794000239e-01 5.340778341794000239e-01 5.340778341794000239e-01
5.383670083939258166e-01 5.383670083939258166e-01 5.383670083939258166e-01
5.426561826084511653e-01 5.426561826084511653e-01 5.426561826084511653e-01
5.469453568229768470e-01 5.469453568229768470e-01 5.469453568229768470e-01
5.512345310375020846e-01 5.512345310375020846e-01 5.512345310375020846e-01
5.555237052520275443e-01 5.555237052520275443e-01 5.555237052520275443e-01
5.598128794665530039e-01 5.598128794665530039e-01 5.598128794665530039e-01
5.641020536810786856e-01 5.641020536810786856e-01 5.641020536810786856e-01
5.683912278956041453e-01 5.683912278956041453e-01 5.683912278956041453e-01
5.726804021101296049e-01 5.726804021101296049e-01 5.726804021101296049e-01
5.769695763246550646e-01 5.769695763246550646e-01 5.769695763246550646e-01
5.812587505391806353e-01 5.812587505391806353e-01 5.812587505391806353e-01
5.855479247537060949e-01 5.855479247537060949e-01 5.855479247537060949e-01
5.898370989682313326e-01 5.898370989682313326e-01 5.898370989682313326e-01
5.941262731827567922e-01 5.941262731827567922e-01 5.941262731827567922e-01
5.984154473972825850e-01 5.984154473972825850e-01 5.984154473972825850e-01
6.027046216118080446e-01 6.027046216118080446e-01 6.027046216118080446e-01
6.069937958263336153e-01 6.069937958263336153e-01 6.069937958263336153e-01
6.112829700408589639e-01 6.112829700408589639e-01 6.112829700408589639e-01
6.155721442553845346e-01 6.155721442553845346e-01 6.155721442553845346e-01
6.198613184699098833e-01 6.198613184699098833e-01 6.198613184699098833e-01
6.241504926844354539e-01 6.241504926844354539e-01 6.241504926844354539e-01
6.284396668989608026e-01 6.284396668989608026e-01 6.284396668989608026e-01
6.327288411134864843e-01 6.327288411134864843e-01 6.327288411134864843e-01
6.370180153280120550e-01 6.370180153280120550e-01 6.370180153280120550e-01
6.413071895425374036e-01 6.413071895425374036e-01 6.413071895425374036e-01
6.455963637570627522e-01 6.455963637570627522e-01 6.455963637570627522e-01
6.498855379715881009e-01 6.498855379715881009e-01 6.498855379715881009e-01
6.541747121861138936e-01 6.541747121861138936e-01 6.541747121861138936e-01
6.584638864006394643e-01 6.584638864006394643e-01 6.584638864006394643e-01
6.627530606151649240e-01 6.627530606151649240e-01 6.627530606151649240e-01
6.670422348296903836e-01 6.670422348296903836e-01 6.670422348296903836e-01
6.713314090442158433e-01 6.713314090442158433e-01 6.713314090442158433e-01
6.756205832587413029e-01 6.756205832587413029e-01 6.756205832587413029e-01
6.799097574732668736e-01 6.799097574732668736e-01 6.799097574732668736e-01
6.841989316877924443e-01 6.841989316877924443e-01 6.841989316877924443e-01
6.884881059023179040e-01 6.884881059023179040e-01 6.884881059023179040e-01
6.927772801168431416e-01 6.927772801168431416e-01 6.927772801168431416e-01
6.970664543313687123e-01 6.970664543313687123e-01 6.970664543313687123e-01
7.013556285458942829e-01 7.013556285458942829e-01 7.013556285458942829e-01
7.056448027604201867e-01 7.056448027604201867e-01 7.056448027604201867e-01
7.099339769749454243e-01 7.099339769749454243e-01 7.099339769749454243e-01
7.142231511894706619e-01 7.142231511894706619e-01 7.142231511894706619e-01
7.185123254039962326e-01 7.185123254039962326e-01 7.185123254039962326e-01
7.228014996185216923e-01 7.228014996185216923e-01 7.228014996185216923e-01
7.270906738330472630e-01 7.270906738330472630e-01 7.270906738330472630e-01
7.313798480475727226e-01 7.313798480475727226e-01 7.313798480475727226e-01
7.356690222620984043e-01 7.356690222620984043e-01 7.356690222620984043e-01
7.399581964766237530e-01 7.399581964766237530e-01 7.399581964766237530e-01
7.442473706911493236e-01 7.442473706911493236e-01 7.442473706911493236e-01
7.485365449056745613e-01 7.485365449056745613e-01 7.485365449056745613e-01
7.528257191202004650e-01 7.528257191202004650e-01 7.528257191202004650e-01
7.571148933347258136e-01 7.571148933347258136e-01 7.571148933347258136e-01
7.614040675492512733e-01 7.614040675492512733e-01 7.614040675492512733e-01
7.656932417637769550e-01 7.656932417637769550e-01 7.656932417637769550e-01
7.699824159783021926e-01 7.699824159783021926e-01 7.699824159783021926e-01
7.742715901928277633e-01 7.742715901928277633e-01 7.742715901928277633e-01
7.785607644073533340e-01 7.785607644073533340e-01 7.785607644073533340e-01
7.828499386218785716e-01 7.828499386218785716e-01 7.828499386218785716e-01
7.871391128364041423e-01 7.871391128364041423e-01 7.871391128364041423e-01
7.914282870509294909e-01 7.914282870509294909e-01 7.914282870509294909e-01
7.957174612654551726e-01 7.957174612654551726e-01 7.957174612654551726e-01
8.000066354799806323e-01 8.000066354799806323e-01 8.000066354799806323e-01
8.042958096945058699e-01 8.042958096945058699e-01 8.042958096945058699e-01
8.085849839090315516e-01 8.085849839090315516e-01 8.085849839090315516e-01
8.128741581235570113e-01 8.128741581235570113e-01 8.128741581235570113e-01
8.171633323380825820e-01 8.171633323380825820e-01 8.171633323380825820e-01
8.214525065526081526e-01 8.214525065526081526e-01 8.214525065526081526e-01
8.257416807671335013e-01 8.257416807671335013e-01 8.257416807671335013e-01
8.300308549816588499e-01 8.300308549816588499e-01 8.300308549816588499e-01
8.343200291961845316e-01 8.343200291961845316e-01 8.343200291961845316e-01
8.386092034107102133e-01 8.386092034107102133e-01 8.386092034107102133e-01
8.428983776252353399e-01 8.428983776252353399e-01 8.428983776252353399e-01
8.471875518397609106e-01 8.471875518397609106e-01 8.471875518397609106e-01
8.514767260542863703e-01 8.514767260542863703e-01 8.514767260542863703e-01
8.557659002688117189e-01 8.557659002688117189e-01 8.557659002688117189e-01
8.600550744833375116e-01 8.600550744833375116e-01 8.600550744833375116e-01
8.643442486978629713e-01 8.643442486978629713e-01 8.643442486978629713e-01
8.686334229123885420e-01 8.686334229123885420e-01 8.686334229123885420e-01
8.729225971269137796e-01 8.729225971269137796e-01 8.729225971269137796e-01
8.772117713414392393e-01 8.772117713414392393e-01 8.772117713414392393e-01
8.815009455559646989e-01 8.815009455559646989e-01 8.815009455559646989e-01
8.857901197704901586e-01 8.857901197704901586e-01 8.857901197704901586e-01
8.900792939850158403e-01 8.900792939850158403e-01 8.900792939850158403e-01
8.943684681995415220e-01 8.943684681995415220e-01 8.943684681995415220e-01
8.986576424140669817e-01 8.986576424140669817e-01 8.986576424140669817e-01
9.029468166285923303e-01 9.029468166285923303e-01 9.029468166285923303e-01
9.072359908431176789e-01 9.072359908431176789e-01 9.072359908431176789e-01
9.115251650576432496e-01 9.115251650576432496e-01 9.115251650576432496e-01
9.158143392721688203e-01 9.158143392721688203e-01 9.158143392721688203e-01
9.201035134866947240e-01 9.201035134866947240e-01 9.201035134866947240e-01
9.243926877012198506e-01 9.243926877012198506e-01 9.243926877012198506e-01
9.286818619157453103e-01 9.286818619157453103e-01 9.286818619157453103e-01
9.329710361302703259e-01 9.329710361302703259e-01 9.329710361302703259e-01
9.372602103447962296e-01 9.372602103447962296e-01 9.372602103447962296e-01
9.415493845593220223e-01 9.415493845593220223e-01 9.415493845593220223e-01
9.458385587738472600e-01 9.458385587738472600e-01 9.458385587738472600e-01
9.501277329883727196e-01 9.501277329883727196e-01 9.501277329883727196e-01
9.544169072028984013e-01 9.544169072028984013e-01 9.544169072028984013e-01
9.587060814174238610e-01 9.587060814174238610e-01 9.587060814174238610e-01
9.629952556319493207e-01 9.629952556319493207e-01 9.629952556319493207e-01
9.672844298464748913e-01 9.672844298464748913e-01 9.672844298464748913e-01
9.715736040610000179e-01 9.715736040610000179e-01 9.715736040610000179e-01
9.978432283842005868e-01 9.802961935801243198e-01 5.359476218656898938e-01
9.953357892498678750e-01 9.754607871998591806e-01 5.271586229528189005e-01
9.928105677872837154e-01 9.706415250145837836e-01 5.184683069556976776e-01
9.903342980960895270e-01 9.658211828224726458e-01 5.096944105344171083e-01
9.878642418362423294e-01 9.610104668753535195e-01 5.009526858304130803e-01
9.854256578186012527e-01 9.562025329604492141e-01 4.921739740694489051e-01
9.830079718703396141e-01 9.513998477821362654e-01 4.833866650088431416e-01
9.806140393894161589e-01 9.466013471801170143e-01 4.745827567062011476e-01
9.782452277902936588e-01 9.418063286597168071e-01 4.657584506067121155e-01
9.759032478400332389e-01 9.370139625788612703e-01 4.569092171620426357e-01
9.735789499805808100e-01 9.322264466615381995e-01 4.480601441875559643e-01
9.712963759969638344e-01 9.274366015538072494e-01 4.391468619040668764e-01
9.690111708929892709e-01 9.226566850442664558e-01 4.302900680088687091e-01
9.667953298932839834e-01 9.178654633427619780e-01 4.212972291336123387e-01
9.645788117596251210e-01 9.130827893175296195e-01 4.123589207776134358e-01
9.624001848631690281e-01 9.082968621248701524e-01 4.033742622276215717e-01
9.602666876012272423e-01 9.035047903080030141e-01 3.943280745413996202e-01
9.581490443379218069e-01 8.987148123271777589e-01 3.853032914698127920e-01
9.560633308823455190e-01 8.939213680782645000e-01 3.762636655847300116e-01
9.540440790642866764e-01 8.891126424397395311e-01 3.671283464339216152e-01
9.520588796724548386e-01 8.842977366186245414e-01 3.579948774346428109e-01
9.501166988714880857e-01 8.794726302424927811e-01 3.488564691516718441e-01
9.482269612419588212e-01 8.746327793829931085e-01 3.397119947732571976e-01
9.463991444796754360e-01 8.697731466082585516e-01 3.305700638126612967e-01
9.446420319224104745e-01 8.648883198537373751e-01 3.214553316235411184e-01
9.429624334652738638e-01 8.599727860741686047e-01 3.124180116240823923e-01
9.413631293002615585e-01 8.550214568526324221e-01 3.035476284191467866e-01
9.399098737378210888e-01 8.500039601448085014e-01 2.948630253465631124e-01
9.385515049117487685e-01 8.449302519336230333e-01 2.867080160051843629e-01
9.372963277392469816e-01 8.397846848644432427e-01 2.794327681518218864e-01
9.360266236434040543e-01 8.345991584724830048e-01 2.736858856865437284e-01
9.344984668894145141e-01 8.294677530356667772e-01 2.700336483853311154e-01
9.325220709976469458e-01 8.244842080203085288e-01 2.683687634847097270e-01
9.300989086308472098e-01 8.196714583108645202e-01 2.680780615707166747e-01
9.273364918892486042e-01 8.149998147680962424e-01 2.686281197137000420e-01
9.243235950325414674e-01 8.104417263942992333e-01 2.696507395250062333e-01
9.211398869782073673e-01 8.059661328566567473e-01 2.709890545817668084e-01
9.178291015449944190e-01 8.015575955822014098e-01 2.725088334236415721e-01
9.144267092748822323e-01 7.972016985589809313e-01 2.741532281191444431e-01
9.109526952123807586e-01 7.928920149855390731e-01 2.758424557526696352e-01
9.074284515742626622e-01 7.886184627722915286e-01 2.775791561205929736e-01
9.038662273441441242e-01 7.843762995350285205e-01 2.793353791489135429e-01
9.002757267029706245e-01 7.801616640509642098e-01 2.810915752822348290e-01
8.966640167079842350e-01 7.759720887091883235e-01 2.828242345920172762e-01
8.930382087372842337e-01 7.718041612664009454e-01 2.845341906033494461e-01
8.894036460878149697e-01 7.676554415850607160e-01 2.862181592552848763e-01
8.857644875376150528e-01 7.635241308521281134e-01 2.878705515286924532e-01
8.821242175429404586e-01 7.594086878200311252e-01 2.894872708252909654e-01
8.784857803001877574e-01 7.553077812213933040e-01 2.910653013998000804e-01
8.748516832249964015e-01 7.512202523211802818e-01 2.926024132196693439e-01
8.712240774727931791e-01 7.471450852235137496e-01 2.940969495767536412e-01
