5.404542147851582046e-01 4.196554993606216866e-01 6.347417969054977571e-02
5.475640076537345857e-01 4.159413733549238712e-01 5.767989682627482767e-02
5.544889273890641901e-01 4.122182436060289334e-01 5.204165098420281826e-02
5.614052467746719621e-01 4.083918435433875893e-01 4.644121793870530784e-02
5.681605535174528709e-01 4.045464779810951095e-01 4.103356584337831264e-02
5.748918497979744746e-01 4.006044533290186727e-01 3.583301603358639981e-02
5.814729237401011774e-01 3.966397322552597804e-01 3.126733463319494172e-02
5.880252747117979961e-01 3.925792195860940414e-01 2.725969815384737815e-02
5.944274913845580821e-01 3.884982666580460431e-01 2.387941515858617997e-02
6.008050558811741659e-01 3.843168112997839558e-01 2.105643277830539575e-02
6.070256921760663893e-01 3.801216999502823879e-01 1.884514506303522352e-02
6.132293469053743395e-01 3.758183589718195328e-01 1.719375772353419138e-02
6.192857425203085464e-01 3.714966758161996063e-01 1.613712925307830143e-02
6.252952676325742587e-01 3.670853182153797079e-01 1.565532070800974146e-02
6.311872663032567221e-01 3.626355182787966425e-01 1.575709470365519935e-02
6.369991102822762929e-01 3.581193828809159929e-01 1.644312256675515074e-02
6.427255218230230049e-01 3.535402311744878512e-01 1.771947400454771185e-02
6.483364477071793530e-01 3.489224418316905774e-01 1.958257962607905939e-02
6.538951617968904451e-01 3.442130104071099983e-01 2.206442995382567468e-02
6.593282013132173436e-01 3.394735373179715299e-01 2.514381952781702054e-02
6.646902460942453184e-01 3.346562520235726867e-01 2.886285438189962679e-02
6.699548361253236939e-01 3.297836564102101797e-01 3.322245276902664052e-02
6.751042199009769096e-01 3.248725937554790000e-01 3.822132704969836980e-02
6.801957656271069297e-01 3.198669343659602537e-01 4.379931290910254321e-02
6.851696788979432240e-01 3.148240027451233991e-01 4.955939717492222757e-02
6.900431177476555877e-01 3.097267293604546445e-01 5.549014132745778288e-02
6.948384880454971935e-01 3.045499408811755404e-01 6.159887763278459188e-02
6.995190872917713687e-01 2.993320396509521752e-01 6.782465781330077048e-02
7.040985840212639069e-01 2.940575824787531878e-01 7.417500325901130176e-02
7.085924900050686315e-01 2.887066553679130676e-01 8.066758204011409417e-02
7.129719417157270867e-01 2.833120903396807444e-01 8.725915374239531785e-02
7.172395482073590234e-01 2.778705158936558006e-01 9.395248294458458105e-02
7.214218541632104742e-01 2.723457417398481017e-01 1.007931220064627598e-01
7.254878494509537923e-01 2.667763406919391733e-01 1.077358286948287280e-01
7.294379464454107120e-01 2.611612374443606499e-01 1.147851932107952222e-01
7.332817730032555881e-01 2.554851558017929847e-01 1.219648212734536219e-01
7.370181270029974030e-01 2.497471483424055227e-01 1.292813807980260354e-01
7.406340610446755512e-01 2.439651471651962944e-01 1.367179008360766557e-01
7.441288308981029997e-01 2.381392584963575865e-01 1.442804028812002259e-01
7.475067073115698735e-01 2.322604758864795227e-01 1.519873839095334800e-01
7.507675470948824703e-01 2.263261078576920826e-01 1.598498865473925445e-01
7.539006704062998221e-01 2.203532794938538042e-01 1.678529026949298619e-01
7.569044684232079101e-01 2.143437145907876595e-01 1.760018270786740946e-01
7.597771020939655395e-01 2.082996646792800721e-01 1.843016627653631112e-01
7.625207621115951406e-01 2.022143117798067546e-01 1.927704703454112822e-01
7.651307020956917837e-01 1.960955312949781981e-01 2.014065843164336567e-01
7.676012530464239036e-01 1.899549943081421388e-01 2.102029810771829377e-01
7.699301226266258569e-01 1.837975846256438839e-01 2.191624397154825488e-01
7.721149158518069155e-01 1.776290681478557565e-01 2.282870080949251923e-01
7.741531652878715919e-01 1.714561996706531755e-01 2.375779450710697738e-01
7.760436638231144046e-01 1.652824215194825253e-01 2.470425148420493100e-01
7.777833581505807503e-01 1.591176524018044491e-01 2.566794002766872862e-01
7.793681949764548200e-01 1.529776861007635380e-01 2.664791255653798929e-01
7.807958702134198958e-01 1.468745605283257039e-01 2.764393897247392484e-01
7.820641560929822989e-01 1.408221282593251356e-01 2.865569054096688828e-01
7.831709323279391066e-01 1.348362975659343210e-01 2.968273827383107188e-01
7.841142161949122835e-01 1.289353004681327020e-01 3.072455233714864176e-01
7.848921910659102386e-01 1.231399843112135351e-01 3.178050256271042762e-01
7.855032329034806748e-01 1.174741185657638132e-01 3.284986011675901652e-01
7.859460445647123983e-01 1.119630310671829443e-01 3.393213552091536855e-01
7.862192543194710392e-01 1.066386569505568260e-01 3.502616136992227069e-01
7.863219077166665461e-01 1.015362102615586515e-01 3.613073491214460753e-01
7.862534138967181008e-01 9.669362174177931202e-02 3.724478334328356621e-01
7.860134531912581490e-01 9.215251831203385979e-02 3.836716085500023743e-01
7.856019837261222216e-01 8.795781421191467553e-02 3.949665657082322978e-01
7.850192440900429780e-01 8.415690164862513201e-02 4.063200318386125387e-01
7.842657521483218375e-01 8.079834700808402603e-02 4.177188613841303910e-01
7.833423001777682915e-01 7.793004025397265444e-02 4.291495318716468388e-01
7.822499465860646151e-01 7.559682745614554333e-02 4.405982415164154675e-01
7.809900045515723033e-01 7.383777740584784866e-02 4.520510071577523159e-01
7.795640279755434721e-01 7.268337093183074860e-02 4.634937609034173733e-01
7.779737951761842574e-01 7.215301166741733274e-02 4.749124439880861304e-01
7.762212907727559230e-01 7.225328571566941305e-02 4.862930965179031451e-01
7.743086936841110379e-01 7.297730445386410580e-02 4.976218995649577814e-01
7.722383918874140551e-01 7.430524216868911180e-02 5.088850864508034366e-01
7.700128757816306901e-01 7.620607064650042339e-02 5.200695068008582833e-01
7.676347507537557568e-01 7.864006260798839243e-02 5.311624430740800040e-01
7.651067223453272836e-01 8.156164675824770227e-02 5.421516296467303597e-01
7.624315759111922608e-01 8.492221810526009995e-02 5.530253008857286545e-01
7.596121569382328076e-01 8.867259206387967385e-02 5.637722314000146451e-01
7.566513521898172723e-01 9.276493193597226683e-02 5.743817686485646057e-01
7.535520717907004951e-01 9.715410735388776975e-02 5.848438581911096223e-01
7.503172323204647665e-01 1.017985314327460311e-01 5.951490619485854117e-01
7.469497409425166490e-01 1.066605720377305777e-01 6.052885698969788786e-01
7.434524805608798692e-01 1.117066461573250347e-01 6.152542056530002634e-01
7.398282959688700089e-01 1.169070985148990272e-01 6.250384264262750511e-01
7.360799809321637577e-01 1.222359474868832396e-01 6.346343178138157404e-01
7.322102661334866092e-01 1.276705608470613262e-01 6.440355839016850270e-01
7.282218686521585438e-01 1.331912216558315543e-01 6.532363965190521871e-01
7.241174305902666752e-01 1.387808553327814776e-01 6.622315197970848333e-01
7.198992071824831251e-01 1.444251026415020456e-01 6.710169033268800209e-01
7.155695443304996850e-01 1.501113490591446387e-01 6.795885677250963486e-01
7.111306749949598549e-01 1.558287279382722101e-01 6.879430392225400759e-01
7.065847110500553807e-01 1.615678843458519809e-01 6.960773201280897604e-01
7.019336354542673462e-01 1.673207700944860654e-01 7.039888572467351002e-01
6.971792946930327473e-01 1.730804673287610340e-01 7.116755084905895812e-01
6.923233914642323850e-01 1.788410375743235969e-01 7.191355078999183137e-01
6.873674775932806513e-01 1.845973930688213083e-01 7.263674292732369420e-01
6.823129471809689095e-01 1.903451873176839892e-01 7.333701485914847495e-01
6.771610300039185848e-01 1.960807220534798723e-01 7.401428054108183385e-01
6.719127852044392002e-01 2.018008680620942963e-01 7.466847633917874649e-01
6.665690953237466410e-01 2.075029976342306348e-01 7.529955701291434211e-01
6.611302159180020288e-01 2.131853865652992286e-01 7.590754000320146799e-01
6.555965973439374928e-01 2.188462793911911675e-01 7.649240307368428970e-01
6.499688546120889754e-01 2.244839138917576471e-01 7.705409461717599440e-01
6.442471187946083866e-01 2.300971457975148349e-01 7.759259846462990273e-01
6.384313271694742609e-01 2.356851058972823099e-01 7.810789620416181966e-01
6.325212215295208384e-01 2.412471696264945620e-01 7.859996319013324850e-01
6.265163476884212379e-01 2.467829291375525091e-01 7.906876461367515763e-01
6.204160563940410711e-01 2.522921671715502856e-01 7.951425166018575297e-01
6.142195058839072797e-01 2.577748321466314385e-01 7.993635778241545697e-01
6.079256663431856778e-01 2.632310139605356647e-01 8.033499512133808196e-01
6.015333265527984530e-01 2.686609200758728888e-01 8.071005111113824793e-01
5.950411030435942550e-01 2.740648515190649559e-01 8.106138530936985997e-01
5.884474521016941351e-01 2.794431784797782314e-01 8.138882649866264751e-01
5.817506849993998586e-01 2.847963152494230599e-01 8.169217011229011893e-01
5.749489868545583082e-01 2.901246942869606937e-01 8.197117604241342947e-01
5.680404395475600055e-01 2.954287392499865827e-01 8.222556689680590170e-01
5.610230491474003101e-01 3.007088368809661127e-01 8.245502677718780093e-01
5.538947783142313952e-01 3.059653076944581218e-01 8.265920065974161624e-01
5.466535841524492456e-01 3.111983754733517182e-01 8.283769446559617888e-01
5.392974619822294979e-01 3.164081356521142863e-01 8.299007591563241082e-01
5.318244954742152864e-01 3.215945227445243249e-01 8.311587626928099715e-01
5.242329135469987467e-01 3.267572770634067369e-01 8.321459305034398790e-01
5.165211543548119399e-01 3.318959110810552060e-01 8.328569386338658953e-01
5.086879365877067238e-01 3.370096758911335089e-01 8.332862140090131486e-01
5.007323381628830949e-01 3.420975283544931411e-01 8.334279973309555167e-01
4.926538821982529570e-01 3.471580996399137309e-01 8.332764195758379788e-01
4.844526299235389355e-01 3.521896660019610548e-01 8.328255926425315314e-01
4.761292798974993690e-01 3.571901227657462430e-01 8.320697144001344414e-01
4.676852725619207729e-01 3.621569626043247281e-01 8.310031879816210942e-01
4.591228987772551506e-01 3.670872592885625063e-01 8.296207546725008486e-01
4.504454105585330992e-01 3.719776581497968304e-01 8.279176391478374475e-01
4.416571317764917404e-01 3.768243745094222441e-01 8.258897051281628432e-01
4.327635661260541555e-01 3.816232012833747356e-01 8.235336187744884962e-01
4.237691821735502518e-01 3.863707364036217951e-01 8.208462851503943725e-01
4.146825447652902619e-01 3.910617062308913705e-01 8.178263872497010256e-01
4.055155650013078095e-01 3.956895785670490606e-01 8.144746892498525570e-01
3.962795381987438414e-01 4.002486842100829723e-01 8.107928283050613860e-01
3.869873146417389664e-01 4.047331441395073948e-01 8.067840500845214757e-01
3.776533077673203120e-01 4.091369477027563817e-01 8.024533181698544348e-01
3.682934726092825239e-01 4.134540402265646231e-01 7.978073935574573339e-01
3.589252516980943608e-01 4.176784180166740468e-01 7.928548790317619943e-01
3.495667617331756905e-01 4.218045441507524695e-01 7.876058060403569039e-01
3.402388304224044924e-01 4.258264940538294407e-01 7.820727972472857337e-01
3.309639241073131788e-01 4.297385053406170274e-01 7.762706324487983478e-01
3.217641875923663575e-01 4.335358153613674825e-01 7.702150211935048230e-01
3.126624147400319798e-01 4.372142128797084637e-01 7.639230857874792502e-01
3.036817937080804608e-01 4.407701125501533590e-01 7.574131570957109982e-01
2.948456295401691851e-01 4.442006154354237735e-01 7.507045425002304428e-01
2.861779924917774443e-01 4.475031975054518107e-01 7.438180404556598013e-01
2.777029354596764477e-01 4.506759439003327761e-01 7.367754486612391185e-01
2.694405219307448585e-01 4.537189039726252093e-01 7.295961542143430956e-01
2.614112600822001697e-01 4.566322824176782258e-01 7.223006690391499118e-01
2.536342159693371068e-01 4.594170238025075403e-01 7.149091568563140653e-01
2.461267144388550321e-01 4.620747766294072689e-01 7.074412066658249953e-01
2.389040528818699438e-01 4.646078466138428564e-01 6.999156301355481391e-01
2.319792332022596604e-01 4.670191415265600443e-01 6.923502860210449805e-01
2.253627178445972157e-01 4.693121099914542849e-01 6.847619333033274636e-01
2.190635321139943748e-01 4.714902216464008089e-01 6.771677408760371497e-01
2.130864468006732904e-01 4.735578110854406497e-01 6.695821923393407982e-01
2.074314523807571642e-01 4.755201461307264066e-01 6.620160805070119947e-01
2.020970955343689979e-01 4.773821870466460893e-01 6.544807707995767831e-01
1.970787787629199594e-01 4.791491045308690633e-01 6.469862194640889630e-01
1.923687910588807448e-01 4.808262230432230333e-01 6.395409744538266272e-01
1.879564002753144614e-01 4.824189684163986969e-01 6.321521902607841747e-01
1.838280072029338519e-01 4.839328199474551284e-01 6.248256537801953892e-01
1.799673585854276170e-01 4.853732669472759498e-01 6.175658185521009091e-01
1.763558135244228386e-01 4.867457695488634495e-01 6.103758450693523852e-01
1.729726552447862775e-01 4.880557234446291637e-01 6.032576452333328065e-01
1.697954382808148643e-01 4.893084281355383758e-01 5.962119294511197820e-01
1.668003600022314459e-01 4.905090582275621336e-01 5.892382552782831073e-01
1.639626451203844426e-01 4.916626372989850169e-01 5.823350769016635287e-01
1.612569323808962785e-01 4.927740138809555970e-01 5.754997951117343247e-01
1.586576539417699216e-01 4.938478391382517541e-01 5.687288077230252537e-01
1.561393997668450162e-01 4.948885459026464706e-01 5.620175606547669345e-01
1.536772615140681864e-01 4.959003287924101389e-01 5.553606000756711181e-01
1.512471526504372277e-01 4.968871252434254315e-01 5.487516261418802221e-01
1.488261037024911082e-01 4.978525973748543776e-01 5.421835489128383756e-01
1.463925335266078875e-01 4.988001147100459831e-01 5.356485470155876172e-01
1.439264991932910076e-01 4.997327378659751074e-01 5.291381295456959455e-01
1.414099285159448605e-01 5.006532034065224179e-01 5.226432015475721560e-01
1.388268404554539037e-01 5.015639101212018280e-01 5.161541332164174545e-01
1.361635596662764680e-01 5.024669070367840940e-01 5.096608327200355948e-01
1.334089324009014310e-01 5.033638834908791271e-01 5.031528222658570026e-01
1.305545519380570119e-01 5.042561615913747630e-01 4.966193167543038745e-01
1.275950027064569614e-01 5.051446913526718152e-01 4.900493040831656599e-01
1.245281333592551387e-01 5.060300487398062819e-01 4.834316259186734466e-01
1.213553504862896204e-01 5.069124421441529860e-01 4.767550165915222515e-01
1.180817912324266250e-01 5.077917668214276814e-01 4.700077889222942784e-01
1.147172916766308337e-01 5.086674664153610914e-01 4.631790152122961524e-01
1.112764896928027658e-01 5.095386581929949310e-01 4.562577274024795515e-01
1.077795199425406747e-01 5.104041186716204992e-01 4.492331808603716170e-01
1.042527059078500185e-01 5.112622981455599014e-01 4.420949088903390334e-01
1.007293354791778950e-01 5.121113368366102536e-01 4.348327680860646360e-01
9.725049187684800533e-02 5.129490820708199061e-01 4.274369737296424554e-01
9.386587936037096846e-02 5.137731058236726378e-01 4.198981247675063200e-01
9.063453567792245646e-02 5.145807219383020659e-01 4.122072182431567033e-01
8.762525991776659584e-02 5.153690023064710912e-01 4.043556534258571644e-01
8.491651124884194712e-02 5.161347913076096416e-01 3.963352262315644747e-01
8.259546919619178973e-02 5.168747178238286555e-01 3.881381148802116043e-01
8.075592549824459065e-02 5.175852041845104834e-01 3.797568580701993768e-01
7.949475362975794157e-02 5.182624714386198095e-01 3.711843272807964222e-01
7.890692599183807276e-02 5.189025404024457666e-01 3.624136951466737089e-01
7.907943035622316819e-02 5.195012279822720513e-01 3.534384022033864037e-01
8.008489518146355568e-02 5.200541383239035698e-01 3.442521247027233167e-01
8.197785822025441260e-02 5.205570086415518549e-01 3.348415415396021610e-01
8.478925615761781498e-02 5.210047620206930130e-01 3.252019586468509749e-01
8.852510462590876261e-02 5.213920482957924429e-01 3.153295776484627000e-01
9.317001313141948238e-02 5.217133339538158054e-01 3.052181827467279063e-01
9.869110599190894506e-02 5.219627132608902764e-01 2.948617465205464749e-01
1.050434477683322432e-01 5.221338585344008631e-01 2.842545131338884423e-01
1.121754883762429433e-01 5.222199644314386990e-01 2.733911329337890828e-01
1.200609480052563793e-01 5.222135040547641882e-01 2.622295291776623460e-01
1.286348787236507030e-01 5.221058407881414842e-01 2.507885603474451219e-01
1.378459217291783667e-01 5.218880293869490039e-01 2.390707774531692364e-01
1.476730599298007873e-01 5.215495108428602755e-01 2.270490831084531758e-01
1.581053387120790465e-01 5.210777163942659218e-01 2.146965747401679558e-01
1.690742697144184403e-01 5.204618642318594723e-01 2.020636539056095971e-01
1.806336549291982507e-01 5.196832021392000511e-01 1.890701061826217111e-01
1.926920631918978555e-01 5.187307828335097071e-01 1.758124741222351628e-01
2.053204000480881586e-01 5.175802533767286384e-01 1.622204309126897559e-01
2.184262716790105752e-01 5.162196964024488022e-01 1.484181124602573509e-01
2.319879537766519895e-01 5.146312561793197071e-01 1.344720557265334238e-01
2.459737044252160998e-01 5.127977556141638527e-01 1.204876957449173558e-01
2.602390439241032416e-01 5.107192561318900648e-01 1.067175581211990409e-01
2.746375051321175986e-01 5.084032843409439506e-01 9.345295419369128997e-02
2.889839146582300899e-01 5.058725524068167223e-01 8.106249068625653864e-02
3.030813132470548954e-01 5.031633337391406835e-01 6.995634880099024788e-02
3.167568249916158374e-01 5.003191620875632184e-01 6.052883061874377718e-02
3.298845156660135669e-01 4.973837672952740596e-01 5.309569299552694549e-02
3.423702788004516218e-01 4.944009526408836286e-01 4.783974478936686009e-02
3.542298988613560851e-01 4.913914136149280520e-01 4.473358123980839679e-02
3.654942844721048578e-01 4.883705356997760094e-01 4.358919141118227508e-02
3.761415960955306059e-01 4.853669343632964206e-01 4.408303626585197837e-02
3.863053675527448050e-01 4.823630789279922948e-01 4.583618381539782821e-02
3.959553320977878821e-01 4.793856901548064209e-01 4.846449490298557899e-02
4.052096419056459564e-01 4.764141524613578205e-01 5.166590505528399074e-02
4.140967907280972971e-01 4.734522028580881448e-01 5.518440322416098137e-02
4.226355465708271919e-01 4.705054663698813866e-01 5.881807314034865480e-02
4.309001442425187123e-01 4.675584273374273070e-01 6.244011023343230132e-02
4.389221056055693793e-01 4.646080311162095744e-01 6.594514809401502697e-02
4.467310069427799513e-01 4.616504929354451892e-01 6.925486652348561423e-02
4.543380883564937522e-01 4.586879113201962066e-01 7.230371370326169056e-02
4.617895783066744975e-01 4.557076497080485011e-01 7.505435652939318469e-02
4.691097619029427901e-01 4.527041924068733736e-01 7.746875840795480750e-02
4.763201822410432773e-01 4.496721342705489177e-01 7.951308615383767542e-02
4.834408488928522707e-01 4.466058039366438970e-01 8.115543197732058567e-02
4.904903139939489898e-01 4.434993126360504689e-01 8.236350179068907540e-02
4.974857342878755140e-01 4.403466010102289330e-01 8.310249447574927228e-02
5.044429151877095618e-01 4.371414877055042059e-01 8.333295285062108926e-02
5.113763317884953974e-01 4.338777241937184503e-01 8.300835899760647396e-02
5.182991192733147345e-01 4.305490616755560107e-01 8.207219816903904563e-02
5.252230212032856782e-01 4.271493382708358433e-01 8.045410196242980261e-02
5.321582787983359930e-01 4.236725981736705338e-01 7.806444848504781597e-02
5.391134378204684996e-01 4.201132591141774064e-01 7.478632125354672811e-02
