9.345899218079473103e-01 9.308468535401923649e-01 9.527121598234155053e-01
9.317427384147130009e-01 9.265559169859566291e-01 9.461412847112190549e-01
9.288323151212234396e-01 9.222903185306413620e-01 9.397258851930316848e-01
9.259014656554976908e-01 9.180422099085187027e-01 9.333811647328228434e-01
9.229490910874459386e-01 9.138118271011793636e-01 9.271087656276950639e-01
9.199777474389575493e-01 9.095987388769878335e-01 9.209029155030628022e-01
9.169834318717224875e-01 9.054037550731951489e-01 9.147707495523473842e-01
9.139687227512254264e-01 9.012264798371935060e-01 9.087060404880972220e-01
9.109285940266572679e-01 8.970679577253415360e-01 9.027176878689184836e-01
9.078584183128727281e-01 8.929291295619988800e-01 8.968142426813552337e-01
9.047531063535361184e-01 8.888107271516731966e-01 8.910081776220351024e-01
9.016111241776750829e-01 8.847109979588536621e-01 8.853222084733923802e-01
8.984773600020180551e-01 8.806072441106347348e-01 8.798005863890318023e-01
8.957156578807984326e-01 8.763733055795923654e-01 8.742439953591307766e-01
8.934429895784954390e-01 8.720376849990935098e-01 8.679132827136474271e-01
8.911862289430210193e-01 8.677553071034195264e-01 8.611451293770118198e-01
8.889359451831089221e-01 8.635014856893418189e-01 8.542095914675652546e-01
8.867116938006094351e-01 8.592609509355686459e-01 8.471741066544885568e-01
8.845266087736632921e-01 8.550269405833543779e-01 8.400488385945689140e-01
8.823737459191345334e-01 8.507991274319443020e-01 8.328611900775441113e-01
8.802551767793974635e-01 8.465759973509723313e-01 8.256144073735601774e-01
8.781723156295014876e-01 8.423565112404021171e-01 8.183096182593350143e-01
8.761185057025142608e-01 8.381415609718929627e-01 8.109618862038079357e-01
8.740930473614691998e-01 8.339308508975332712e-01 8.035739688319240015e-01
8.720952068860511330e-01 8.297241543120810192e-01 7.961481162736230299e-01
8.701280658536796331e-01 8.255204305809771270e-01 7.886787238448926818e-01
8.681860361945246130e-01 8.213205960844648379e-01 7.811769076946536439e-01
8.662688819092574377e-01 8.171244030607883735e-01 7.736431720476375506e-01
8.643746025935312716e-01 8.129320197586197283e-01 7.660813810727764572e-01
8.625034879855904002e-01 8.087431068747142904e-01 7.584907829855329631e-01
8.606546147206539654e-01 8.045576097831967921e-01 7.508729509413730741e-01
8.588266729702948021e-01 8.003755742930238615e-01 7.432301838409289818e-01
8.569623869913148839e-01 7.962191366375533930e-01 7.355859431728856146e-01
8.550504938518290743e-01 7.920970771858082404e-01 7.278998746292554278e-01
8.530849581648412006e-01 7.880123772917803082e-01 7.201683837184543746e-01
8.510553489556228479e-01 7.839691860217244956e-01 7.123959661845170599e-01
8.489330228346508855e-01 7.799787143731991002e-01 7.045972788504087925e-01
8.467217087867040526e-01 7.760402896946996254e-01 6.967642500138357953e-01
8.444094675146763818e-01 7.721590919106836592e-01 6.888992560450724056e-01
8.419826946126204303e-01 7.683408791881058963e-01 6.810067521686843373e-01
8.393858369850137890e-01 7.646065720377731578e-01 6.731281946153443441e-01
8.366346261960659891e-01 7.609512703952114876e-01 6.652451363576846743e-01
8.336844747046829873e-01 7.573915193569474846e-01 6.573955009267002936e-01
8.305100496696308232e-01 7.539367518776275423e-01 6.496025429014220531e-01
8.270795595522559829e-01 7.505979386186598656e-01 6.419039537235261550e-01
8.233795339766563082e-01 7.473786068829111340e-01 6.343290132703457429e-01
8.193527781515338448e-01 7.442973494709732574e-01 6.269543660928612594e-01
8.150187381418861898e-01 7.413436869430644061e-01 6.197992186956774452e-01
8.103671933740643762e-01 7.385171999523609809e-01 6.129154791955783166e-01
8.053792270659873020e-01 7.358201042585071905e-01 6.063662921639977332e-01
8.001091487009975856e-01 7.332281055474541009e-01 6.001460682932164836e-01
7.945789023747689139e-01 7.307291829728559396e-01 5.942715305031909256e-01
7.888006960769626819e-01 7.283155171589156263e-01 5.887591680450797726e-01
7.828500773466386953e-01 7.259575374530320424e-01 5.835578074632412626e-01
7.767061505166655833e-01 7.236609437130246958e-01 5.786949863565322705e-01
7.704515166608618681e-01 7.213952841209190225e-01 5.740985082128049477e-01
7.640735967706561160e-01 7.191644341873529855e-01 5.697767469661422224e-01
7.576101573082332230e-01 7.169548408227417458e-01 5.656900597267850994e-01
7.510868163729491620e-01 7.147576249864890929e-01 5.618076267722970085e-01
7.445073291928260284e-01 7.125716412063957117e-01 5.581177337866775057e-01
7.378726341804960898e-01 7.103967525656292858e-01 5.546105609434751615e-01
7.312079622811540336e-01 7.082247740235839695e-01 5.512528292120718598e-01
7.245223864166319139e-01 7.060527915800670629e-01 5.480303444985812344e-01
7.178179126910454455e-01 7.038807344069457628e-01 5.449299707841194218e-01
7.111005957174848513e-01 7.017068393561574080e-01 5.419396078954504814e-01
7.043748082863551252e-01 6.995299965106114293e-01 5.390480504976655762e-01
6.976428841540770476e-01 6.973498542230505137e-01 5.362451349156007741e-01
6.909082389019516324e-01 6.951656049847189101e-01 5.335213672589386169e-01
6.841729694681116802e-01 6.929769158960692454e-01 5.308681129719833303e-01
6.774389689374403778e-01 6.907834967201277321e-01 5.282774232028493167e-01
6.707084440130518521e-01 6.885849153944831880e-01 5.257418638258782861e-01
6.639830918601468124e-01 6.863809064730829190e-01 5.232546086946955333e-01
6.572628938239016838e-01 6.841717926007404582e-01 5.208097057295569821e-01
6.505310175956583452e-01 6.819627798840676158e-01 5.184181252103758908e-01
6.438052208637921048e-01 6.797486679084566719e-01 5.160591646972285673e-01
6.370832823378153043e-01 6.775304469295674314e-01 5.137285370282342889e-01
6.303705085075785863e-01 6.753064791862326555e-01 5.114205507376848869e-01
6.236618961603839217e-01 6.730786409287115024e-01 5.091324121853675333e-01
6.169335288716588650e-01 6.708537547863058226e-01 5.068827462564762243e-01
6.102104324218552422e-01 6.686246254359063945e-01 5.046462757174120517e-01
6.034898306929903367e-01 6.663922665431509795e-01 5.024201930501221991e-01
5.967676345670763771e-01 6.641578140003113750e-01 5.002054482667135371e-01
5.900234330755329548e-01 6.619267690502547152e-01 4.980175294001410458e-01
5.832786395653163369e-01 6.596933136673572839e-01 4.958328661006338733e-01
5.765340663187056292e-01 6.574571405303393234e-01 4.936489952759946509e-01
5.697582662671993869e-01 6.552266499575032377e-01 4.914884851056534054e-01
5.629730101905379147e-01 6.529958318145387963e-01 4.893302200215370878e-01
5.561847270851512093e-01 6.507627829419350141e-01 4.871678208383450337e-01
5.493551097307179942e-01 6.485375215149538075e-01 4.850265872147694890e-01
5.425256305514831734e-01 6.463076874918682879e-01 4.828887171920029364e-01
5.356612977693596678e-01 6.440835181737865067e-01 4.807599721985225671e-01
5.287922197832997107e-01 6.418536560641270317e-01 4.786600904179345028e-01
5.218850344197893953e-01 6.396291731218471943e-01 4.765733407479101902e-01
5.149376539505706729e-01 6.374099915253575999e-01 4.745006244225868364e-01
5.079766080089844760e-01 6.351862479551418916e-01 4.724595195428232253e-01
5.009755431565769968e-01 6.329662155198152451e-01 4.704378162646060679e-01
4.939285311779693655e-01 6.307509252620584483e-01 4.684356727521749586e-01
4.868490205117793068e-01 6.285349533886431805e-01 4.664642845323079823e-01
4.797346535241335252e-01 6.263183759111613513e-01 4.645235778249863778e-01
4.725684462540446495e-01 6.241056609282084056e-01 4.626084796977160685e-01
4.653487483821732718e-01 6.218962626011749206e-01 4.607211778296827487e-01
4.580958304602617548e-01 6.196828431511897106e-01 4.588752179328909331e-01
4.507924598809112671e-01 6.174698402959368781e-01 4.570641185207933721e-01
4.434287999890613730e-01 6.152589986197224414e-01 4.552877084880677105e-01
4.360045483020283386e-01 6.130492733714320019e-01 4.535480340189612103e-01
4.285254867993349426e-01 6.108377350391323013e-01 4.518515677783579432e-01
4.209986373257934011e-01 6.086212623350139017e-01 4.502044135688367255e-01
4.134050226321455135e-01 6.064040523424363283e-01 4.486012173551829352e-01
4.057442294957287476e-01 6.041849412176459877e-01 4.470442374703665345e-01
3.980103804981384719e-01 6.019638983605486438e-01 4.455375274544488007e-01
3.902063406549050040e-01 5.997389567937310151e-01 4.440824403586798308e-01
3.823330219069303038e-01 5.975084478594807624e-01 4.426827692274404313e-01
3.743994820234466392e-01 5.952685939479632760e-01 4.413464089373288490e-01
3.663895342858319859e-01 5.930221303804210642e-01 4.400695063624517345e-01
3.583027331816978078e-01 5.907676584219552218e-01 4.388545840675231458e-01
3.501387968837356146e-01 5.885037242420276815e-01 4.377041322664636525e-01
3.418974318117430355e-01 5.862288538856508247e-01 4.366206692939140765e-01
3.335788357145262895e-01 5.839414671596280249e-01 4.356065575056938810e-01
3.251833166933908448e-01 5.816399536413853211e-01 4.346641338993996184e-01
3.167127839080131069e-01 5.793224392963164382e-01 4.337951239114763990e-01
3.081690890879107969e-01 5.769870856598143805e-01 4.330012470667766733e-01
2.995554017471688812e-01 5.746318865559506550e-01 4.322836619258556556e-01
2.908749326626684506e-01 5.722548869131893756e-01 4.316434590630243706e-01
2.821317603555529852e-01 5.698540727656976612e-01 4.310813189213763552e-01
2.733327132702973450e-01 5.674271544637526921e-01 4.305966557525391369e-01
2.644844543662756564e-01 5.649720080402284017e-01 4.301888298931589305e-01
2.555934335426425785e-01 5.624866759386734083e-01 4.298572085857526592e-01
2.466705752105852745e-01 5.599688410786282100e-01 4.295989836123562111e-01
2.377250969065505815e-01 5.574166090031631438e-01 4.294119794031988069e-01
2.287974288505327247e-01 5.548237349096721838e-01 4.292976581628650257e-01
2.198778468774868489e-01 5.521921840191843511e-01 4.292473634163982976e-01
2.109782428379559649e-01 5.495207384038700571e-01 4.292558006274433957e-01
2.021129920761091103e-01 5.468081421831656463e-01 4.293174959448664008e-01
1.932970840289524594e-01 5.440534055393755342e-01 4.294264526279761851e-01
1.845458994968318112e-01 5.412558313792091846e-01 4.295762645205056240e-01
1.758747242186788073e-01 5.384150471574241648e-01 4.297604082769522771e-01
1.672992650076766952e-01 5.355309682751767664e-01 4.299719066013750202e-01
1.588637533307953875e-01 5.326007152638789766e-01 4.302077664091210063e-01
1.505683016211286918e-01 5.296267950764182997e-01 4.304586487604788458e-01
1.424122559523727238e-01 5.266116064108816719e-01 4.307170632116699704e-01
1.344085890794944338e-01 5.235562755642496624e-01 4.309766346935359205e-01
1.265690627070247265e-01 5.204621553185740934e-01 4.312317121888489257e-01
1.189042023704675322e-01 5.173307669769749984e-01 4.314776038001592595e-01
1.114246335252623010e-01 5.141637863856259871e-01 4.317091179175960858e-01
1.041396630107440102e-01 5.109629971472293697e-01 4.319221604647225932e-01
9.705780332103111641e-02 5.077302369436778040e-01 4.321134999997184867e-01
9.018737534593762595e-02 5.044674058535019157e-01 4.322799148264460101e-01
8.353621797943017180e-02 5.011764305824176757e-01 4.324186435951988816e-01
7.711177607780977938e-02 4.978592446938872595e-01 4.325273326417442554e-01
7.092118659398483071e-02 4.945177606318418850e-01 4.326041097483195319e-01
6.497112946544478240e-02 4.911539160136639270e-01 4.326469613219918742e-01
5.926836252985791947e-02 4.877695081001428012e-01 4.326551664213393877e-01
5.381952845223608034e-02 4.843663141865421351e-01 4.326279059471102584e-01
4.863121397792258965e-02 4.809460446320443228e-01 4.325646545440974822e-01
4.370962682231178259e-02 4.775103648435110038e-01 4.324649641775900610e-01
3.905112341714592900e-02 4.740608794693825234e-01 4.323285604649402813e-01
3.496888770654411893e-02 4.705940487017962748e-01 4.321582669839647561e-01
3.143475353593022659e-02 4.671148853349996188e-01 4.319569510186779815e-01
2.822939081579376591e-02 4.636310861634273528e-01 4.317228454236091695e-01
2.532316922257733458e-02 4.601429344885760719e-01 4.314611817794063997e-01
2.271621196496529868e-02 4.566502451321696188e-01 4.311704916368828688e-01
2.041021909707332535e-02 4.531526976651161776e-01 4.308500436842361836e-01
1.840750332198089895e-02 4.496499166924270985e-01 4.304993286811824582e-01
1.672948316457980103e-02 4.461408970806849950e-01 4.301165746135667267e-01
1.538958862814012937e-02 4.426249994353490536e-01 4.296990539873294934e-01
1.435413070644788770e-02 4.391028750771387434e-01 4.292495981309878972e-01
1.362474263231045098e-02 4.355741563391084537e-01 4.287674174473046218e-01
1.320277209836126682e-02 4.320384817616971795e-01 4.282516463471394697e-01
1.308981022524788491e-02 4.284954582700414294e-01 4.277015087056333931e-01
1.328604261598065328e-02 4.249447744648222614e-01 4.271158498149437155e-01
1.379162556189269216e-02 4.213861028127094399e-01 4.264935743343106211e-01
1.460601943539846688e-02 4.178191447440461337e-01 4.258334705527410113e-01
1.572829683901560624e-02 4.142436086986017174e-01 4.251343095806048300e-01
1.715690277980158954e-02 4.106592256461835122e-01 4.243947975574930975e-01
1.888987211594707338e-02 4.070657340951429060e-01 4.236136390627659454e-01
2.092392860184388512e-02 4.034629389123669529e-01 4.227893563025114654e-01
2.325551642690237841e-02 3.998506428553240677e-01 4.219205349032726371e-01
2.587976864011615197e-02 3.962287140215077774e-01 4.210056239775798459e-01
2.879190433075056593e-02 3.925969951003727698e-01 4.200432223313694258e-01
3.198535565039070661e-02 3.889554251322902556e-01 4.190317351172953564e-01
3.545196060096311025e-02 3.853040266354982313e-01 4.179694561300110189e-01
3.918323414610008770e-02 3.816428245764514893e-01 4.168548033419602339e-01
4.307413522281567514e-02 3.779718375548203335e-01 4.156863315515785251e-01
4.697176598438539824e-02 3.742911911603020725e-01 4.144624688814931845e-01
5.086969232374114608e-02 3.706011159074634187e-01 4.131815676575790186e-01
5.475506718563923764e-02 3.669018229746837667e-01 4.118421970922833131e-01
5.861718450656796392e-02 3.631935427420149298e-01 4.104430479071176641e-01
6.244486447080809660e-02 3.594767157385404532e-01 4.089825820635137332e-01
6.623026614707036575e-02 3.557516605834906143e-01 4.074596950461942813e-01
6.998642301215993178e-02 3.520178004091850665e-01 4.058682797037249657e-01
7.368349105094931795e-02 3.482766831924774542e-01 4.042119944889063232e-01
7.731558236370641990e-02 3.445288253637411868e-01 4.024900881431115462e-01
8.087676210173380675e-02 3.407748586458358986e-01 4.007018083483494530e-01
8.436223121714692130e-02 3.370153951525706182e-01 3.988466436336530196e-01
8.776750670667690657e-02 3.332510976549885595e-01 3.969242240138116662e-01
9.108869400118912996e-02 3.294826406371675898e-01 3.949343703704463748e-01
9.432201977980475549e-02 3.257107550258697137e-01 3.928770441587735585e-01
9.746469555428810549e-02 3.219361155964274857e-01 3.907524596946260753e-01
1.005137065660947904e-01 3.181594785366577693e-01 3.885609392070024093e-01
1.034667829102825787e-01 3.143815541170876804e-01 3.863030299565164416e-01
1.063234262084384596e-01 3.106029224571804637e-01 3.839789892033815266e-01
1.090886774331554510e-01 3.068237947954853828e-01 3.815863917579840892e-01
1.117516829166099457e-01 3.030455295972052654e-01 3.791303642957770670e-01
1.143116567201993838e-01 2.992687663919490482e-01 3.766121406045498943e-01
1.167670145114603486e-01 2.954942819265780063e-01 3.740330281243106070e-01
1.191180972380510850e-01 2.917225736922783308e-01 3.713945692144456912e-01
1.213648735453208283e-01 2.879541937006656616e-01 3.686983734293431958e-01
1.235072626972245069e-01 2.841897016932966036e-01 3.659461400710485868e-01
1.255450172977832790e-01 2.804296856157670326e-01 3.631396556775801088e-01
1.274793353662031781e-01 2.766744826581494787e-01 3.602808188600382100e-01
1.293108779906596839e-01 2.729245043006408022e-01 3.573715653564341621e-01
1.310404714307908669e-01 2.691801184313953876e-01 3.544138839210129732e-01
1.326690608188904053e-01 2.654416544155482338e-01 3.514098053356367601e-01
1.341977870856449484e-01 2.617093858425083575e-01 3.483613905337877847e-01
1.356276601953987637e-01 2.579835900091309586e-01 3.452707288070074876e-01
1.369600353052619901e-01 2.542644558590421155e-01 3.421399178935836116e-01
1.381965371841252788e-01 2.505520924183904374e-01 3.389710465513224302e-01
1.393387446776407912e-01 2.468465884786986142e-01 3.357661977904279893e-01
1.403881322096931505e-01 2.431480256484742086e-01 3.325274517113971373e-01
1.413463644264434660e-01 2.394564173026069165e-01 3.292568607367298839e-01
1.422150204492807768e-01 2.357717647764656088e-01 3.259564633033559256e-01
1.430241411872627821e-01 2.320878753057155075e-01 3.226241875019154048e-01
1.437206808568328997e-01 2.284105260214233102e-01 3.193108148264102164e-01
1.443167183567656553e-01 2.247376722352139033e-01 3.160160321612740519e-01
1.448172234122950819e-01 2.210687136739122871e-01 3.127401980544551319e-01
1.452270337553944191e-01 2.174029799543943375e-01 3.094836465796388381e-01
1.455503303753529210e-01 2.137398650159642033e-01 3.062467330039463920e-01
1.457916124736327868e-01 2.100785929129088681e-01 3.030297495827782850e-01
1.459553844105018761e-01 2.064182886269750883e-01 2.998329600953320573e-01
1.460450738341802501e-01 2.027582683855788659e-01 2.966566757283218836e-01
1.460639705951699008e-01 1.990978105534875198e-01 2.935011720342979302e-01
1.460132039806032178e-01 1.954367333080272440e-01 2.903667875231270012e-01
1.458975819392981654e-01 1.917737643090239308e-01 2.872535927880979223e-01
1.457218019293262112e-01 1.881075422549224607e-01 2.841616643549851884e-01
1.454887645921259243e-01 1.844371298576089335e-01 2.810911343097461934e-01
1.452032543446299950e-01 1.807609202544633309e-01 2.780420590388025248e-01
1.448676044101755434e-01 1.770779511005421691e-01 2.750145417929056313e-01
1.444780219943526678e-01 1.733892008568175547e-01 2.720086027887532176e-01
1.440413431328422811e-01 1.696921848838350289e-01 2.690241039839223469e-01
1.435643975093518765e-01 1.659841914110155581e-01 2.660610427935709565e-01
1.430436238988290198e-01 1.622659427289601941e-01 2.631191819624335571e-01
1.424820569142489501e-01 1.585358695252926109e-01 2.601982981359077240e-01
1.418869430340855831e-01 1.547906985932924473e-01 2.572984244859990999e-01
1.412504255878399562e-01 1.510326235840303566e-01 2.544186879929528633e-01
1.405847553781910952e-01 1.472562100690701925e-01 2.515594367076940396e-01
1.398866955406879442e-01 1.434617145934828086e-01 2.487199683062358835e-01
1.391555552990901834e-01 1.396484041206631221e-01 2.458995874149805250e-01
1.383972370289156262e-01 1.358126929549585971e-01 2.430982825013351944e-01
1.376119899169210015e-01 1.319530974585303440e-01 2.403154706816485464e-01
1.368012914537950486e-01 1.280674462139133607e-01 2.375506853082148262e-01
1.359688085852648887e-01 1.241523347647442155e-01 2.348038243218179000e-01
1.351079666263714507e-01 1.202088638287985289e-01 2.320731097859522474e-01
1.342294527149119343e-01 1.162298274455028368e-01 2.293596493763065958e-01
1.333340174081290574e-01 1.122121767595207487e-01 2.266630565550546428e-01
1.324249399956005380e-01 1.081511805079039545e-01 2.239835024348004189e-01
1.315721561940036699e-01 1.040055590640546201e-01 2.213363669373892839e-01
