2.531413220018355337e-01 7.842389296069720564e-04 4.341716618212553697e-02
2.580886890643836473e-01 1.260650055495545537e-03 4.468379653021024162e-02
2.630343057788077643e-01 1.736354482010688156e-03 4.593114195051315601e-02
2.679785946926282469e-01 2.210427312200104796e-03 4.715903634077273782e-02
2.729219494248563693e-01 2.681973195351755428e-03 4.836728319977198071e-02
2.778647360980647241e-01 3.150127875313328725e-03 4.955565721542919827e-02
2.828072945672850391e-01 3.614059949315729086e-03 5.072390573980398859e-02
2.877499394622705098e-01 4.072972852588364716e-03 5.187175016093922147e-02
2.926933077430424746e-01 4.525398748351793649e-03 5.299836545263745397e-02
2.976375490578319072e-01 4.970818379764608760e-03 5.410359881715064850e-02
3.025827252835426862e-01 5.408911585167974594e-03 5.518737227127198247e-02
3.075290604192267852e-01 5.839033131772686930e-03 5.624930834358398551e-02
3.124767560994761717e-01 6.260585963755707119e-03 5.728900885696325967e-02
3.174259917332101222e-01 6.673024963736575409e-03 5.830605585377727357e-02
3.223776378570956669e-01 7.074224786880751147e-03 5.929891918051739125e-02
3.273312501970703781e-01 7.465019758625475628e-03 6.026801906230257883e-02
3.322868753489466864e-01 7.845186228714336185e-03 6.121297948194173028e-02
3.372446061014734431e-01 8.214415458970780737e-03 6.213330200962622479e-02
3.422047055388503511e-01 8.571998223526723984e-03 6.302816775374461833e-02
3.471679119932231661e-01 8.916024815903074094e-03 6.389594278076077272e-02
3.521334437455469479e-01 9.248367731536954670e-03 6.473732715977562058e-02
3.571012986743621886e-01 9.569048225371482030e-03 6.555175035376464843e-02
3.620716882466168407e-01 9.877561528673096600e-03 6.633823731666613210e-02
3.670454638733997021e-01 1.017169145409301152e-02 6.709468727387493669e-02
3.720214913421756586e-01 1.045451101992554005e-02 6.782216842003613300e-02
3.769996548258952584e-01 1.072651372059309910e-02 6.852004728520522114e-02
3.819810001404918554e-01 1.098499657070651885e-02 6.918564948225383593e-02
3.869647395672046741e-01 1.123233745519938015e-02 6.981928299620859812e-02
3.919501769834949911e-01 1.147082700656385998e-02 7.042106893103464160e-02
3.969383794654757214e-01 1.169775271130724277e-02 7.098797262749340087e-02
4.019285249625957901e-01 1.191588498142526036e-02 7.152012898835280463e-02
4.069195769386084738e-01 1.212883099818458377e-02 7.201802138459548197e-02
4.119133928213644102e-01 1.233158097727882901e-02 7.247674381973087665e-02
4.169075430904746749e-01 1.253215550641964375e-02 7.289908803931816061e-02
4.219027083240137199e-01 1.272927900910137029e-02 7.328200022674430381e-02
4.268984536847251210e-01 1.292518047787082590e-02 7.362431080235479208e-02
4.318936143672180150e-01 1.312458923112832729e-02 7.392613363265415627e-02
4.368889152851320179e-01 1.332634342392261494e-02 7.418363867439695114e-02
4.418822318728369281e-01 1.353866943478279454e-02 7.439850241475870485e-02
4.468743569041138675e-01 1.376048829328627848e-02 7.456619098256075939e-02
4.518633269634589333e-01 1.400003486196038996e-02 7.468762311987287017e-02
4.568486402090272125e-01 1.426098780434233854e-02 7.476034676204149076e-02
4.618298439370679964e-01 1.454708883617280256e-02 7.478131883311550654e-02
4.668042690731983302e-01 1.487007215127758401e-02 7.475217919906562702e-02
4.717722499321122531e-01 1.523167577459180223e-02 7.466706790590726950e-02
4.767314845800313949e-01 1.564323486546636763e-02 7.452569084959470569e-02
4.816795857063615460e-01 1.611700715014709531e-02 7.432747285242380375e-02
4.866146186085824055e-01 1.666428179330876544e-02 7.406992949273411009e-02
4.915346996948218306e-01 1.729684449651998010e-02 7.374927955011501002e-02
4.964368257361644887e-01 1.803137001569219550e-02 7.336347360392503347e-02
5.013169739284154547e-01 1.888931153770022353e-02 7.291205130158689984e-02
5.061709836569500132e-01 1.989388497585421398e-02 7.239328151366952735e-02
5.109937777020221450e-01 2.107317579768068147e-02 7.180610577918433712e-02
5.157795197214968264e-01 2.245989465878739030e-02 7.114908102254272060e-02
5.205210719818210707e-01 2.409382050963388908e-02 7.042150075934178188e-02
5.252084639067586824e-01 2.602792439147369463e-02 6.962955157817302121e-02
5.298305008140374861e-01 2.832296253855723714e-02 6.877979979080015016e-02
5.343746406165605922e-01 3.104885959772784101e-02 6.787684778174404854e-02
5.388233052133938328e-01 3.429806908803591237e-02 6.694512760679302565e-02
5.431577529650009062e-01 3.817209686020380660e-02 6.600999826300163464e-02
5.473567599286319751e-01 4.270863234967581940e-02 6.511064097764407421e-02
5.513986052102574087e-01 4.773093693108363539e-02 6.430646413980950493e-02
5.552652103179865906e-01 5.322362096089219147e-02 6.366744738627777567e-02
5.589462221221768168e-01 5.913500746519077117e-02 6.326980181279717730e-02
5.624424765757726208e-01 6.537887847332743418e-02 6.318212492770422517e-02
5.657661617467838466e-01 7.184870141512669783e-02 6.345145528632828436e-02
5.689372084170469801e-01 7.843888731357423483e-02 6.409620089504552976e-02
5.719778565488908839e-01 8.506272651413801511e-02 6.510867889825561194e-02
5.749125437857884879e-01 9.164733908438515986e-02 6.646734687910646477e-02
5.777566786112839914e-01 9.816078062011363015e-02 6.813597056861331325e-02
5.805292874978451589e-01 1.045678099160126662e-01 7.008159896777371722e-02
5.832406412055953782e-01 1.108612689504468729e-01 7.226920120834148809e-02
5.858998089024918254e-01 1.170375641240748998e-01 7.466822388763486029e-02
5.885140487399128650e-01 1.230973175766522099e-01 7.725187064747951471e-02
5.910885351522273679e-01 1.290450962392711287e-01 7.999711988463847900e-02
5.936289299582799828e-01 1.348834539770058794e-01 8.288368146060162700e-02
5.961395607518915618e-01 1.406169270038174768e-01 8.589398222896243995e-02
5.986191928106746607e-01 1.462596291957205530e-01 8.901561813810990320e-02
6.010733444569901218e-01 1.518113239127042435e-01 9.223467304208327056e-02
6.035027717277641202e-01 1.572800320723797551e-01 9.554125833533749779e-02
6.059086372792711339e-01 1.626719626732885116e-01 9.892669508022286506e-02
6.082916386051023805e-01 1.679932527346969517e-01 1.023837914127859183e-01
6.106558741350982533e-01 1.732438311492264238e-01 1.059036149731983623e-01
6.129969867600179034e-01 1.784366937172603973e-01 1.094846325714812496e-01
6.153200612352298648e-01 1.835691333966578687e-01 1.131184913145178161e-01
6.176259240987342913e-01 1.886449512946012652e-01 1.168006768036553011e-01
6.199120459980344000e-01 1.936723407292328947e-01 1.205301684599871803e-01
6.221794134779097263e-01 1.986537526281418886e-01 1.243033770530754256e-01
6.244290538131632706e-01 2.035913313051570528e-01 1.281169700548574208e-01
6.266652728160078123e-01 2.084826312075748755e-01 1.319647645179677364e-01
6.288844680593889125e-01 2.133357291735468730e-01 1.358482130665325804e-01
6.310872204262795160e-01 2.181526470873449419e-01 1.397651402552206878e-01
6.332740397409696298e-01 2.229353156803966507e-01 1.437136155319566622e-01
6.354453730524776134e-01 2.276855759793460776e-01 1.476919256472187802e-01
6.376016120830411138e-01 2.324051813289052526e-01 1.516985499597879872e-01
6.397430999234090532e-01 2.370957998326049254e-01 1.557321383724216968e-01
6.418701370498344216e-01 2.417590170872594979e-01 1.597914916425335341e-01
6.439829867311159806e-01 2.463963391131116509e-01 1.638755438285796895e-01
6.460818798878316116e-01 2.510091954025954197e-01 1.679833466505600281e-01
6.481670194600783752e-01 2.555989420274376589e-01 1.721140555615951473e-01
6.502385843346034644e-01 2.601668647573335269e-01 1.762669173459911476e-01
6.522967328772564244e-01 2.647141821541849627e-01 1.804412590770576030e-01
6.543416061120709282e-01 2.692420486145899461e-01 1.846364782847751962e-01
6.563733305841518151e-01 2.737515573401526625e-01 1.888520341990714557e-01
6.583920209397227108e-01 2.782437432207350847e-01 1.930874399488409499e-01
6.604005816671196794e-01 2.827168098555871145e-01 1.973393254951110176e-01
6.623974251209057140e-01 2.871734565952225315e-01 2.016090443149527456e-01
6.643818237730136911e-01 2.916153927840169913e-01 2.058970906829001302e-01
6.663538456358811812e-01 2.960434731321214819e-01 2.102031543336935204e-01
6.683135564962544573e-01 3.004585053123144389e-01 2.145269510206826435e-01
6.702610213534552219e-01 3.048612522982509510e-01 2.188682184883882775e-01
6.721982488802678013e-01 3.092506711496956773e-01 2.232246673608349052e-01
6.741270547022832904e-01 3.136259504060340819e-01 2.275942271098850278e-01
6.760440106779830316e-01 3.179909528313515921e-01 2.319803656328495722e-01
6.779491704572540023e-01 3.223463024026791413e-01 2.363829006076456629e-01
6.798425925327120645e-01 3.266925873377635736e-01 2.408016568932105361e-01
6.817279337897712566e-01 3.310273143010332708e-01 2.452326857590487741e-01
6.836048327427737270e-01 3.353514844078779866e-01 2.496762817232209275e-01
6.854703168522463530e-01 3.396682082349120058e-01 2.541354923114924613e-01
6.873244518984296114e-01 3.439779618321468502e-01 2.586101759600991645e-01
6.891703710812082662e-01 3.482787259107627542e-01 2.630969828229282048e-01
6.910095399949411910e-01 3.525699095799659233e-01 2.675943302306007521e-01
6.928376575127734860e-01 3.568554907933413345e-01 2.721066819096523703e-01
6.946548072457497947e-01 3.611358505241532568e-01 2.766339058819158869e-01
6.964666079896861817e-01 3.654070991507256116e-01 2.811701018141220532e-01
6.982701772928390227e-01 3.696719877984968594e-01 2.857182622819267603e-01
7.000630789486048666e-01 3.739328086747797930e-01 2.902809033989158238e-01
7.018474259475969701e-01 3.781883740399826221e-01 2.948558063779490590e-01
7.036278265391169295e-01 3.824357186078493065e-01 2.994381846131465852e-01
7.053978647222226561e-01 3.866800166351319068e-01 3.040346933852195455e-01
7.071576683519709139e-01 3.909215179102768500e-01 3.086451866401323518e-01
7.089161003393829041e-01 3.951542557526707133e-01 3.132605197240769246e-01
7.106646112464158893e-01 3.993847623917611278e-01 3.178895305844255392e-01
7.124032293879627442e-01 4.036133293651394394e-01 3.225321857174926476e-01
7.141402462909111071e-01 4.078345491094022557e-01 3.271799902974236174e-01
7.158685428461913913e-01 4.120537395914349310e-01 3.318402732144910550e-01
7.175873142314326270e-01 4.162717454120115623e-01 3.365138636036583697e-01
7.193053276103033022e-01 4.204829884377878635e-01 3.411918461077749209e-01
7.210147209464820017e-01 4.246931071125037427e-01 3.458822674703151412e-01
7.227155469866306525e-01 4.289023392479498487e-01 3.505850871921863399e-01
7.244162779487528514e-01 4.331054590399120996e-01 3.552917610068515586e-01
7.261080957675801750e-01 4.373085421200572087e-01 3.600112520567219643e-01
7.277938855896872727e-01 4.415099941235914316e-01 3.647406734504366477e-01
7.294779490341866124e-01 4.457073914846266249e-01 3.694757477720155281e-01
7.311535512978259987e-01 4.499052874954976855e-01 3.742232792104539518e-01
7.328263958808538536e-01 4.541003822526185618e-01 3.789775969528262345e-01
7.344951520950744328e-01 4.582938061773711991e-01 3.837400877019451206e-01
7.361559444268354069e-01 4.624881943766092074e-01 3.885146493678250379e-01
7.378178309157826797e-01 4.666783136591911574e-01 3.932923425283257335e-01
7.394726938794379256e-01 4.708693534259477675e-01 3.980812724466634145e-01
7.411233631363288721e-01 4.750598565796073092e-01 4.028786850504736949e-01
7.427729602720074542e-01 4.792482486580046941e-01 4.076815712142223269e-01
7.444154079630328491e-01 4.834383495495288563e-01 4.124959560315056284e-01
7.460584862809357398e-01 4.876258785235695892e-01 4.173142789620709614e-01
7.476965988035130239e-01 4.918143319741044572e-01 4.221420777167201877e-01
7.493309943515328309e-01 4.960032191867444484e-01 4.269781880824507492e-01
7.509654281210089710e-01 5.001906627448973186e-01 4.318190365851080070e-01
7.525936315799462983e-01 5.043804236057678470e-01 4.366707555456467160e-01
7.542235960554346530e-01 5.085682769330461817e-01 4.415256998484138884e-01
7.558490808390457838e-01 5.127579225990303025e-01 4.463899533078966031e-01
7.574727883921489324e-01 5.169480907266839065e-01 4.512609840534005934e-01
7.590962132455558731e-01 5.211382045001337060e-01 4.561374418856632418e-01
7.607146786174396880e-01 5.253310024411068646e-01 4.610238517246792456e-01
7.623367013091780775e-01 5.295221503744077518e-01 4.659121985580749192e-01
7.639538714164192390e-01 5.337163475844149962e-01 4.708105338814749241e-01
7.655722084595790733e-01 5.379106252135279487e-01 4.757132416250797191e-01
7.671889891321238553e-01 5.421066319605816197e-01 4.806229708632066555e-01
7.688043909470853032e-01 5.463044787541773140e-01 4.855396274681624269e-01
7.704214528237980364e-01 5.505028170359101969e-01 4.904604549356190168e-01
7.720348997125594526e-01 5.547045462332760302e-01 4.953904477249594929e-01
7.736529163218400784e-01 5.589057239755605977e-01 5.003220871961242544e-01
7.752676678951040401e-01 5.631105099516358070e-01 5.052627199597361507e-01
7.768850310008067472e-01 5.673161608480836726e-01 5.102069999245740783e-01
7.785018205373459566e-01 5.715244657631586289e-01 5.151579486654472850e-01
7.801194475746012769e-01 5.757349232258165417e-01 5.201143540283721389e-01
7.817389696123889786e-01 5.799472193693776534e-01 5.250753420827689588e-01
7.833578178942923742e-01 5.841627947306744506e-01 5.300433365515702100e-01
7.849807730243663073e-01 5.883795429235785246e-01 5.350140927172390981e-01
7.866022712660363236e-01 5.926003225508305050e-01 5.399927313690759956e-01
7.882288925089210307e-01 5.968221976878451684e-01 5.449734156786025796e-01
7.898549905247241876e-01 6.010480323019583571e-01 5.499613122571264112e-01
7.914849954597585890e-01 6.052759344342305559e-01 5.549525463214888266e-01
7.931164213656421991e-01 6.095072561090020269e-01 5.599494318383569924e-01
7.947507568050456994e-01 6.137414937900389500e-01 5.649507378979787831e-01
7.963882475475848599e-01 6.179787252107953321e-01 5.699563456077697543e-01
7.980278609508574261e-01 6.222196065248238872e-01 5.749672592064304366e-01
7.996721631687928600e-01 6.264631614168568730e-01 5.799813236343620559e-01
8.013180038113633108e-01 6.307109937757195972e-01 5.850013922197175864e-01
8.029698747215382459e-01 6.349612772925050663e-01 5.900236481940612787e-01
8.046233611072730607e-01 6.392161616199587559e-01 5.950520269566434983e-01
8.062831032696808897e-01 6.434737762752752444e-01 6.000826113514086124e-01
8.079454664929415220e-01 6.477359034899892176e-01 6.051186381641312506e-01
8.096135867775485773e-01 6.520013527160823941e-01 6.101575124687870222e-01
8.112856213178873954e-01 6.562711068034171591e-01 6.152009145609034224e-01
8.129630826232577823e-01 6.605446918369315412e-01 6.202476556194396196e-01
8.146455966433620022e-01 6.648224494301027132e-01 6.252981574836836698e-01
8.163333703354180848e-01 6.691044695950536525e-01 6.303523468774137051e-01
8.180271868550914593e-01 6.733906001356941839e-01 6.354096691644057771e-01
8.197262545993710958e-01 6.776813524409446288e-01 6.404708914537258213e-01
8.214322128014154289e-01 6.819762182749274926e-01 6.455347497859691419e-01
8.231435685879157083e-01 6.862759969549288019e-01 6.506025906433056116e-01
8.248625252886309100e-01 6.905799533545666780e-01 6.556726943264284957e-01
8.265872852332282195e-01 6.948890053992511362e-01 6.607466503473201636e-01
8.283200090062103893e-01 6.992024444448781129e-01 6.658227891466438342e-01
8.300592793271569514e-01 7.035210252734936942e-01 6.709023780840223106e-01
8.318065869700548287e-01 7.078443194135313199e-01 6.759843082680769832e-01
8.335612798765927867e-01 7.121727663779997552e-01 6.810692166812560844e-01
8.353242255916173420e-01 7.165061939494786758e-01 6.861565092768848739e-01
8.370952774289077691e-01 7.208448368512242466e-01 6.912464122439962999e-01
8.388749405058382180e-01 7.251886703362598885e-01 6.963386287769772753e-01
8.406633145666654316e-01 7.295378309349501711e-01 7.014331877546728933e-01
8.424608033233792481e-01 7.338923359236835253e-01 7.065298772973509500e-01
8.442674931854923237e-01 7.382523272655310276e-01 7.116287376557337563e-01
8.460839495149496958e-01 7.426177612331210653e-01 7.167294335363397773e-01
8.479099830322044395e-01 7.469888867591084614e-01 7.218322216950046055e-01
8.497465876915798466e-01 7.513654976134945818e-01 7.269364377955185308e-01
8.515930318028299695e-01 7.557480499962901943e-01 7.320427578672002999e-01
8.534509285925515609e-01 7.601361054083120017e-01 7.371500472674328286e-01
8.553189771876803515e-01 7.645303339833086076e-01 7.422594142382108462e-01
8.571991733665004221e-01 7.689301583027825515e-01 7.473694430427622049e-01
8.590902613699376023e-01 7.733362281277542660e-01 7.524811993747889671e-01
8.609939478417870662e-01 7.777480815540462888e-01 7.575935013930973350e-01
8.629094486500833439e-01 7.821661892128008997e-01 7.627070510133854286e-01
8.648378814973758377e-01 7.865903140349027600e-01 7.678211207107654701e-01
8.667792471024197143e-01 7.910206350772052142e-01 7.729358224759360629e-01
8.687337598825227714e-01 7.954572520695160076e-01 7.780511072661304706e-01
8.707025355070608930e-01 7.998999365977481624e-01 7.831662661585720997e-01
8.726845548615033143e-01 8.043492403432654925e-01 7.882821568255502509e-01
8.746823972963203575e-01 8.088044074078674095e-01 7.933970131506127288e-01
8.766934630307144927e-01 8.132665601719626380e-01 7.985128317664997866e-01
8.787221429393853311e-01 8.177342980952695406e-01 8.036265626968390752e-01
8.807639553188816306e-01 8.222094141453402116e-01 8.087415320536064378e-01
8.828244316780660128e-01 8.266901111821829407e-01 8.138539091986484175e-01
8.848998422428879795e-01 8.311779056772105045e-01 8.189664576377595484e-01
8.869940625034401505e-01 8.356716052633763603e-01 8.240765621653697304e-01
8.891053616674600146e-01 8.401720112094154258e-01 8.291855585304054310e-01
8.912355238750773179e-01 8.446786810517155075e-01 8.342923233895118695e-01
8.933852999303638631e-01 8.491915414882188484e-01 8.393964665793987034e-01
8.955539316836680364e-01 8.537110481838506848e-01 8.444986318088236743e-01
8.977451642888454320e-01 8.582360859805296949e-01 8.495963990152632928e-01
8.999552384674009975e-01 8.627681575396278779e-01 8.546924466851963942e-01
9.021909612569177783e-01 8.673050949367560047e-01 8.597823340427521721e-01
9.044465497000822030e-01 8.718490982400778355e-01 8.648700714578989590e-01
9.067295093511910098e-01 8.763977740858123200e-01 8.699508220872531616e-01
9.090366278550241486e-01 8.809524325406169476e-01 8.750268729041846827e-01
9.113719271186517812e-01 8.855118958609168311e-01 8.800957582699446835e-01
9.137367526155653064e-01 8.900759126500302765e-01 8.851568002965072290e-01
9.161312891560901006e-01 8.946446298903334426e-01 8.902100761641266180e-01
9.185623313487096819e-01 8.992159482511689061e-01 8.952514798658027795e-01
9.210261795026619680e-01 9.037913452853565399e-01 9.002836042157328356e-01
9.235343605709843695e-01 9.083671343472979887e-01 9.052994932373744641e-01
9.260861323782610954e-01 9.129438017256310545e-01 9.102999666580486871e-01
9.286936618876666660e-01 9.175174771286014330e-01 9.152779276697458055e-01
9.313688044505842312e-01 9.220844207247740343e-01 9.202266942805603644e-01
9.341358404005901672e-01 9.266367367151679968e-01 9.251323397189615827e-01
9.371056879800383488e-01 9.311374664481240071e-01 9.299299434361741890e-01
