9.974392177564471718e-01 9.896723141308209071e-01 8.291166686659098284e-01
9.939114028576769844e-01 9.851387875460957400e-01 8.214352921974643618e-01
9.903835879589067970e-01 9.806052609613706839e-01 8.137539157290190062e-01
9.868909567674198913e-01 9.760971525154490402e-01 8.060757735351258280e-01
9.833986048117050460e-01 9.715892458007878707e-01 7.983976570100782544e-01
9.799344194082612036e-01 9.671084853284684923e-01 7.907223757497481298e-01
9.764706846696538101e-01 9.626281591960266226e-01 7.830471398536535954e-01
9.730289991079684730e-01 9.581763656758662817e-01 7.753746541114553414e-01
9.695878469941119349e-01 9.537252624608417717e-01 7.677022349052384786e-01
9.661632665060572167e-01 9.493038394302331096e-01 7.600327780113315113e-01
9.627392249326626184e-01 9.448833816088736404e-01 7.523634174527843443e-01
9.593264075154962489e-01 9.404936094247131617e-01 7.446988580345336173e-01
9.559140501047325156e-01 9.361050948486345780e-01 7.370344953843278590e-01
9.525086293202806864e-01 9.317480849649881769e-01 7.293743047823714187e-01
9.491035525007699425e-01 9.273926372974954369e-01 7.217143210588405910e-01
9.457013931585042110e-01 9.230694288337755182e-01 7.140579769907697827e-01
9.422994040024111895e-01 9.187481009902757068e-01 7.064018452359341893e-01
9.388961854074047153e-01 9.144597118852224593e-01 6.987503318580928768e-01
9.354928841610427037e-01 9.101735371491403992e-01 6.910991289593771958e-01
9.320843345260321211e-01 9.059209548396282008e-01 6.834539051657264608e-01
9.286753845901922766e-01 9.016709346643458911e-01 6.758091374055128497e-01
9.252576764634765638e-01 8.974551077799813870e-01 6.681701204834064045e-01
9.218392197734381899e-01 8.932422033991140875e-01 6.605315950859244056e-01
9.184082708087937252e-01 8.890640935335957229e-01 6.529001638168957511e-01
9.149761372319020758e-01 8.848892831479812093e-01 6.452694052669445401e-01
9.115279835847460710e-01 8.807498510729570018e-01 6.376465917026711283e-01
9.080781582780842465e-01 8.766141106477335354e-01 6.300246071803816683e-01
9.046088290794267461e-01 8.725143302994408101e-01 6.224115625798795071e-01
9.011372757527346122e-01 8.684186506616753398e-01 6.147995374441426186e-01
8.976426363602032499e-01 8.643595085782129761e-01 6.071984268875559865e-01
8.941451367471254796e-01 8.603048932713900365e-01 5.995986685797135562e-01
8.906210845964611655e-01 8.562873873296699134e-01 5.920115864698460850e-01
8.870934763023701208e-01 8.522748513922047131e-01 5.844262020650645706e-01
8.835361209519182468e-01 8.483000275713332705e-01 5.768535111666642790e-01
8.799744777374862714e-01 8.443306397312320133e-01 5.692826499628774739e-01
8.763794389491431636e-01 8.403995209726796700e-01 5.617281284359862958e-01
8.727792390266501110e-01 8.364743165267303215e-01 5.541761321318879885e-01
8.691422604161532783e-01 8.325879415567702946e-01 5.466428142011677815e-01
8.654992082608484738e-01 8.287079787938541608e-01 5.391125807724732599e-01
8.618160383434488869e-01 8.248673935275666613e-01 5.316035259426422632e-01
8.581258106716067591e-01 8.210337357838343175e-01 5.240981969774262117e-01
8.543922661537400876e-01 8.172400630455710635e-01 5.166149179128862734e-01
8.506506250291396842e-01 8.134538641401057868e-01 5.091357603251080999e-01
8.468622674418915253e-01 8.097081047199184978e-01 5.016833085252204727e-01
8.430646547063828100e-01 8.059703568958710429e-01 4.942361474946317945e-01
8.392171474472773784e-01 8.022735041122538435e-01 4.868190893499458327e-01
8.353591860975134731e-01 7.985852198132981083e-01 4.794083384765918110e-01
8.314482622999358474e-01 7.949382380292934203e-01 4.720312054442061811e-01
8.275256256533225496e-01 7.913003904553259638e-01 4.646615071266501085e-01
8.235470863864343682e-01 7.877041848337495988e-01 4.573292061412791432e-01
8.195555212662781752e-01 7.841176821913711237e-01 4.500056190973881209e-01
8.155052741218827839e-01 7.805730757461660785e-01 4.427234795310244220e-01
8.114406441284091054e-01 7.770387379767388358e-01 4.354514986601330517e-01
8.073146882185842088e-01 7.735465133036211194e-01 4.282245653839477084e-01
8.031729454392033674e-01 7.700651296255928147e-01 4.210092285182806537e-01
7.989675715238810927e-01 7.666258256463593934e-01 4.138443055733374565e-01
7.947450172018546422e-01 7.631978831858006185e-01 4.066929943869896924e-01
7.904568047010760434e-01 7.598118877042608910e-01 3.995970224156365491e-01
7.861500222103471325e-01 7.564377560147670376e-01 3.925167019394333323e-01
7.817758753978300001e-01 7.531052916949833032e-01 3.854966607836279868e-01
7.773817942451917151e-01 7.497851575152160164e-01 3.784944573858995964e-01
7.729190136923127508e-01 7.465062364423448171e-01 3.715575855164727215e-01
7.684349859022457929e-01 7.432400616911940539e-01 3.646409192743554906e-01
7.638813307018277321e-01 7.400144590115971255e-01 3.577946883802029521e-01
7.593051916501505350e-01 7.368019577301062606e-01 3.509712022338306592e-01
7.546589326752523030e-01 7.336291929308862425e-01 3.442232397880690131e-01
7.499890543577955038e-01 7.304698130520100863e-01 3.375007169046184141e-01
7.452490176156806312e-01 7.273491368966230608e-01 3.308587206509566725e-01
7.404843507883137610e-01 7.242420482186311403e-01 3.242449943843485616e-01
7.356499478416423932e-01 7.211724364192807490e-01 3.177166436762935420e-01
7.307900499696338148e-01 7.181165258443797939e-01 3.112195055380320152e-01
7.258612931021745096e-01 7.150966801654913274e-01 3.048123751341968446e-01
7.209063398777503240e-01 7.120905548274772956e-01 2.984394868032411718e-01
7.158838406326266668e-01 7.091189118428176119e-01 2.921609689334324633e-01
7.108346198848087827e-01 7.061609102287156325e-01 2.859197844328686955e-01
7.057195707021365338e-01 7.032356574472671262e-01 2.797770246600357336e-01
7.005774587184686597e-01 7.003238680747982947e-01 2.736747283863810720e-01
6.953715985258462906e-01 6.974429666636401404e-01 2.676745800219447191e-01
6.901385199968163020e-01 6.945752533707945098e-01 2.617180453715566846e-01
6.848440421256676292e-01 6.917364853371366085e-01 2.558669845553667166e-01
6.795223531824434726e-01 6.889105453160734305e-01 2.500626678247872547e-01
6.741419543049537166e-01 6.861114968393060565e-01 2.443669629162033563e-01
6.687345623542383377e-01 6.833248122909506561e-01 2.387211944775025352e-01
6.632713284818059218e-01 6.805629302980215067e-01 2.331868363365505736e-01
6.577814722978574391e-01 6.778128727791911112e-01 2.277055924073162485e-01
6.522387559222575515e-01 6.750855216108773149e-01 2.223382772890196424e-01
6.466699203931357554e-01 6.723693900510541166e-01 2.170272564067157461e-01
6.410512836528663438e-01 6.696738770482890679e-01 2.118324957259397623e-01
6.354071534354618356e-01 6.669889187830656541e-01 2.066972491959459257e-01
6.297163056678358739e-01 6.643225217299504326e-01 2.016804753896689062e-01
6.240006919699719878e-01 6.616659643555433679e-01 1.967265064007840403e-01
6.182414225178975986e-01 6.590259599606542729e-01 1.918931760717539903e-01
6.124581956397321392e-01 6.563950395179398711e-01 1.871260498853273280e-01
6.066343133524183528e-01 6.537787280014243363e-01 1.824817532555105259e-01
6.007873428080573452e-01 6.511707129121329096e-01 1.779072116825338445e-01
5.949026235515926242e-01 6.485754383464266137e-01 1.734577811839008998e-01
5.889957269267669382e-01 6.459876488383267112e-01 1.690818534414449126e-01
5.830538698309282175e-01 6.434108151593683766e-01 1.648334631361050295e-01
5.770907709299170074e-01 6.408406381867238766e-01 1.606625639317977861e-01
5.710953636399825895e-01 6.382797209947473904e-01 1.566218101939830798e-01
5.650796600544427672e-01 6.357246208444725655e-01 1.526628145056317665e-01
5.590341568337666711e-01 6.331771739536683485e-01 1.488367673324045848e-01
5.529693032006643971e-01 6.306346967118710012e-01 1.450970503638034648e-01
5.468769865605307423e-01 6.280983634482648625e-01 1.414932608397491409e-01
5.407662407972578800e-01 6.255661531173924983e-01 1.379806857850618129e-01
5.346302245291795208e-01 6.230386630393822678e-01 1.346071448467890674e-01
5.284766873777694274e-01 6.205144456700232292e-01 1.313300008958971921e-01
5.222999229716067671e-01 6.179936102093511741e-01 1.281950260311894574e-01
5.161065228289323237e-01 6.154751969265226386e-01 1.251618749714515644e-01
5.098917966669929136e-01 6.129589082671781375e-01 1.222739134579220177e-01
5.036612950935422939e-01 6.104441912471231246e-01 1.194933524306287936e-01
4.974112367731503559e-01 6.079304176029537432e-01 1.168606984038101926e-01
4.911462392710670977e-01 6.054173645931415493e-01 1.143410288912430628e-01
4.848633346593449467e-01 6.029041443077366447e-01 1.119714522379854083e-01
4.785663061301612675e-01 6.003907920866529135e-01 1.097202586850282158e-01
4.722529146616384899e-01 5.978762269055776235e-01 1.076205560936776690e-01
4.659261990853684754e-01 5.953606740285092291e-01 1.056442104282068889e-01
4.595845749430730875e-01 5.928429218475629314e-01 1.038197024393886780e-01
4.532304189626695234e-01 5.903233209764005007e-01 1.021228261208001475e-01
4.468627355874464913e-01 5.878005884134166470e-01 1.005768386824680005e-01
4.404833152078948544e-01 5.852751386472347939e-01 9.916176953729946564e-02
4.340915592716103610e-01 5.827457073798043563e-01 9.789525710685842430e-02
4.276887565681025127e-01 5.802127105888676972e-01 9.676178054035243503e-02
4.212750006961051841e-01 5.776748667383240221e-01 9.577276309969930124e-02
4.148511214411102488e-01 5.751325430296586605e-01 9.491726091172837665e-02
4.084175615371666845e-01 5.725845713674863058e-01 9.420055646235096780e-02
4.019747677834568100e-01 5.700312124265841662e-01 9.361624370209351009e-02
3.955235720367960006e-01 5.674714400024615246e-01 9.316353443751354546e-02
3.890641055783242708e-01 5.649053543057935833e-01 9.284037236399114712e-02
3.825975442928546411e-01 5.623321216750285512e-01 9.264028019158905558e-02
3.761237755640857161e-01 5.597516286667680863e-01 9.256521141080126247e-02
3.696442713523149792e-01 5.571632846865174349e-01 9.260361331122519968e-02
3.631587541341715908e-01 5.545667098485350666e-01 9.276097640969366287e-02
3.566689381009660043e-01 5.519616074104298775e-01 9.302146755587810401e-02
3.501744708908084980e-01 5.493472783885855470e-01 9.339353986844371736e-02
3.436769388956311122e-01 5.467238307628186078e-01 9.385834366934490969e-02
3.371759845571815073e-01 5.440902006960047776e-01 9.442669763222083512e-02
3.306738597575293870e-01 5.414467784023091479e-01 9.507670602289174100e-02
3.241703859517456321e-01 5.387920701522075362e-01 9.582082460152975545e-02
3.176676217821733927e-01 5.361269608335024195e-01 9.663588884666154954e-02
3.111657018349907045e-01 5.334494778297343975e-01 9.753535397089801995e-02
3.046665360752015550e-01 5.307610187350958464e-01 9.849549096690375649e-02
2.981707526508078909e-01 5.280590802306163178e-01 9.953013727911740050e-02
2.916800056689490828e-01 5.253456190159265793e-01 1.006157308185727517e-01
2.851956441767327100e-01 5.226175486507915746e-01 1.017659181639953003e-01
2.787184062573341281e-01 5.198775114257281338e-01 1.029585738335877659e-01
2.722504937423515514e-01 5.171218084931218373e-01 1.042068244002753857e-01
2.657930446449773831e-01 5.143535807799811677e-01 1.054885981251107996e-01
2.593497405380739695e-01 5.115684214190812096e-01 1.068156901933681874e-01
2.529201840727727246e-01 5.087702914179109692e-01 1.081685886413398107e-01
2.465098224278223504e-01 5.059540514661748922e-01 1.095575186383462574e-01
2.401168168748141207e-01 5.031244528747550460e-01 1.109653608558617971e-01
2.337488441467224232e-01 5.002755870145605410e-01 1.124004803144961900e-01
2.274021782819876381e-01 4.974130381303044635e-01 1.138484817157154466e-01
2.210872638214709807e-01 4.945300988572507439e-01 1.153156797372572456e-01
2.147988616788340521e-01 4.916331264014382474e-01 1.167894064196607490e-01
2.085512885057318466e-01 4.887145428441770911e-01 1.182731872397912720e-01
2.023356764694195509e-01 4.857816926562686932e-01 1.197582224259729905e-01
1.961709413447319805e-01 4.828261323216157530e-01 1.212452543581137576e-01
1.900440553981227465e-01 4.798561660904024362e-01 1.227292308852269559e-01
1.839794628904340701e-01 4.768624901544336603e-01 1.242081787248989350e-01
1.779602420663334850e-01 4.738542722563467424e-01 1.256790643894693249e-01
1.720182496398296179e-01 4.708213020823139860e-01 1.271362272028029872e-01
1.661296211742172013e-01 4.677737836947701289e-01 1.285814319274812823e-01
1.603349596832181478e-01 4.647006478008263164e-01 1.300055800177881138e-01
1.546027277401840483e-01 4.616130394331379727e-01 1.314142832706317043e-01
1.489842563067757253e-01 4.584990590021820744e-01 1.327948425974309343e-01
1.434387320866975235e-01 4.553707574545790004e-01 1.341562663814714618e-01
1.380308128372193799e-01 4.522154410733005281e-01 1.354815935734898502e-01
1.327072691812920258e-01 4.490460639675493137e-01 1.367849461860299876e-01
1.275485522662546112e-01 4.458492194000374664e-01 1.380453717130777636e-01
1.224869313416303285e-01 4.426386637639568855e-01 1.392809649249834025e-01
1.176218142071279033e-01 4.394003595367253490e-01 1.404663022610060652e-01
1.128673694755241430e-01 4.361487912539365741e-01 1.416243516583128581e-01
1.083450668573176234e-01 4.328694008058326381e-01 1.427251629402643551e-01
1.039474468661490403e-01 4.295772834930730033e-01 1.437965787997193545e-01
9.982101158878800562e-02 4.262574852496870403e-01 1.448040596152444792e-01
9.583290900734103834e-02 4.229255832812047755e-01 1.457803089778738348e-01
9.215694173975143288e-02 4.195663703432744307e-01 1.466860873698666023e-01
8.863136244240550632e-02 4.161957574976914986e-01 1.475590738648427658e-01
8.545800760168305310e-02 4.127984448683961749e-01 1.483552582852274426e-01
8.244400489341432992e-02 4.093904974254793383e-01 1.491175157132217655e-01
7.981761548030387454e-02 4.059566815169972087e-01 1.497972480245908788e-01
7.735480779837339282e-02 4.025130486006052166e-01 1.504422280946811907e-01
7.530549838136998964e-02 3.990446004697743576e-01 1.509993622215389797e-01
7.341767780870477045e-02 3.955672160235154666e-01 1.515210298949772327e-01
7.195434219829992262e-02 3.920663418338457551e-01 1.519494714622841580e-01
7.064409442700331221e-02 3.885573937010098899e-01 1.523424617750901433e-01
6.975258692150268502e-02 3.850263609589255620e-01 1.526384824799966178e-01
6.899918987940349691e-02 3.814881700478942594e-01 1.528989812198488230e-01
6.863919839972050518e-02 3.779295892010746671e-01 1.530582961804556053e-01
6.839779406299850706e-02 3.743647522064678657e-01 1.531824223229106829e-01
6.850844530694195911e-02 3.707813422731177644e-01 1.532020816614777792e-01
6.871615035392943105e-02 3.671925189318765437e-01 1.531873723728690573e-01
6.922440911356932125e-02 3.635869314887789083e-01 1.530662312065543817e-01
6.980748409726318660e-02 3.599767858615358085e-01 1.529115031575510320e-01
7.063246487206487068e-02 3.563519021055557290e-01 1.526481775211875058e-01
7.151126742191991903e-02 3.527232990581294914e-01 1.523521768865001846e-01
7.257195045298961422e-02 3.490821273706445904e-01 1.519457572919601651e-01
7.366899441721153075e-02 3.454379301348649567e-01 1.515081628586433804e-01
7.489460025222167971e-02 3.417830354247575197e-01 1.509603431025086373e-01
7.614163764116151090e-02 3.381257979043120754e-01 1.503827458754430357e-01
7.746805115576685385e-02 3.344598833085407619e-01 1.496948617190038688e-01
7.880400911006896214e-02 3.307922436987897896e-01 1.489787119084688694e-01
8.017704354165469671e-02 3.271179030731947712e-01 1.481527609031769444e-01
8.155043188501420737e-02 3.234423959142476157e-01 1.473001146562384067e-01
8.292526418841068836e-02 3.197621292992233188e-01 1.463385518233817073e-01
8.429355334147935197e-02 3.160811968543268402e-01 1.453518971793459069e-01
8.563376147439116792e-02 3.123974068895618572e-01 1.442575568456662960e-01
8.696304751814062928e-02 3.087133143616090369e-01 1.431399323702445547e-01
8.824294672393857841e-02 3.050278537218503172e-01 1.419170230799888244e-01
8.950877487339307936e-02 3.013424220757048855e-01 1.406725222792528651e-01
9.070744570848109090e-02 2.976571288081685807e-01 1.393249710875887892e-01
9.189012944164917651e-02 2.939721283200772972e-01 1.379575036204366556e-01
9.299211637464956104e-02 2.902886056710907159e-01 1.364895063817739285e-01
9.407714719520061941e-02 2.866055756507559504e-01 1.350032313363100367e-01
9.507146281414775857e-02 2.829251811937086303e-01 1.334191700244598544e-01
9.604856735216800445e-02 2.792454201082269494e-01 1.318184161357759676e-01
9.692784048281422038e-02 2.755692592400654228e-01 1.301227781261425909e-01
9.778984265592961800e-02 2.718938704355780556e-01 1.284118937246946091e-01
9.854725958621952941e-02 2.682231569055614773e-01 1.266086839505913830e-01
9.928818326971571018e-02 2.645532405139524035e-01 1.247917108694479721e-01
9.992238594454665168e-02 2.608884820767450874e-01 1.228856810956917289e-01
1.005410991058176551e-01 2.572245082735436505e-01 1.209672715740293669e-01
1.010523537667665089e-01 2.535659778687578969e-01 1.189629775512681675e-01
1.015492168766524012e-01 2.499081968558495015e-01 1.169475792937747227e-01
1.019386230719347974e-01 2.462560113022919939e-01 1.148492694169472306e-01
1.023148395724570725e-01 2.426045119069448752e-01 1.127410392837327746e-01
1.025845963938440547e-01 2.389585507885816640e-01 1.105527385096807536e-01
1.028416644345910014e-01 2.353133281838969693e-01 1.083555162812154804e-01
1.029874616297253159e-01 2.316745817760874071e-01 1.060800597602045425e-01
1.031224985648401538e-01 2.280363603050529764e-01 1.037967995872042942e-01
1.031544163414350040e-01 2.244031694781133957e-01 1.014387544159730814e-01
1.031767238194909869e-01 2.207704126700504865e-01 9.907382120873949038e-02
1.030976863311369729e-01 2.171422327883232861e-01 9.663625053093533035e-02
1.030096743627495343e-01 2.135144879852076960e-01 9.419260800594576877e-02
1.028166609779709445e-01 2.098918336018479047e-01 9.167792486888702574e-02
1.026164413647871476e-01 2.062693853440813463e-01 8.915800578677243737e-02
1.023217400902907970e-01 2.026496396218707419e-01 8.656943764725899548e-02
1.020203271662818711e-01 1.990301168552220668e-01 8.397633296528690672e-02
1.016190784557736010e-01 1.954139105525573294e-01 8.131574721424239538e-02
1.012125881942910061e-01 1.917977412825291883e-01 7.865130615854139251e-02
1.007162427732487125e-01 1.881822068576998186e-01 7.592077416587220129e-02
1.002151840800751814e-01 1.845667198921095153e-01 7.318700919298083696e-02
9.961907439892207783e-02 1.809521900211731316e-01 7.038804578560915737e-02
9.901948711392093150e-02 1.773375684547304765e-01 6.758641702215888170e-02
9.833504629502813621e-02 1.737207095179393312e-01 6.471975357039516652e-02
9.764764276041885960e-02 1.701037853168607117e-01 6.185098735998178360e-02
9.686913571752756025e-02 1.664848542389432418e-01 5.891756132109103594e-02
9.608861481914307556e-02 1.628657977193145034e-01 5.598254077310987203e-02
9.522485456037343976e-02 1.592415562756209491e-01 5.298161384939161639e-02
9.435977512725982064e-02 1.556172022280110090e-01 4.997960348889739224e-02
9.341224729764749379e-02 1.519858104356299200e-01 4.690987832990551470e-02
9.246402847393023205e-02 1.483543567330335988e-01 4.383964973738949111e-02
9.142874439299131240e-02 1.447151023433161376e-01 4.070598852083089775e-02
9.039346031205239274e-02 1.410758479535987042e-01 3.757232730427231132e-02
