4.302358415687696641e-02 1.347466468486828162e-01 1.814033690029403789e-01
4.240896820473930712e-02 1.379207294627511349e-01 1.880000132846364747e-01
4.165998555623776772e-02 1.410764101660950676e-01 1.946945979358049306e-01
4.077187167869168044e-02 1.442128230649511178e-01 2.014897545512060462e-01
3.973109812564046966e-02 1.473290124847700944e-01 2.083881646528125686e-01
3.855142659333158500e-02 1.504239243086864242e-01 2.153925531632447932e-01
3.724104877972817668e-02 1.534963968006743951e-01 2.225056785066047427e-01
3.580285140219943013e-02 1.565451508545613324e-01 2.297303188311711764e-01
3.424086776326334264e-02 1.595687796274078696e-01 2.370692537035052894e-01
3.256045092437660771e-02 1.625657375372065172e-01 2.445252404655516298e-01
3.076847150338904088e-02 1.655343286320868912e-01 2.521009842708898940e-01
2.887354336724979459e-02 1.684726943733511340e-01 2.597991006194529384e-01
2.688628079003625021e-02 1.713788009201964724e-01 2.676220689883656578e-01
2.481959092316482485e-02 1.742504260630125257e-01 2.755721759073819221e-01
2.268900565519043483e-02 1.770851460283408008e-01 2.836514455491285780e-01
2.051305708836190234e-02 1.798803224762843544e-01 2.918615555971745823e-01
1.831370088059328799e-02 1.826330901354558944e-01 3.002037358215742802e-01
1.611679153131662795e-02 1.853403456771422486e-01 3.086786464386777618e-01
1.394962869269535458e-02 1.879985744696341665e-01 3.172891311387546209e-01
1.183181921464798725e-02 1.906030494875884940e-01 3.260504258991397952e-01
9.821376908201579631e-03 1.931505367990551669e-01 3.349451938997277112e-01
7.966458156695263582e-03 1.956367831101865074e-01 3.439701975512344245e-01
6.313931897997479385e-03 1.980563238981282725e-01 3.531308625513321364e-01
4.915704052656706159e-03 2.004022668663100193e-01 3.624380790184192902e-01
3.868005690584409417e-03 2.026714739697207390e-01 3.718585222581060612e-01
3.234436620183857650e-03 2.048543296889573373e-01 3.814143023781167985e-01
3.130143895029453924e-03 2.069465201807040300e-01 3.910727157680907728e-01
3.659464337622056473e-03 2.089378730126205119e-01 4.008403082646755378e-01
4.968824424926984382e-03 2.108244402715978572e-01 4.106725557884532418e-01
7.202245079939479863e-03 2.125923697235929666e-01 4.205798435428694249e-01
1.054920969148875377e-02 2.142379274268808587e-01 4.305030545006829912e-01
1.521324608924789525e-02 2.157537709992966013e-01 4.403998720479981310e-01
2.142405389475069907e-02 2.171338408372247564e-01 4.502151045513417826e-01
2.943237621291226389e-02 2.183755340193498373e-01 4.598741224112953829e-01
3.949631810710616669e-02 2.194817622974732929e-01 4.692809181663986640e-01
5.086062781507551950e-02 2.204631177271638154e-01 4.783193317382386511e-01
6.257574216227884678e-02 2.213395401423081110e-01 4.868591693055409064e-01
7.454043454487743747e-02 2.221396506669857662e-01 4.947700847105063748e-01
8.661527243534153375e-02 2.229029846244162116e-01 5.019295667672784012e-01
9.865146882424558061e-02 2.236734134540366292e-01 5.082487954118423135e-01
1.105096048488903582e-01 2.244928240543722642e-01 5.136864842868619219e-01
1.220758161789137208e-01 2.253955624631624466e-01 5.182513518270555064e-01
1.332769808837677150e-01 2.264037195031670113e-01 5.219942759119797770e-01
1.440701554402511464e-01 2.275295268105100299e-01 5.249918152255924619e-01
1.544401351916566134e-01 2.287762267622007184e-01 5.273334301578820327e-01
1.643926545045366894e-01 2.301403385580774175e-01 5.291105013217275443e-01
1.739473922693024477e-01 2.316140179219841055e-01 5.304090125953848656e-01
1.831320194083358166e-01 2.331870523845633869e-01 5.313056711034237489e-01
1.919777411258276889e-01 2.348483293958052442e-01 5.318665803580955309e-01
2.005162855644030406e-01 2.365868008111434162e-01 5.321474994512034318e-01
2.087757928775158534e-01 2.383925342835749861e-01 5.321961618504682523e-01
2.167652332684084082e-01 2.402600692715637365e-01 5.320632010098891307e-01
2.245307323163556745e-01 2.421764485082114615e-01 5.317705029005180828e-01
2.320773560528454627e-01 2.441378867212262160e-01 5.313573155257688141e-01
2.394347276593478124e-01 2.461358112810709264e-01 5.308412577561626433e-01
2.466106174791823924e-01 2.481666077999340470e-01 5.302502483955888746e-01
2.536330935558972488e-01 2.502227488216160478e-01 5.295917653158235261e-01
2.604971973455812440e-01 2.523038982882520598e-01 5.288967827813431111e-01
2.672330073238797232e-01 2.544026461620120250e-01 5.281627743254384555e-01
2.738458677166205057e-01 2.565169639816774483e-01 5.274055567105786491e-01
2.803388286157177944e-01 2.586455179393916115e-01 5.266414874182869799e-01
2.867309355643479774e-01 2.607837229034284388e-01 5.258687525485442604e-01
2.930294164335003337e-01 2.629296116255364635e-01 5.250949387586411055e-01
2.992364505869145597e-01 2.650824369784657852e-01 5.243315929262375441e-01
3.053600188502959001e-01 2.672402896628709446e-01 5.235827208231600416e-01
3.114102737721343162e-01 2.694008177499392365e-01 5.228483021447168921e-01
3.173927119433585520e-01 2.715627419243002993e-01 5.221322286676483015e-01
3.233125249143365965e-01 2.737248924603296052e-01 5.214377352462393755e-01
3.291746259242060435e-01 2.758861930089480663e-01 5.207674764021968938e-01
3.349810775196704893e-01 2.780462796344428389e-01 5.201267947702264971e-01
3.407384324317889179e-01 2.802037295901380065e-01 5.195148390437953623e-01
3.464519735533625466e-01 2.823574064960844843e-01 5.189315486830858859e-01
3.521256549730736873e-01 2.845064929032992129e-01 5.183778922077408868e-01
3.577632616117895625e-01 2.866502085282182644e-01 5.178545117496907713e-01
3.633684234565794369e-01 2.887878035846869751e-01 5.173617538452234266e-01
3.689446282496485208e-01 2.909185531722860429e-01 5.168996957927802782e-01
3.744952327177523133e-01 2.930417526219032398e-01 5.164681681516263279e-01
3.800234724204065717e-01 2.951567137107925509e-01 5.160667738976858487e-01
3.855324702889345034e-01 2.972627616695813768e-01 5.156949047006325060e-01
3.910252439231689525e-01 2.993592329127488516e-01 5.153517547402739485e-01
3.965047117085352957e-01 3.014454734318733342e-01 5.150363324397979614e-01
4.019736978134612615e-01 3.035208377974141780e-01 5.147474704578473004e-01
4.074349361254417379e-01 3.055846887200344142e-01 5.144838342500493988e-01
4.128910731838144610e-01 3.076363971264541308e-01 5.142439294828335949e-01
4.183446701681248769e-01 3.096753427077242327e-01 5.140261085574696631e-01
4.237982040029925068e-01 3.117009148996436330e-01 5.138285764796668431e-01
4.292540676433507230e-01 3.137125142559697988e-01 5.136493962891002241e-01
4.347145696077641674e-01 3.157095541752123480e-01 5.134864942434655966e-01
4.401819328320223934e-01 3.176914629412801450e-01 5.133376649324792318e-01
4.456582929200801346e-01 3.196576860372390416e-01 5.132005764783227342e-01
4.511456958745012069e-01 3.216076886901013121e-01 5.130727759599923443e-01
4.566460953934932676e-01 3.235409586030685847e-01 5.129516951795801694e-01
4.621613498261642472e-01 3.254570088301477759e-01 5.128346568685625551e-01
4.676932188814080793e-01 3.273553807468020937e-01 5.127188814115805071e-01
4.732428605803685184e-01 3.292358440934364250e-01 5.126021298088219158e-01
4.788118982712443183e-01 3.310979866905929270e-01 5.124813458193531179e-01
4.844022671894930299e-01 3.329412605203437847e-01 5.123528633338461091e-01
4.900153077375403732e-01 3.347653448142874910e-01 5.122135623729956455e-01
4.956522448939807979e-01 3.365699615902815744e-01 5.120602633328430464e-01
5.013141855004613623e-01 3.383548782378497655e-01 5.118897370886054121e-01
5.070021159444348946e-01 3.401199098931741438e-01 5.116987155764084472e-01
5.127169003098406286e-01 3.418649215702404542e-01 5.114839027683760753e-01
5.184592790567005283e-01 3.435898300200809219e-01 5.112419859415009427e-01
5.242298682780908159e-01 3.452946052961644585e-01 5.109696471283980967e-01
5.300290829876292964e-01 3.469793066093822542e-01 5.106636726611957222e-01
5.358568212486278792e-01 3.486442297841647608e-01 5.103213737392416904e-01
5.417140154616794101e-01 3.502892015845142648e-01 5.099386078900557395e-01
5.476007965434115388e-01 3.519144089846746315e-01 5.095121391385767362e-01
5.535171762287298680e-01 3.535200955791491517e-01 5.090387813006568285e-01
5.594630499178251393e-01 3.551065613785430175e-01 5.085154079290068463e-01
5.654382000402481401e-01 3.566741623560326646e-01 5.079389616093806792e-01
5.714422998778114771e-01 3.582233097759420226e-01 5.073064625122220006e-01
5.774749177790933219e-01 3.597544693406012906e-01 5.066150161196217860e-01
5.835354905112112300e-01 3.612681755954154639e-01 5.058618628825121144e-01
5.896234768833198414e-01 3.627649573446938280e-01 5.050441798184808206e-01
5.957382800770049114e-01 3.642453755564460383e-01 5.041591918754879664e-01
6.018790971542566925e-01 3.657101002826570468e-01 5.032043932295058308e-01
6.080450433233843821e-01 3.671598511543738841e-01 5.021773883278379813e-01
6.142351567586136207e-01 3.685953964013289341e-01 5.010758941407770228e-01
6.204484032566324192e-01 3.700175519946621860e-01 4.998977415185788531e-01
6.266836806577740226e-01 3.714271809539651525e-01 4.986408757040387552e-01
6.329398229649814134e-01 3.728251928573975138e-01 4.973033560632995065e-01
6.392160428665409899e-01 3.742123119065962067e-01 4.958826711206693605e-01
6.455109128805173180e-01 3.755896127803897699e-01 4.943772994040694369e-01
6.518229560016637336e-01 3.769582166093601860e-01 4.927858346382570365e-01
6.581507757301910955e-01 3.783192227772301242e-01 4.911067745989116662e-01
6.644929245137047857e-01 3.796737799184669582e-01 4.893387229724615595e-01
6.708479049988395060e-01 3.810230873166516874e-01 4.874803864386602625e-01
6.772141706962104823e-01 3.823683966878616003e-01 4.855305716203795474e-01
6.835901260392014400e-01 3.837110143637160742e-01 4.834881820068880898e-01
6.899741258212482853e-01 3.850523038861773384e-01 4.813522149582901144e-01
6.963647489101003618e-01 3.863935365667746091e-01 4.791212517830490403e-01
7.027607651528439137e-01 3.877359090909073824e-01 4.767934603359391121e-01
7.091596453043385040e-01 3.890813768853892962e-01 4.743694014096118683e-01
7.155595110400265746e-01 3.904315759630465066e-01 4.718484403850315423e-01
7.219584211216976133e-01 3.917882196619904001e-01 4.692300297946089827e-01
7.283543670757020028e-01 3.931531037474643164e-01 4.665137092450028500e-01
7.347452682417885406e-01 3.945281119148395521e-01 4.636991061911084899e-01
7.411289662007205514e-01 3.959152216767066190e-01 4.607859376837101784e-01
7.475032185928461859e-01 3.973165106100738364e-01 4.577740132179714538e-01
7.538656923450320901e-01 3.987341629311229041e-01 4.546632388151279902e-01
7.602139563301310021e-01 4.001704763544081667e-01 4.514536224751011795e-01
7.665454734918948354e-01 4.016278691804672230e-01 4.481452811429805227e-01
7.728575924793891216e-01 4.031088875400795635e-01 4.447384493368620184e-01
7.791475388490469722e-01 4.046162127044889978e-01 4.412334895877856877e-01
7.854124059100174859e-01 4.061526683483064892e-01 4.376309048436108906e-01
7.916496250705130633e-01 4.077209563309012741e-01 4.339300583949480816e-01
7.978554769698615878e-01 4.093245021376343273e-01 4.301331002176635998e-01
8.040265473198658919e-01 4.109666283130419262e-01 4.262412078361375034e-01
8.101593018381086919e-01 4.126507964005382556e-01 4.222556442518463626e-01
8.162500299793946645e-01 4.143806380152656454e-01 4.181779057148322098e-01
8.222948369949644176e-01 4.161599574835080917e-01 4.140097473970957287e-01
8.282896369849618301e-01 4.179927327042752272e-01 4.097532115798265817e-01
8.342301473121549460e-01 4.198831138095883708e-01 4.054106582918731161e-01
8.401118848024662356e-01 4.218354191511197726e-01 4.009847982570906022e-01
8.459301642168141067e-01 4.238541280959300939e-01 3.964787279095077777e-01
8.516800995363732474e-01 4.259438700770941111e-01 3.918959661161814934e-01
8.573566086558340738e-01 4.281094093210276452e-01 3.872404921073365203e-01
8.629544221217413380e-01 4.303556246684211439e-01 3.825167839523437308e-01
8.684682784544648371e-01 4.326874049232491415e-01 3.777289559948938114e-01
8.738924888861701046e-01 4.351098277647990065e-01 3.728828655838466455e-01
8.792211765093931319e-01 4.376280059562604463e-01 3.679853982442675697e-01
8.844484986528078352e-01 4.402469637352893761e-01 3.630434911921697760e-01
8.895685573274146885e-01 4.429716435776493433e-01 3.580647550767498966e-01
8.945754466758892853e-01 4.458068470651717630e-01 3.530574883147603593e-01
8.994633077021184642e-01 4.487571699222297483e-01 3.480306811872820871e-01
9.042263898771543129e-01 4.518269322507036390e-01 3.429940077869830239e-01
9.088591188288887013e-01 4.550201054230850750e-01 3.379578040332525402e-01
9.133561688903510944e-01 4.583402375319655664e-01 3.329330302295951394e-01
9.177125388281358598e-01 4.617903797088446782e-01 3.279312170344360622e-01
9.219236286290978244e-01 4.653730159761804708e-01 3.229643942552787861e-01
9.259853148280876578e-01 4.690899995406722645e-01 3.180450025464794939e-01
9.298940215549243993e-01 4.729424985302604356e-01 3.131857888674289270e-01
9.336467843076016182e-01 4.769309540863717056e-01 3.083996873997972288e-01
9.372413034589514025e-01 4.810550534230226272e-01 3.036996884748760506e-01
9.406761915333651247e-01 4.853133831791220376e-01 2.991008115761145669e-01
9.439505540816648388e-01 4.897042596454151409e-01 2.946142131735107750e-01
9.470642549427662482e-01 4.942251670154043652e-01 2.902517848687524715e-01
9.500178768072954361e-01 4.988729008058708225e-01 2.860250853757211886e-01
9.528126724491837729e-01 5.036436626939064798e-01 2.819450085972586284e-01
9.554505151457800549e-01 5.085331393450878146e-01 2.780216774275753311e-01
9.579338346483660116e-01 5.135365915310197149e-01 2.742643560770664513e-01
9.602655413373332172e-01 5.186489498997828296e-01 2.706813831528267489e-01
9.624489416773204242e-01 5.238649135942663460e-01 2.672801266996627789e-01
9.644876483463379335e-01 5.291790480031630661e-01 2.640669613587301456e-01
9.663854884423169755e-01 5.345858782517585173e-01 2.610472668135692675e-01
9.681464129864852941e-01 5.400799755477891928e-01 2.582254458338995584e-01
9.697781114241282863e-01 5.456526250336856121e-01 2.556127882367202897e-01
9.712826796885504210e-01 5.513006009890926151e-01 2.532063475926792928e-01
9.726640169960100168e-01 5.570190603521499861e-01 2.510073213658434721e-01
9.739260455706105768e-01 5.628032686533823714e-01 2.490165622370395515e-01
9.750724488220604558e-01 5.686488267168349209e-01 2.472341838126059788e-01
9.761066252243656427e-01 5.745516925416855880e-01 2.456596427953946504e-01
9.770316530776766983e-01 5.805081924008022032e-01 2.442918220720541878e-01
9.778542830401616426e-01 5.865117973932573170e-01 2.431339435987816544e-01
9.785871662787147818e-01 5.925516241465434986e-01 2.421943350993461253e-01
9.792215599299879392e-01 5.986339836528820069e-01 2.414560684298206472e-01
9.797592510696065959e-01 6.047566164301985125e-01 2.409161335444194307e-01
9.802016355317048069e-01 6.109175983666900178e-01 2.405713023531715344e-01
9.805676632486653999e-01 6.171020687650276004e-01 2.404327513786955195e-01
9.808542177755786851e-01 6.233120591952888701e-01 2.404907603060497112e-01
9.810517115756595130e-01 6.295540341933086870e-01 2.407326334318371508e-01
9.811601587431683091e-01 6.358272300493886808e-01 2.411544253963208151e-01
9.812161890202183434e-01 6.421054521194061726e-01 2.417737011140827508e-01
9.811900449658513823e-01 6.484094115099716671e-01 2.425656164292536165e-01
9.810775943743016425e-01 6.547412912077885672e-01 2.435240248343196745e-01
9.809121906022041371e-01 6.610782202072411629e-01 2.446602111434821314e-01
9.806775171356082454e-01 6.674311065955709221e-01 2.459600710329800100e-01
9.803569363131708903e-01 6.738104105308327929e-01 2.474123918935252631e-01
9.799947978426885031e-01 6.801872081039821438e-01 2.490284351662526152e-01
9.795608390768441032e-01 6.865809273437679661e-01 2.507915747913866400e-01
9.790437941046336023e-01 6.929981547784653806e-01 2.526944981322268302e-01
9.785025518550222179e-01 6.994023617863943665e-01 2.547473105768613966e-01
9.778731790610494246e-01 7.058327842346164838e-01 2.569288458216963389e-01
9.771938434499735093e-01 7.122660216868954564e-01 2.592429350213492079e-01
9.764608620420437424e-01 7.187043804761332755e-01 2.616832648477022683e-01
9.756450471445193839e-01 7.251647265240256379e-01 2.642409964484883633e-01
9.748115922266610278e-01 7.316093675286975406e-01 2.669194674360430009e-01
9.738830864285560329e-01 7.380825727170650108e-01 2.697052767126993933e-01
9.729332185652413978e-01 7.445426741873611975e-01 2.726004085990675341e-01
9.719033842132623890e-01 7.510223974173567685e-01 2.755959447695832676e-01
9.708321677595389554e-01 7.575004103980910175e-01 2.786895767122058998e-01
9.697014702279608267e-01 7.639866103676332676e-01 2.818760833274795430e-01
9.685134270218879182e-01 7.704797672472039061e-01 2.851513543735543776e-01
9.672813562236876050e-01 7.769729276282802966e-01 2.885109790186712320e-01
9.659805167528269232e-01 7.834789277419534903e-01 2.919512915720451351e-01
9.646455927425529042e-01 7.899799987578216554e-01 2.954671447659111272e-01
9.632354514159074954e-01 7.964969880048310413e-01 2.990563020508418268e-01
9.617952208034158401e-01 8.030073362579277507e-01 3.027124801015861344e-01
9.602786874099317194e-01 8.095338881168883116e-01 3.064347955429741477e-01
9.587297096004457897e-01 8.160552540294246926e-01 3.102163757751668638e-01
9.571090571517572032e-01 8.225903515969279489e-01 3.140567587334648914e-01
9.554468796045422208e-01 8.291248137246056693e-01 3.179497747608773239e-01
9.537236888696744019e-01 8.356678323717513512e-01 3.218937968668658112e-01
9.519428106712924942e-01 8.422177778046702201e-01 3.258852005062039536e-01
9.501179117531560747e-01 8.487684680570358742e-01 3.299191463277691971e-01
9.482117348276816182e-01 8.553365681183157099e-01 3.339967615365161957e-01
9.462851460975379991e-01 8.618950384088079897e-01 3.381076666435626210e-01
9.442459133201260846e-01 8.684842288904216501e-01 3.422601396625113979e-01
9.422167779124361875e-01 8.750509279031750687e-01 3.464358184621956216e-01
9.400666172577509805e-01 8.816513136073540480e-01 3.506485065857576355e-01
9.379020171222396396e-01 8.882400915396853058e-01 3.548816323185013388e-01
9.356459433308607077e-01 8.948494735901739716e-01 3.591425206837358663e-01
9.333277379683798669e-01 9.014670231254420241e-01 3.634246715188788057e-01
9.309624809420029568e-01 9.080866182710108925e-01 3.677234912245690435e-01
9.284782995161663388e-01 9.147367254690164096e-01 3.720459912857498330e-01
9.259994667118637279e-01 9.213680256802986301e-01 3.763733055165230379e-01
9.233891601813665195e-01 9.280340078503441781e-01 3.807211008345841030e-01
9.207373424444782462e-01 9.346994332964159158e-01 3.850752946453989134e-01
9.180044674950579298e-01 9.413793274488706508e-01 3.894388414655153285e-01
9.151535188839099444e-01 9.480870107068085639e-01 3.938141826868415962e-01
9.122905837806617457e-01 9.547829076022523731e-01 3.981860439231292847e-01
9.092834141854153618e-01 9.615152666256695513e-01 4.025687301839991905e-01
9.062201925807386038e-01 9.682515240729007155e-01 4.069495756212164750e-01
9.030689611595159594e-01 9.750029027543246629e-01 4.113306309475377454e-01
8.997622493363455209e-01 9.817923126875577333e-01 4.157175669544110885e-01
