1.561019746507273376e-01 1.026082525875711138e-01 1.727215696232307918e-01
1.614878059346168959e-01 1.086331782717616379e-01 1.834416540200605461e-01
1.668117590877864764e-01 1.145994139402238821e-01 1.942594655847655616e-01
1.720703275074147443e-01 1.205129174047056828e-01 2.051860710532931176e-01
1.772595702951434704e-01 1.263792859047284667e-01 2.162309361702130506e-01
1.823751828761793481e-01 1.322038111876145949e-01 2.274020989868827392e-01
1.874125186315797886e-01 1.379915476831030108e-01 2.387062880680187460e-01
1.923665760685599468e-01 1.437473901381048913e-01 2.501489823140411461e-01
1.972319620276792862e-01 1.494761585027865047e-01 2.617344119314569673e-01
2.020028382233076125e-01 1.551826890051333785e-01 2.734655011163185101e-01
2.066728560428846562e-01 1.608719311731062473e-01 2.853437530392856081e-01
2.112350828916275125e-01 1.665490510713014960e-01 2.973690772834624574e-01
2.156819223383368844e-01 1.722195412332822306e-01 3.095395593647118360e-01
2.200027865362182422e-01 1.778889096627078448e-01 3.218593457818205161e-01
2.241821302892643142e-01 1.835626593748518609e-01 3.343431537784405938e-01
2.282155151615900546e-01 1.892493734782149939e-01 3.469585312854190362e-01
2.320913707908846546e-01 1.949572807641995476e-01 3.596924727656225507e-01
2.357791582066215419e-01 2.006936504843463420e-01 3.725810406048237766e-01
2.392760085101002243e-01 2.064712127546999287e-01 3.855616338648150121e-01
2.425474613143962510e-01 2.123011804696942062e-01 3.986531809377649171e-01
2.455817950644241798e-01 2.181991605590304917e-01 4.117955160707330586e-01
2.483306606950595463e-01 2.241817667402334346e-01 4.250033167249620547e-01
2.507721436866522935e-01 2.302701237479483076e-01 4.382036814126420432e-01
2.528659964243425984e-01 2.364882912834416206e-01 4.513446141213755536e-01
2.545675711557803811e-01 2.428643843006248471e-01 4.643557571030281772e-01
2.558322794870629413e-01 2.494300496133808887e-01 4.771399728195321877e-01
2.566151212870083631e-01 2.562195453869526296e-01 4.895770754997314511e-01
2.568729082739400482e-01 2.632680806498599591e-01 5.015251413221865073e-01
2.566051651711689918e-01 2.706008890121900934e-01 5.127963599343589030e-01
2.558254018044066047e-01 2.782328077909240194e-01 5.232189983935346955e-01
2.545978636988186494e-01 2.861560770732184955e-01 5.326370186681820273e-01
2.530378388279626023e-01 2.943355684042912035e-01 5.409499814033098541e-01
2.512817651002536290e-01 3.027167370222472731e-01 5.481422664464320471e-01
2.494682375867288693e-01 3.112353605277175528e-01 5.542766318947622839e-01
2.477157002362878613e-01 3.198299095156284522e-01 5.594704462476630669e-01
2.461121481740833894e-01 3.284495884603169102e-01 5.638648470620498676e-01
2.447220255685461088e-01 3.370546900675063240e-01 5.676029832475817383e-01
2.435790408918375727e-01 3.456199709880173332e-01 5.708127541670769967e-01
2.426978313653707087e-01 3.541305556383861908e-01 5.736016010478480753e-01
2.420946965383475313e-01 3.625739944720036134e-01 5.760653956197256953e-01
2.417595622535183009e-01 3.709493751547713325e-01 5.782729391945388153e-01
2.416897018162703636e-01 3.792548337300427064e-01 5.802858143751018494e-01
2.418784445905285962e-01 3.874910027793410650e-01 5.821542521747482546e-01
2.423091294682429564e-01 3.956627542073260506e-01 5.839131390484204598e-01
2.429695407602900925e-01 4.037738393736669540e-01 5.855939512690606641e-01
2.438461792188084676e-01 4.118287207942545325e-01 5.872218507211212080e-01
2.449256139784778408e-01 4.198319765418777605e-01 5.888176525512366366e-01
2.461926332303804310e-01 4.277888629705645096e-01 5.903967722170088139e-01
2.476314436738927260e-01 4.357048438328084417e-01 5.919706842419948378e-01
2.492275176071283571e-01 4.435849323073600692e-01 5.935491293785424283e-01
2.509665668417216944e-01 4.514340415062205181e-01 5.951395103673859932e-01
2.528346862021874641e-01 4.592569393176054171e-01 5.967472668238706923e-01
2.548184740794410263e-01 4.670582183399953347e-01 5.983761730113198452e-01
2.569051367797046126e-01 4.748422758923547815e-01 6.000285749995881712e-01
2.590825816132030779e-01 4.826133005480903182e-01 6.017055804809932074e-01
2.613396987489819967e-01 4.903751992421883643e-01 6.034074237284018372e-01
2.636659810857353015e-01 4.981317406526836744e-01 6.051330956906521008e-01
2.660516582874621339e-01 5.058865272594796902e-01 6.068805013837572648e-01
2.684882380171457750e-01 5.136428405367017280e-01 6.086470522439324515e-01
2.709683308416185876e-01 5.214037172983150281e-01 6.104294711750373192e-01
2.734857257205313141e-01 5.291719440816851083e-01 6.122238564648385672e-01
2.760354668808263079e-01 5.369500509042623992e-01 6.140257392505246159e-01
2.786139324558262742e-01 5.447403043452749838e-01 6.158301364812402978e-01
2.812189151446758406e-01 5.525446999518639490e-01 6.176316008625786225e-01
2.838497050469647731e-01 5.603649539888247988e-01 6.194242689076802089e-01
2.865071747347951447e-01 5.682024945496734203e-01 6.212019079466474247e-01
2.891935293105973304e-01 5.760585509806988025e-01 6.229575870601862242e-01
2.919132661023912667e-01 5.839338872257091584e-01 6.246846842638799080e-01
2.946726143633343065e-01 5.918289843891730850e-01 6.263762188290394883e-01
2.974797079780254205e-01 5.997440045832753697e-01 6.280249877540684533e-01
3.003447193279823457e-01 6.076787658883653354e-01 6.296236627075371128e-01
3.032799496578738041e-01 6.156327286641396501e-01 6.311648425953061414e-01
3.062999162775806861e-01 6.236049805794583456e-01 6.326411091031564071e-01
3.094214341373541788e-01 6.315942201545601264e-01 6.340450861601970578e-01
3.126636885203824545e-01 6.395987386132337971e-01 6.353695045172913503e-01
3.160482946464280851e-01 6.476163998706647718e-01 6.366072729215248582e-01
3.195993388733257556e-01 6.556446185422359907e-01 6.377515576836865208e-01
3.233433949344308722e-01 6.636803359579184214e-01 6.387958727683986648e-01
3.273095072934468774e-01 6.717199943156246800e-01 6.397341828681051279e-01
3.315291322901112725e-01 6.797595093162658308e-01 6.405610222271946874e-01
3.360351011011302735e-01 6.877945827659479594e-01 6.412695960850323118e-01
3.408640318201912600e-01 6.958197818437616977e-01 6.418569321473704958e-01
3.460540467004642462e-01 7.038291754672099110e-01 6.423205839967465192e-01
3.516446005650431528e-01 7.118162697085735902e-01 6.426589560156208414e-01
3.576762479926827720e-01 7.197739138067411613e-01 6.428719883285997083e-01
3.641894512092864744e-01 7.276949011320993366e-01 6.429557270674552960e-01
3.712266123106295335e-01 7.355700686179795778e-01 6.429189618774799886e-01
3.788278449989629926e-01 7.433902546660990929e-01 6.427683061328856029e-01
3.870322615152646528e-01 7.511462095764531721e-01 6.425055472082883412e-01
3.958750262046074608e-01 7.588270315806920907e-01 6.421508285001665817e-01
4.053883482522956383e-01 7.664223146281371468e-01 6.417151578859574546e-01
4.155968407812616339e-01 7.739210344346504344e-01 6.412227317683711902e-01
4.265195639210723755e-01 7.813124732411278472e-01 6.406960731925235297e-01
4.381634653667463852e-01 7.885863788123392837e-01 6.401694292235835526e-01
4.505287643111087204e-01 7.957333261733031682e-01 6.396742566585853496e-01
4.635986539031755060e-01 8.027456073395251579e-01 6.392548734619343254e-01
4.773469739538908629e-01 8.096172922533247940e-01 6.389538165444101914e-01
4.917330703220189059e-01 8.163450533427777378e-01 6.388184799685107107e-01
5.067050118087177424e-01 8.229283397233977393e-01 6.388963162980869637e-01
5.221997330825246530e-01 8.293697946738645133e-01 6.392346216632595057e-01
5.381481232862911357e-01 8.356748924828519831e-01 6.398763669277579558e-01
5.544783665092802849e-01 8.418515860497588488e-01 6.408587965640016870e-01
5.711115213696185133e-01 8.479112775740021979e-01 6.422171169895777298e-01
5.879840953182007279e-01 8.538646600753627691e-01 6.439710905713145195e-01
6.050194699551968425e-01 8.597270135144634562e-01 6.461439080647282118e-01
6.221681809999368706e-01 8.655099786991408140e-01 6.487403091120448329e-01
6.393757001353049807e-01 8.712277338509245572e-01 6.517658303256151919e-01
6.565929334411800822e-01 8.768947704523611941e-01 6.552210497573525139e-01
6.737933070789577927e-01 8.825213731875580780e-01 6.590961736178440056e-01
6.909478082204841831e-01 8.881191135591984809e-01 6.633823202371271766e-01
7.080340865696405084e-01 8.936985513356989763e-01 6.680678941563225059e-01
7.250358375800118882e-01 8.992691342626382145e-01 6.731393536848668813e-01
7.419421046029871514e-01 9.048391559449654453e-01 6.785819005039074314e-01
7.587465580267132026e-01 9.104157595099175992e-01 6.843800748081978469e-01
7.754467945117471395e-01 9.160049747102424478e-01 6.905182510191696377e-01
7.920436855303579771e-01 9.216117772405966191e-01 6.969810377273069069e-01
8.085407925860420564e-01 9.272401607530683654e-01 7.037535913222745521e-01
8.249438571064254822e-01 9.328932140048489252e-01 7.108218561594963347e-01
8.412422934868647451e-01 9.385792958890862847e-01 7.181734629573161000e-01
8.574559441871676402e-01 9.442965454208677167e-01 7.257948454644865821e-01
8.735986658557798323e-01 9.500445573198598170e-01 7.336747582572585857e-01
8.896512126622908578e-01 9.558344072358454513e-01 7.418023698547455691e-01
9.056514559384564178e-01 9.616567079910524063e-01 7.501688017241657791e-01
9.215850348376466439e-01 9.675205198521025229e-01 7.587646801057830181e-01
9.374799177499437697e-01 9.734191074102575003e-01 7.675843461643131471e-01
9.533233708513803029e-01 9.793607550577946297e-01 7.766197776697654209e-01
9.691488355955474310e-01 9.853357520972024775e-01 7.858697059005903540e-01
9.849374457410008388e-01 9.913545172197536504e-01 7.953271573982337861e-01
5.237510688652501772e-02 1.452546228317073418e-01 7.751950190923809214e-02
5.622628551680566161e-02 1.523457500722602831e-01 8.040279400454641845e-02
6.007072166263575236e-02 1.593963705834963718e-01 8.324827330002768089e-02
6.385205670255669763e-02 1.664232541404700172e-01 8.599651952193751447e-02
6.756460338718012215e-02 1.734310951493893138e-01 8.864073081078854832e-02
7.121409992638502717e-02 1.804216402085259963e-01 9.118655316732873772e-02
7.479859509186639888e-02 1.873981595163995706e-01 9.363114185870033412e-02
7.832196854697648369e-02 1.943623428359516903e-01 9.597819921125996800e-02
8.178249510428708957e-02 2.013169715395964343e-01 9.822505767280115263e-02
8.518219102467458614e-02 2.082637805063026204e-01 1.003733079455831900e-01
8.852454157738801066e-02 2.152040105951080751e-01 1.024263253707545229e-01
9.181013978863614144e-02 2.221394247672267563e-01 1.043841327744766678e-01
9.503809838243432173e-02 2.290719902760253168e-01 1.062449430282469132e-01
9.821010670676499910e-02 2.360029705984670323e-01 1.080100113958255836e-01
1.013286574784400540e-01 2.429333482333665417e-01 1.096815914631605327e-01
1.043934471701543076e-01 2.498646410896294690e-01 1.112585290437959340e-01
1.074478296880792549e-01 2.567911108934768372e-01 1.127437202480449374e-01
1.106260709129789077e-01 2.636946096457899458e-01 1.140997527427590474e-01
1.139531706355643714e-01 2.705743606077580798e-01 1.152896296272559462e-01
1.174768136636618332e-01 2.774250521408649361e-01 1.162908535730605153e-01
1.213000971217181034e-01 2.842316842811704602e-01 1.170941428738193346e-01
1.255340801183247312e-01 2.909784812573655843e-01 1.176678790007481823e-01
1.303876420091158728e-01 2.976323416853482451e-01 1.179910028329904936e-01
1.361775080109454139e-01 3.041399107394244794e-01 1.180416347026809198e-01
1.434815209152097981e-01 3.103930959766884601e-01 1.179050440739785321e-01
1.530522840464018097e-01 3.162194219215394564e-01 1.180658427800789778e-01
1.647443020935283886e-01 3.215541086259602332e-01 1.195833209716834211e-01
1.771224001134716619e-01 3.266051714744359624e-01 1.228383029974784990e-01
1.893186680349762951e-01 3.315543486926041949e-01 1.273271390832197980e-01
2.011470216295637714e-01 3.364693524047602802e-01 1.325809211223410999e-01
2.126201126913634942e-01 3.413717760208538898e-01 1.383257062913032798e-01
2.237814929443558420e-01 3.462703085838705896e-01 1.444001987716135027e-01
2.346826504126838242e-01 3.511667839317458850e-01 1.507119862068962424e-01
2.453653984352425765e-01 3.560619397292786315e-01 1.572020472843533856e-01
2.558610883411705506e-01 3.609568875025493395e-01 1.638280010474283122e-01
2.662540618029768935e-01 3.658464720551902194e-01 1.703646574946249270e-01
2.766375890957337713e-01 3.707202928157689592e-01 1.766042606681927363e-01
2.870120792807265286e-01 3.755815421723879277e-01 1.825448147300349488e-01
2.973798701367175723e-01 3.804331662296118188e-01 1.881754975600970214e-01
3.077385714853347887e-01 3.852782482569529487e-01 1.935061166107706343e-01
3.180883154404229307e-01 3.901193934855016199e-01 1.985393196990216658e-01
3.284295845809043213e-01 3.949589033692603168e-01 2.032788009798182638e-01
3.387636524478269684e-01 3.997986013442899611e-01 2.077297610727937283e-01
3.490920713533000597e-01 4.046399832445768951e-01 2.118988339848660862e-01
3.594164000962936090e-01 4.094843090462684243e-01 2.157940430809284771e-01
3.697392907451491073e-01 4.143322752680254073e-01 2.194241817700406383e-01
3.800629535453087238e-01 4.191845097543299148e-01 2.227990620346612660e-01
3.903897648146955057e-01 4.240414062699767728e-01 2.259290789901750585e-01
4.007222760346346169e-01 4.289031445516293117e-01 2.288249032905495528e-01
4.110629393231473583e-01 4.337698031247444463e-01 2.314973656174672545e-01
4.214141346107081465e-01 4.386413758769234783e-01 2.339572260458537833e-01
4.317776944235289238e-01 4.435179532313937023e-01 2.362153631413001498e-01
4.421554582272910761e-01 4.483995629988481446e-01 2.382822640902987343e-01
4.525491728091692312e-01 4.532862202325000367e-01 2.401679621083726013e-01
4.629617793452492358e-01 4.581777295849584486e-01 2.418766613523773423e-01
4.733964081044912953e-01 4.630738873787103027e-01 2.434097398165305792e-01
4.838512407114513025e-01 4.679753825260214994e-01 2.447870115640884969e-01
4.943280333549550654e-01 4.728822194350857377e-01 2.460147775573224282e-01
5.048329973069679566e-01 4.777936355059679285e-01 2.470786486003125892e-01
5.153613297132805249e-01 4.827109910092828859e-01 2.480074378391989298e-01
5.259177888805488532e-01 4.876337443949864681e-01 2.487920646168808037e-01
5.365028531047130178e-01 4.925622747803105050e-01 2.494384427855986242e-01
5.471168004411860464e-01 4.974969337464568153e-01 2.499544447192391661e-01
5.577636102245655536e-01 5.024372790562059432e-01 2.503320304175396527e-01
5.684402705004985012e-01 5.073846875194365502e-01 2.505862169320990929e-01
5.791517884291441653e-01 5.123382474891868821e-01 2.507078127142677859e-01
5.898977118592134694e-01 5.172986884163369714e-01 2.507019666506383193e-01
6.006780609928230596e-01 5.222664305265023454e-01 2.505758843768319810e-01
6.114977839232860202e-01 5.272408795639659251e-01 2.503116806147138718e-01
6.223533151135658414e-01 5.322233326069301107e-01 2.499311738427514862e-01
6.332678499493179514e-01 5.372050254585409856e-01 2.494034423308610915e-01
6.442492302385145475e-01 5.421770814367210534e-01 2.488390322915944863e-01
6.553235853574364000e-01 5.471283166651099705e-01 2.482154543042252026e-01
6.664663550324848584e-01 5.520678623990600276e-01 2.475959486163559209e-01
6.777036161655425328e-01 5.569846941304811283e-01 2.469507035732461664e-01
6.890381603900364027e-01 5.618763691265282745e-01 2.463040749474359470e-01
7.004711944468632323e-01 5.667403668940831363e-01 2.456991151603213352e-01
7.120126265469914895e-01 5.715693590145963787e-01 2.451873584080898616e-01
7.236929482815777082e-01 5.763444689764196660e-01 2.448364505953754544e-01
7.355168651190714391e-01 5.810504769862679941e-01 2.449163925191181757e-01
7.475258033710173722e-01 5.856296804733571726e-01 2.462013043800762579e-01
7.577499494457186069e-01 5.908503548553694085e-01 2.547905571379186496e-01
7.635824979182088690e-01 5.981540408918001317e-01 2.695060335496625714e-01
7.685008057442868079e-01 6.059656669084559910e-01 2.841339736308181596e-01
7.731069113227515555e-01 6.139683821427790456e-01 2.985534874705023101e-01
7.775652489236080100e-01 6.220751351043045663e-01 3.127742014086093980e-01
7.819223609772602002e-01 6.302590951035305089e-01 3.268597741416817137e-01
7.862053950616281206e-01 6.385051507786967395e-01 3.408479839175493908e-01
7.904426037822046558e-01 6.467997885569605199e-01 3.547436291978552925e-01
7.946574580110756791e-01 6.551326370117361853e-01 3.685463547975237342e-01
7.988337796012735526e-01 6.635096250178373900e-01 3.823162323281250607e-01
8.030088001380106810e-01 6.719161948372565085e-01 3.960118210517307724e-01
8.071531032877933276e-01 6.803638144055433878e-01 4.097046504341926854e-01
8.113041001849377043e-01 6.888386707654255980e-01 4.233460558902438220e-01
8.154602754828877975e-01 6.973419981167042758e-01 4.369537331203900976e-01
8.196058627154122478e-01 7.058802025749554288e-01 4.505666902424197429e-01
8.237568818874844156e-01 7.144480574336203871e-01 4.641691373089507633e-01
8.279197418246522222e-01 7.230440823922363869e-01 4.777602014010458586e-01
8.320913582455962132e-01 7.316701160638459100e-01 4.913552497157864241e-01
8.362534254444016213e-01 7.403317836360435722e-01 5.050123599879642322e-01
8.404445466425872757e-01 7.490163102116410565e-01 5.186797759271363217e-01
8.446648066780128028e-01 7.577248034134459465e-01 5.323633003798176055e-01
8.489177724746317377e-01 7.664572638824626027e-01 5.460621193928290040e-01
8.532123511454875464e-01 7.752120992980529035e-01 5.597655879096986586e-01
8.575441658298394998e-01 7.839918355417494489e-01 5.734875036821195371e-01
8.619146064360614368e-01 7.927971784487287676e-01 5.872309291049341295e-01
8.663250853209770730e-01 8.016288174204664330e-01 6.009988751772729065e-01
8.707820725499390013e-01 8.104859794311163323e-01 6.147852119944903215e-01
8.752928841127598503e-01 8.193677275097041024e-01 6.285824125979521115e-01
8.798495959466368088e-01 8.282774528639023082e-01 6.424105990843714808e-01
8.844600743726268588e-01 8.372140407050960853e-01 6.562614074750376947e-01
8.891318088448872947e-01 8.461765685160849149e-01 6.701273264224787418e-01
8.938558100770686021e-01 8.551685709847908212e-01 6.840307207014526547e-01
8.986544949798678239e-01 8.641851727809914951e-01 6.979374582474833222e-01
9.035103927619371200e-01 8.732320822602240851e-01 7.118855904188222672e-01
9.084448340107732500e-01 8.823048446731206473e-01 7.258432784575933328e-01
9.134526188903524524e-01 8.914059055188421343e-01 7.398268438202468822e-01
9.185353828258727704e-01 9.005358905803305669e-01 7.538405390559674846e-01
9.237018976170942031e-01 9.096936780016002810e-01 7.678758238575987827e-01
9.289597403884261029e-01 9.188785152907725795e-01 7.819264008239902308e-01
9.343121189309133712e-01 9.280907276838803455e-01 7.959940980655445530e-01
9.397648981125013012e-01 9.373300331729016444e-01 8.100759042872343052e-01
9.453185269797627077e-01 9.465973949550759992e-01 8.241789901926560580e-01
9.509801771850346919e-01 9.558922732509941289e-01 8.382978631896051969e-01
9.567560362262098606e-01 9.652144306850017896e-01 8.524284880105463813e-01
9.626518136622860267e-01 9.745638255706342568e-01 8.665671328953633568e-01
9.686647318914142213e-01 9.839422330504176140e-01 8.807260550903986962e-01
9.747892173640951841e-01 9.933519398287798952e-01 8.949228432580742520e-01
