7.533850371045153205e-02 1.254937018814058503e-01 2.144344659518475082e-01
8.060795846182997049e-02 1.312459613026911442e-01 2.253295060975963882e-01
8.578075813207053368e-02 1.369543176692729070e-01 2.363361664439773135e-01
9.085505526498341422e-02 1.426223953187419624e-01 2.474607106610482998e-01
9.582755347263763324e-02 1.482538704879495517e-01 2.587088181007525800e-01
1.006934635408218148e-01 1.538525725455032467e-01 2.700854012869202125e-01
1.054464162266000038e-01 1.594225965703332526e-01 2.815943691247910219e-01
1.100745236231714386e-01 1.649667083797718981e-01 2.932538047747511034e-01
1.145675058622102616e-01 1.704901478376231738e-01 3.050634874235760297e-01
1.189142273246916459e-01 1.759994261165634954e-01 3.170160989337507118e-01
1.230995953964857947e-01 1.815012849826717900e-01 3.291078350142092601e-01
1.270981545463609752e-01 1.870012394786402521e-01 3.413553582450890578e-01
1.308802748915446068e-01 1.925070908328629926e-01 3.537667393157393758e-01
1.344253877443521705e-01 1.980327138952935329e-01 3.663025853650271335e-01
1.376770014605196157e-01 2.035870090604933735e-01 3.789989418992520953e-01
1.405961559796834737e-01 2.091890043438198177e-01 3.918096144009868831e-01
1.431218047308541741e-01 2.148589421358365614e-01 4.047089490846715876e-01
1.451755797355092914e-01 2.206219741391503564e-01 4.176626721688542765e-01
1.466695978178597926e-01 2.265101914890984003e-01 4.306039359128019384e-01
1.475129710417160400e-01 2.325619378299351170e-01 4.434253417771815697e-01
1.476195169785567418e-01 2.388187192022106498e-01 4.559815143080782618e-01
1.469115751545544968e-01 2.453202686548826561e-01 4.681057377440564493e-01
1.453988201755182508e-01 2.520917151629846198e-01 4.795829464938514142e-01
1.431477162904381262e-01 2.591345797861111522e-01 4.902440706771469814e-01
1.402898580354982605e-01 2.664232287179125747e-01 4.999906853665953554e-01
1.369894371880514550e-01 2.739118099177595966e-01 5.088136721895462067e-01
1.333885119242066153e-01 2.815497413891926981e-01 5.167802288238152464e-01
1.295928291398160681e-01 2.892916427515244693e-01 5.239944470667223797e-01
1.256990606243718334e-01 2.970972845821394093e-01 5.305675986161264568e-01
1.217342802323787831e-01 3.049426190921811775e-01 5.366048823721564220e-01
1.177593569358065251e-01 3.128032920089078850e-01 5.421973063699915274e-01
1.137754045555894877e-01 3.206686141458527373e-01 5.474191678355878610e-01
1.098005527607728848e-01 3.285285276855935410e-01 5.523319105421587993e-01
1.058523105517649165e-01 3.363757444640034233e-01 5.569864268945705632e-01
1.019402312387384379e-01 3.442062191745042798e-01 5.614236356425549301e-01
9.806769014953650720e-02 3.520182895191572015e-01 5.656758131345568374e-01
9.424435535316746937e-02 3.598105964742617791e-01 5.697699555149232653e-01
9.048083769593651127e-02 3.675826429254134831e-01 5.737280828720626724e-01
8.678956562959549981e-02 3.753345204693325221e-01 5.775681687168110479e-01
8.318560906996261273e-02 3.830667103706018595e-01 5.813048802390431424e-01
7.968749435322333707e-02 3.907799383348065092e-01 5.849501636089763368e-01
7.631803361890515669e-02 3.984750678305704619e-01 5.885137052248680112e-01
7.310516992708457340e-02 4.061530207039926177e-01 5.920032949506155440e-01
7.008281135379954008e-02 4.138147168575621593e-01 5.954251124975195042e-01
6.729159072184265344e-02 4.214610269872277049e-01 5.987839537848226312e-01
6.477944180325165280e-02 4.290927339693680342e-01 6.020834105425020288e-01
6.260183137207839255e-02 4.367104996222717639e-01 6.053260135855961233e-01
6.082144078398579040e-02 4.443148343602981720e-01 6.085133480074123025e-01
5.950697896106903889e-02 4.519060752121797919e-01 6.116461275752451687e-01
5.873069502974490735e-02 4.594843893736889062e-01 6.147241769943360135e-01
5.856744393904202844e-02 4.670495784983033638e-01 6.177469389488976503e-01
5.908859994462672266e-02 4.746012175363659158e-01 6.207130917918530777e-01
6.035842287420154634e-02 4.821385663514464182e-01 6.236207320354762995e-01
6.242896245275667694e-02 4.896606254058715746e-01 6.264671098588653342e-01
6.533917082050588743e-02 4.971659505664421386e-01 6.292490792251541620e-01
6.911446452723238321e-02 5.046525427898742588e-01 6.319633965069993975e-01
7.376568465589691814e-02 5.121179343714789001e-01 6.346063367472619676e-01
7.929200219580542774e-02 5.195590732854450389e-01 6.371739632636602702e-01
8.568400701746364811e-02 5.269722574972054430e-01 6.396622613568656579e-01
9.292692593817331037e-02 5.343530701212990675e-01 6.420673062831526723e-01
1.009991563004723203e-01 5.416970615520818599e-01 6.443814707819847110e-01
1.098882799518570708e-01 5.489976409393364509e-01 6.466037654423341108e-01
1.195785976234878811e-01 5.562476820276058831e-01 6.487329869701194962e-01
1.300526388604921202e-01 5.634402685713695291e-01 6.507613520373581872e-01
1.412977593855133385e-01 5.705658052799955637e-01 6.526955413260159267e-01
1.532977178399990148e-01 5.776154907509162273e-01 6.545326194197792491e-01
1.660303664566422366e-01 5.845789099455142024e-01 6.562839855603400663e-01
1.794703750516851160e-01 5.914463802949924132e-01 6.579548577566470824e-01
1.935767123178950277e-01 5.982081872723712390e-01 6.595642058724071610e-01
2.082964470586322614e-01 6.048561842449866610e-01 6.611327862056091131e-01
2.235625677110497089e-01 6.113843385057978752e-01 6.626858429140489726e-01
2.392918912104884943e-01 6.177896113735439343e-01 6.642541255997901350e-01
2.553881499498240060e-01 6.240726578830757543e-01 6.658714594023157352e-01
2.717500143572081361e-01 6.302378649777625741e-01 6.675706111849730728e-01
2.882764107371587059e-01 6.362930783638121035e-01 6.693818784563820845e-01
3.048675329912142740e-01 6.422494572124649581e-01 6.713339242760207881e-01
3.214419530494010413e-01 6.481194449700069526e-01 6.734458719960577655e-01
3.379339911327769452e-01 6.539161248353848599e-01 6.757303846137480141e-01
3.542781105691176213e-01 6.596545328294945998e-01 6.782018678383222587e-01
3.704490841525827638e-01 6.653458931727095349e-01 6.808572195155190299e-01
3.864057486132160824e-01 6.710043049253785474e-01 6.837031733354468344e-01
4.021455141939849764e-01 6.766387071549928578e-01 6.867304210698360611e-01
4.176521704291110137e-01 6.822600524982852521e-01 6.899377581149535033e-01
4.329234905707868841e-01 6.878770164392267183e-01 6.933190753607573198e-01
4.479671076914291672e-01 6.934962122584491517e-01 6.968652345844964513e-01
4.627875564931121510e-01 6.991243367399013753e-01 7.005695473044682986e-01
4.773918345910749816e-01 7.047672116893016758e-01 7.044251085588021377e-01
4.917885857065210087e-01 7.104298913630976431e-01 7.084250130686325919e-01
5.059874536180387627e-01 7.161167709033935402e-01 7.125625123448080522e-01
5.199985843488159620e-01 7.218316896573725439e-01 7.168311231012488571e-01
5.338322525458520929e-01 7.275780258047647164e-01 7.212246967930283637e-01
5.474985889917954873e-01 7.333587805705894525e-01 7.257374589610422477e-01
5.610073885268627158e-01 7.391766515693815043e-01 7.303640256892229843e-01
5.743679805663237659e-01 7.450340956383146862e-01 7.350994030830950710e-01
5.875891473896631689e-01 7.509333819907502150e-01 7.399389743802283759e-01
6.006760248953557646e-01 7.568774092253431895e-01 7.448797374054969556e-01
6.136374664720553040e-01 7.628679131320034168e-01 7.499172372679474563e-01
6.264828497849461719e-01 7.689062276942127960e-01 7.550468431500654276e-01
6.392186819667785569e-01 7.749941974805297784e-01 7.602651145394608845e-01
6.518474804675186141e-01 7.811345621649079529e-01 7.655702507196761042e-01
6.643775096743875785e-01 7.873283686688770100e-01 7.709580047627436761e-01
6.768150854701546759e-01 7.935770153240522262e-01 7.764248276332930132e-01
6.891625250405843950e-01 7.998828874654135834e-01 7.819687139760536088e-01
7.014250422769681137e-01 8.062474656411676710e-01 7.875862401235663723e-01
7.136078629816098307e-01 8.126721233190161708e-01 7.932736910703368505e-01
7.257124743892136021e-01 8.191592437410778471e-01 7.990286251488621927e-01
7.377433669051807197e-01 8.257102962188772599e-01 8.048468377937200158e-01
7.497035175512994920e-01 8.323271604693144310e-01 8.107241885030961326e-01
7.615943498669760503e-01 8.390121819290374816e-01 8.166564984884875367e-01
7.734192195010641813e-01 8.457671572406544325e-01 8.226377291416688831e-01
7.851798140121940550e-01 8.525944426831011391e-01 8.286613804195821498e-01
7.968786775104242937e-01 8.594962314823969551e-01 8.347189737513067698e-01
8.085178286659315816e-01 8.664750115968706812e-01 8.408003482800863182e-01
8.201012453215829057e-01 8.735328444405684456e-01 8.468919329996011935e-01
8.316333472458156129e-01 8.806718591941092855e-01 8.529771032500007566e-01
8.431203585645589138e-01 8.878938413328012480e-01 8.590352317910404656e-01
8.545752134902667718e-01 8.951986992462616088e-01 8.650385814881932367e-01
8.660122048070946210e-01 9.025859680230216009e-01 8.709564831830318710e-01
8.774541413727584560e-01 9.100523772003370482e-01 8.767526225474766566e-01
8.889355426900860113e-01 9.175905497206254813e-01 8.823850141087594690e-01
9.004936690675732214e-01 9.251911526638134653e-01 8.878174508453193781e-01
9.121729163758888204e-01 9.328412016052071154e-01 8.930194148686504407e-01
9.240183283953367077e-01 9.405259570691733018e-01 8.979713824775370501e-01
9.360651403800571702e-01 9.482324505958691363e-01 9.026700828802037835e-01
9.483297077093159055e-01 9.559530636443972496e-01 9.071292722692129162e-01
9.608112770414743986e-01 9.636862113108458638e-01 9.113680812968560918e-01
9.734919827379805435e-01 9.714371401086873137e-01 9.154051224510575402e-01
9.863416796906231410e-01 9.792168167032243575e-01 9.192525048190108850e-01
9.974392177564471718e-01 9.896723141308209071e-01 8.291166686659098284e-01
9.903558098888377570e-01 9.805695639016484000e-01 8.136934324497399063e-01
9.833436071431110870e-01 9.715182551438640290e-01 7.982767417892113748e-01
9.763888641640173782e-01 9.625223247204571786e-01 7.828658350687064393e-01
9.694794642503684612e-01 9.535850702335969542e-01 7.674605839066174218e-01
9.626044201463085370e-01 9.447093478363791652e-01 7.520614741237077183e-01
9.557528363687909367e-01 9.358977634513395705e-01 7.366723995110897594e-01
9.489158711012694036e-01 9.271525732528305141e-01 7.212921172315593932e-01
9.420851054728934804e-01 9.184758913623387588e-01 7.059195692198815264e-01
9.352517053325604124e-01 9.098697924828038630e-01 6.905569177303343409e-01
9.284069633354017359e-01 9.013362874064496655e-01 6.752071871881731857e-01
9.215431329735136456e-01 8.928773061692751867e-01 6.598699905239377994e-01
9.146518411458965936e-01 8.844948128753247207e-01 6.445483887110435850e-01
9.077250265537802898e-01 8.761907671396398367e-01 6.292444040403047945e-01
9.007545848348315065e-01 8.679671584181420929e-01 6.139604165630377919e-01
8.937320462416438183e-01 8.598260016997180122e-01 5.987010593307557915e-01
8.866490532102011546e-01 8.517693350536263974e-01 5.834705630849346125e-01
8.794977223465780813e-01 8.437993043510609859e-01 5.682692275970162576e-01
8.722689744707061710e-01 8.359179883375407183e-01 5.531057704509921846e-01
8.649541847100548075e-01 8.281275119238116211e-01 5.379860104169992274e-01
8.575446724555686462e-01 8.204300101549000246e-01 5.229162554081008274e-01
8.500319284652294582e-01 8.128277997541627498e-01 5.078990492279165103e-01
8.424068005317277841e-01 8.053228730208392694e-01 4.929460881035062081e-01
8.346605001837766880e-01 7.979172628142746637e-01 4.780662339877166933e-01
8.267843399878208599e-01 7.906129231972534033e-01 4.632688082319938450e-01
8.187697801008930742e-01 7.834116777342100546e-01 4.485639681044962246e-01
8.106085151533672928e-01 7.763151727641002253e-01 4.339627466708167458e-01
8.022924174467366276e-01 7.693249929381379415e-01 4.194752592633750332e-01
7.938140603434551412e-01 7.624421163441026383e-01 4.051163273537791709e-01
7.851665836888421790e-01 7.556672849990557772e-01 3.908999358464420593e-01
7.763438223193717125e-01 7.490008738507040187e-01 3.768403935911606162e-01
7.673404594338042450e-01 7.424428064369761326e-01 3.629525991680119246e-01
7.581521487394916603e-01 7.359925085883132212e-01 3.492518986378943535e-01
7.487756214091648710e-01 7.296488718236406879e-01 3.357539196199421649e-01
7.392087706927982227e-01 7.234102292024758851e-01 3.224743905019495926e-01
7.294507080364031060e-01 7.172743457646826304e-01 3.094289556574087441e-01
7.195017862078347815e-01 7.112384248104024476e-01 2.966329987724191652e-01
7.093635870685153222e-01 7.052991302309064015e-01 2.841014865862477312e-01
6.990388740304420701e-01 6.994526240105950476e-01 2.718488444619804323e-01
6.885315116296338855e-01 6.936946170052749050e-01 2.598888733135634732e-01
6.778462306806406490e-01 6.880204854669196290e-01 2.482345365710614815e-01
6.669888688898341078e-01 6.824251739721901577e-01 2.368985448240635838e-01
6.559659293078902165e-01 6.769034049383181317e-01 2.258928975645773662e-01
6.447844091509921105e-01 6.714497549559957923e-01 2.152290367379041669e-01
6.334517067459674022e-01 6.660586970218859149e-01 2.049181086658693474e-01
6.219754745179729705e-01 6.607246644984698936e-01 1.949711630582657285e-01
6.103634835421288818e-01 6.554421077040433197e-01 1.853993742587475846e-01
5.986235033152622620e-01 6.502055419735761621e-01 1.762142711004086315e-01
5.867631990685651111e-01 6.450095866620370044e-01 1.674279594915402680e-01
5.747900477318889090e-01 6.398489951027901412e-01 1.590533193569075299e-01
5.627112728160412747e-01 6.347186759034195713e-01 1.511041547858084366e-01
5.505338107968200667e-01 6.296137019139838031e-01 1.435952742583021802e-01
5.382642031619020440e-01 6.245293425882164629e-01 1.365424660776307919e-01
5.259086758106454873e-01 6.194610321221803995e-01 1.299623738927690453e-01
5.134731085950392515e-01 6.144043755306742849e-01 1.238721886940826744e-01
5.009630463806306055e-01 6.093551405691465250e-01 1.182891724581789650e-01
4.883837206874713233e-01 6.043092467305472004e-01 1.132299935156229065e-01
4.757400807272991750e-01 5.992627521134106239e-01 1.087098804762206272e-01
4.630368329166782426e-01 5.942118388563047970e-01 1.047416273683856036e-01
4.502784882316158144e-01 5.891527977370415448e-01 1.013345135003534958e-01
4.374694158159807555e-01 5.840820127734481781e-01 9.849323293328285378e-02
4.246133946396459247e-01 5.789960743349532590e-01 9.621735478793616569e-02
4.117150544032386894e-01 5.738914086207038689e-01 9.449961417429375565e-02
3.987787362363408583e-01 5.687645855503886683e-01 9.332638776590279628e-02
3.858089413787794131e-01 5.636122087578664397e-01 9.267751903560189630e-02
3.728104293643221268e-01 5.584309038987608220e-01 9.252679038126421229e-02
3.597883278633251525e-01 5.532173087516307763e-01 9.284275565771665795e-02
3.467482559059222869e-01 5.479680654400534978e-01 9.358982998609644000e-02
3.336951586121849056e-01 5.426800680618052430e-01 9.473101313990242578e-02
3.206370025454535200e-01 5.373497483470341951e-01 9.622510949858506524e-02
3.075819664310316393e-01 5.319736997961613811e-01 9.803112214961104409e-02
2.945392516812648798e-01 5.265485476808678955e-01 1.001085615953943297e-01
2.815194707323266377e-01 5.210709260815812316e-01 1.024179928795104222e-01
2.685327172573617194e-01 5.155378217680804953e-01 1.049243227575052673e-01
2.555953743655474120e-01 5.099455726576118675e-01 1.075889564378646468e-01
2.427241757871037575e-01 5.042909176364095414e-01 1.103777528885468984e-01
2.299380888133761847e-01 4.985707539013732315e-01 1.132592919590333091e-01
2.172585361564333128e-01 4.927821750460292249e-01 1.162052407424440104e-01
2.047141963206769444e-01 4.869220269586151395e-01 1.191844856962493981e-01
1.923361848498475746e-01 4.809876341606898476e-01 1.221702584733824204e-01
1.801592471375593474e-01 4.749767100372879747e-01 1.251397994113064849e-01
1.682284749426106174e-01 4.688868880343088352e-01 1.280655987609134183e-01
1.565935247047775813e-01 4.627164183259963592e-01 1.309251087060177843e-01
1.453123419054143939e-01 4.564639379331321689e-01 1.336970979054965813e-01
1.344539213651236298e-01 4.501284601596990398e-01 1.363581879367145866e-01
1.240958677168200186e-01 4.437095990202066242e-01 1.388889636012593798e-01
1.143273254388820770e-01 4.372074921072613973e-01 1.412689716381552996e-01
1.052471115204359209e-01 4.306228892390212559e-01 1.434792620074279990e-01
9.696174934935680723e-02 4.239571526086007847e-01 1.455021565582854948e-01
8.958087019002333729e-02 4.172122762371657800e-01 1.473208454555937907e-01
8.320917346258829839e-02 4.103909004854308651e-01 1.489194834650276189e-01
7.793571440476809720e-02 4.034962307479273980e-01 1.502843003106899833e-01
7.382095927613915864e-02 3.965320238710622336e-01 1.514029554472942352e-01
7.088276572768850703e-02 3.895027095532214156e-01 1.522632121375561420e-01
6.909273097254947649e-02 3.824128406616347786e-01 1.528575844190612487e-01
6.836991343460330217e-02 3.752676586463670749e-01 1.531774687887835218e-01
6.859208719212755989e-02 3.680726229534200811e-01 1.532169422638592349e-01
6.961260674888483657e-02 3.608330576149169633e-01 1.529737060637786361e-01
7.126906421010084647e-02 3.535547477111772308e-01 1.524449813608439730e-01
7.339878210713055018e-02 3.462437336929988785e-01 1.516289420174762315e-01
7.585964421679658454e-02 3.389051655742792435e-01 1.505289889638198597e-01
7.852291544690970237e-02 3.315444709134784396e-01 1.491478042402609172e-01
8.127979560481807253e-02 3.241668578463389183e-01 1.474893986784542588e-01
8.404028566281887547e-02 3.167773461390067657e-01 1.455587016518522792e-01
8.673125474858664474e-02 3.093807599892819393e-01 1.433614041314719978e-01
8.930113110668488896e-02 3.019808193346482650e-01 1.409059563439506169e-01
9.170791112989318261e-02 2.945812147423507166e-01 1.382002433213179171e-01
9.392056205835852545e-02 2.871851653290312112e-01 1.352526898106171938e-01
9.591702255309494940e-02 2.797953969310227329e-01 1.320720942632014339e-01
9.768249222486491412e-02 2.724141290461315479e-01 1.286674667635438751e-01
9.920328999828165184e-02 2.650437987299565368e-01 1.250468487131791151e-01
1.004766890697925963e-01 2.576854254898945928e-01 1.212197810572118728e-01
1.015032240189418788e-01 2.503395573543011898e-01 1.171954111689905709e-01
1.022851026000207164e-01 2.430064288806227379e-01 1.129822692903212078e-01
1.028267403122544166e-01 2.356857982886333969e-01 1.085884370274607102e-01
1.031194827119335522e-01 2.283796539264961178e-01 1.040196070049584365e-01
1.031835695861988145e-01 2.210846644708300279e-01 9.928494937768317374e-02
1.030248722670628059e-01 2.137997363618501234e-01 9.439061455217082064e-02
1.026373257070742895e-01 2.065259027574662953e-01 8.934144762343082524e-02
1.020456026756052237e-01 1.992579093782245181e-01 8.414392891810856812e-02
1.012399458159232712e-01 1.919970227075198377e-01 7.880180792191690542e-02
1.002433467421769142e-01 1.847374850828624737e-01 7.331924368466774533e-02
9.904643360285372844e-02 1.774799644758640604e-01 6.769927778797640849e-02
9.767216266728159790e-02 1.702177673980550532e-01 6.194337873128549082e-02
9.610901860478329728e-02 1.629514097219214308e-01 5.605342881067800626e-02
9.437469682536395177e-02 1.556743895003319667e-01 5.002794561738544560e-02
9.247218031708723252e-02 1.483830122794093098e-01 4.386432423515766038e-02
9.039346031205239274e-02 1.410758479535987042e-01 3.757232730427231132e-02
