7.709451339036516027e-02 1.214745519057002510e-01 2.270672866461221906e-01
7.981767361163097374e-02 1.288726378185770238e-01 2.319928910725147508e-01
8.250355849564286470e-02 1.361950914343449670e-01 2.369372345068750385e-01
8.514677736379239192e-02 1.434524326739183564e-01 2.418990258872866228e-01
8.774195948737537054e-02 1.506537205251629319e-01 2.468772219103058108e-01
9.028371574602897520e-02 1.578068522257536910e-01 2.518709295266621795e-01
9.276661387517520785e-02 1.649187869457370559e-01 2.568793317574078472e-01
9.518516381356470490e-02 1.719957152639747799e-01 2.619016311827471188e-01
9.753381054824039609e-02 1.790431890604379239e-01 2.669370070279466489e-01
9.980693248932459571e-02 1.860662220652740950e-01 2.719845828606951565e-01
1.019988438731523339e-01 1.930693683671229899e-01 2.770434026763878843e-01
1.041038000446589673e-01 2.000567841733776331e-01 2.821124136847262265e-01
1.061160047453999500e-01 2.070322767152401044e-01 2.871904544920572122e-01
1.080296187577162448e-01 2.139993431984565930e-01 2.922762476466496673e-01
1.098387694454096564e-01 2.209612019861134091e-01 2.973683957116696752e-01
1.115375608990015199e-01 2.279208176770737282e-01 3.024653801761880700e-01
1.131200845475913708e-01 2.348809213553584296e-01 3.075655626245012431e-01
1.145804302456583379e-01 2.418440269933426756e-01 3.126671876699166908e-01
1.159126979867594887e-01 2.488124447685543528e-01 3.177683872290034683e-01
1.171110105412268843e-01 2.557882918817787066e-01 3.228671857717174132e-01
1.181695274658893235e-01 2.627735013301983336e-01 3.279615062354215294e-01
1.190824610954553942e-01 2.697698289843063479e-01 3.330491763390596716e-01
1.198410461412973693e-01 2.767794240332764333e-01 3.381273971740517137e-01
1.204318293970357556e-01 2.838050732108455820e-01 3.431925290899872638e-01
1.208578855810528985e-01 2.908463697729987696e-01 3.482437243379479797e-01
1.211136568294582105e-01 2.979044123112275511e-01 3.532784642844098433e-01
1.211937696594573843e-01 3.049801379590323935e-01 3.582941626690825387e-01
1.210775057645007424e-01 3.120768436852296435e-01 3.632857306621733451e-01
1.207650841585479473e-01 3.191941353335087661e-01 3.682513616953558833e-01
1.202590468494753317e-01 3.263312547532673524e-01 3.731894122620706411e-01
1.195398865719053405e-01 3.334907438702362503e-01 3.780947404083295771e-01
1.185984198313983495e-01 3.406733013099933483e-01 3.829636963851478781e-01
1.174480713458012915e-01 3.478763191110451070e-01 3.877958054084541528e-01
1.160459682725028807e-01 3.551049991172607334e-01 3.925820956354667546e-01
1.144231834720642882e-01 3.623541832876900348e-01 3.973242546395132080e-01
1.125405850940768004e-01 3.696280830973762144e-01 4.020134404496468195e-01
1.104260499254264838e-01 3.769221540803569526e-01 4.066502212298314656e-01
1.080335701071566123e-01 3.842409596837217389e-01 4.112240982853831994e-01
1.053991073409369095e-01 3.915791655619452749e-01 4.157358778473942973e-01
1.025039803745483036e-01 3.989379943978863530e-01 4.201778762961121960e-01
9.934172385005823891e-02 4.063171765324444795e-01 4.245433632922376854e-01
9.593871178632654151e-02 4.137132608415379220e-01 4.288292644201323056e-01
9.230610204181480261e-02 4.211248510712998772e-01 4.330289632281771883e-01
8.846540867629607008e-02 4.285500466939414221e-01 4.371355276996514161e-01
8.445292931474676634e-02 4.359863568313609994e-01 4.411417544293559367e-01
8.032573600719741802e-02 4.434306064836501804e-01 4.450402408587750824e-01
7.616954038950124461e-02 4.508788375286114092e-01 4.488234923352982242e-01
7.210848167642402995e-02 4.583262084924750179e-01 4.524840712927287734e-01
6.831614019610585120e-02 4.657668990249395624e-01 4.560147958985242833e-01
6.502547223616869654e-02 4.731940273082229642e-01 4.594089947728004497e-01
6.248680029784579176e-02 4.806025773559096659e-01 4.626526276190205400e-01
6.109437806730968340e-02 4.879804596138884176e-01 4.657473391212526015e-01
6.117802436257358673e-02 4.953203027770102795e-01 4.686795461005185959e-01
6.311442202996647710e-02 5.026086095985522473e-01 4.714517477171165649e-01
6.714971123910759565e-02 5.098330630656973117e-01 4.740621016527856724e-01
7.339272693401757697e-02 5.169798687968260031e-01 4.765140224174825856e-01
8.179843131088382346e-02 5.240344009613587817e-01 4.788174555854550207e-01
9.219140898726191358e-02 5.309821689435649805e-01 4.809897378798529410e-01
1.043115413919311896e-01 5.378100226658792948e-01 4.830557474721858813e-01
1.178599397403548577e-01 5.445074213808334118e-01 4.850471355490397207e-01
1.325350732616951133e-01 5.510675238758251382e-01 4.869992150014326726e-01
1.480483970441567876e-01 5.574878525660057482e-01 4.889542252920265342e-01
1.641425559149337354e-01 5.637706966851838697e-01 4.909516468218099727e-01
1.805960203850318080e-01 5.699225684690649718e-01 4.930287347493932937e-01
1.972286038760609483e-01 5.759531784859700521e-01 4.952167330004952350e-01
2.138956045080347979e-01 5.818746281731150827e-01 4.975423367877877534e-01
2.304943531745114460e-01 5.876995731189363914e-01 5.000228862238890182e-01
2.469499520177402263e-01 5.934409230496242582e-01 5.026712850826365875e-01
2.632100350501687669e-01 5.991112992253803116e-01 5.054963937937296814e-01
2.792443273020012162e-01 6.047221260718109725e-01 5.085020665697109754e-01
2.950373150168256187e-01 6.102836338618202738e-01 5.116892371080210555e-01
3.105824099568627594e-01 6.158050606048180997e-01 5.150574093960125222e-01
3.258802636093933169e-01 6.212945434626535590e-01 5.186047716551859255e-01
3.409364249346127362e-01 6.267592044627007253e-01 5.223287082689174188e-01
3.557589924295638806e-01 6.322053624146959372e-01 5.262263665671902402e-01
3.703561305566583917e-01 6.376388900802228976e-01 5.302952553982946959e-01
3.847419281469763308e-01 6.430641479024739038e-01 5.345314118489342681e-01
3.989284561969974607e-01 6.484852998862242757e-01 5.389317987168711355e-01
4.129254818567286156e-01 6.539064748669072280e-01 5.434942090908030377e-01
4.267436014866145544e-01 6.593312201432182107e-01 5.482163275694141857e-01
4.403971700254110666e-01 6.647618507598825888e-01 5.530950875077571549e-01
4.538914876351158312e-01 6.702021919011039719e-01 5.581297682134749305e-01
4.672410160135343493e-01 6.756537183516047040e-01 5.633176266098759433e-01
4.804510319376956162e-01 6.811196035200902665e-01 5.686581041707001738e-01
4.935334641734144268e-01 6.866011750612548425e-01 5.741493713572848323e-01
5.064921817778704760e-01 6.921014020420933610e-01 5.797912549212622668e-01
5.193384884957579217e-01 6.976211667028652252e-01 5.855823604408971761e-01
5.320754948786193816e-01 7.031631758124790021e-01 5.915227430029111888e-01
5.447113838376350659e-01 7.087286259823439849e-01 5.976117476522851968e-01
5.572523868074176212e-01 7.143190023116162690e-01 6.038491416357398833e-01
5.697005312934435572e-01 7.199367960832204760e-01 6.102351454610331905e-01
5.820631585076283532e-01 7.255828584888579513e-01 6.167695059227904508e-01
5.943445047936311010e-01 7.312587526452378750e-01 6.234523449194898648e-01
6.065473179308321638e-01 7.369663654769152972e-01 6.302838462312463363e-01
6.186747753229555613e-01 7.427073596595720195e-01 6.372641204638570533e-01
6.307312626278861467e-01 7.484829138291131390e-01 6.443932815395341240e-01
6.427195420954382454e-01 7.542946098204174055e-01 6.516714493043458400e-01
6.546421268838306107e-01 7.601440316119819629e-01 6.590986756244622269e-01
6.665007372580987743e-01 7.660329608228377829e-01 6.666748616251177983e-01
6.782973836113643795e-01 7.719630310800734696e-01 6.743997956031866359e-01
6.900347771890759097e-01 7.779355768822483475e-01 6.822732524025346690e-01
7.017146858994729453e-01 7.839522036306318942e-01 6.902947839806707897e-01
7.133387650250498924e-01 7.900145181500037861e-01 6.984637612109579896e-01
7.249085875249289268e-01 7.961241244899606162e-01 7.067793552001568891e-01
7.364256759882410464e-01 8.022826181770377207e-01 7.152405207878801408e-01
7.478915365001921334e-01 8.084915788062636555e-01 7.238459826410962306e-01
7.593076948063409715e-01 8.147525608080123938e-01 7.325942243744490989e-01
7.706757353434688929e-01 8.210670821456590440e-01 7.414834811798738379e-01
7.819973439647087687e-01 8.274366105799091375e-01 7.505117365760367587e-01
7.932743555399678348e-01 8.338625469619534991e-01 7.596767241562358830e-01
8.045088080723619139e-01 8.403462047720425820e-01 7.689759357352898839e-01
8.157030055306695449e-01 8.468887847840431693e-01 7.784066382616576796e-01
8.268595921994836839e-01 8.534913432977053738e-01 7.879659035912184306e-01
8.379809085726553919e-01 8.601550736384017126e-01 7.976502129216804793e-01
8.490698416800952497e-01 8.668809482588032411e-01 8.074558740236496002e-01
8.601317529844672016e-01 8.736688378179094938e-01 8.173803963192254329e-01
8.711716989938286249e-01 8.805187091856062631e-01 8.274209566352292988e-01
8.821956733058415878e-01 8.874300514069906054e-01 8.375754021488645007e-01
8.932079952462950168e-01 8.944030457054237271e-01 8.478407043423858980e-01
9.042179934902535576e-01 9.014353374180017475e-01 8.582191644734488145e-01
9.152347166960391744e-01 9.085242571003325773e-01 8.687165711525005607e-01
9.262628162281685285e-01 9.156685052462999463e-01 8.793418174034247636e-01
9.373048551752131141e-01 9.228665582971444792e-01 8.901140054250247236e-01
9.483559925130032875e-01 9.301185953804622653e-01 9.010646262625682246e-01
9.593871400571217789e-01 9.374347255251731514e-01 9.122241980935118510e-01
9.703572491853645898e-01 9.448297855613786433e-01 9.236263902672359194e-01
9.812066078184714657e-01 9.523302792003857098e-01 9.352675560134661170e-01
9.918943862295418468e-01 9.599597876472726332e-01 9.471004034960056606e-01
9.975021609990292193e-01 9.632471152669123127e-01 9.573864025027510882e-01
9.921021941162005975e-01 9.534932067855065307e-01 9.446066283983765022e-01
9.868186348086785964e-01 9.437724783172175558e-01 9.317880459659141357e-01
9.816518160882851118e-01 9.340800618317659509e-01 9.189562103478040589e-01
9.766016804777167826e-01 9.244121031990757409e-01 9.061283526889287732e-01
9.716703121244961716e-01 9.147646409968793746e-01 8.933136999888213747e-01
9.668567828970690003e-01 9.051349452017179997e-01 8.805215954395367861e-01
9.621558234805279719e-01 8.955218691889715865e-01 8.677641178423927126e-01
9.575648951869709657e-01 8.859235947857022619e-01 8.550486270183615956e-01
9.530873390188326910e-01 8.763364795066157509e-01 8.423749553198337514e-01
9.487157017089725697e-01 8.667604201527111529e-01 8.297543668846318887e-01
9.444452058952170770e-01 8.571945569909671381e-01 8.171944697936502910e-01
9.402783337299986943e-01 8.476356046623648721e-01 8.046947226587458646e-01
9.362086314391994124e-01 8.380833113851727800e-01 7.922639967009461603e-01
9.322294303579972130e-01 8.285376017157105588e-01 7.799109828730657057e-01
9.283458840049187977e-01 8.189942029589356576e-01 7.676321284199270067e-01
9.245459195737241176e-01 8.094550166645688716e-01 7.554414052717011163e-01
9.208290969221916145e-01 7.999177968245066994e-01 7.433408491478882274e-01
9.171927027897396334e-01 7.903810995759857905e-01 7.313348587852965821e-01
9.136280398300790084e-01 7.808458072550333862e-01 7.194334712055667769e-01
9.101383002751335383e-01 7.713082204551757748e-01 7.076355257974555890e-01
9.067100232366269719e-01 7.617712078867963088e-01 6.959552814508803698e-01
9.033487600795883088e-01 7.522300775465060596e-01 6.843897226956551227e-01
9.000398082556234636e-01 7.426883983675141021e-01 6.729538779424105721e-01
8.967875884840578182e-01 7.331418794537449823e-01 6.616461079385752564e-01
8.935795636568982792e-01 7.235934023386730862e-01 6.504792480602223925e-01
8.904157411781995490e-01 7.140405493867686415e-01 6.394556452037657435e-01
8.872888983406599372e-01 7.044840785823531792e-01 6.285836060507727918e-01
8.841916986309131810e-01 6.949249350783732737e-01 6.178713311737036307e-01
8.811249892284712670e-01 6.853603294682862890e-01 6.073209942571959896e-01
8.780764590478944420e-01 6.757936782135163245e-01 5.969443923355925996e-01
8.750428180956236757e-01 6.662242913330347349e-01 5.867466495492595913e-01
8.720210982989085036e-01 6.566513191740546151e-01 5.767328799903070902e-01
8.690011422741027447e-01 6.470775997019675430e-01 5.669127635562797307e-01
8.659774707628578039e-01 6.375038093246806481e-01 5.572927083143319749e-01
8.629480693086298837e-01 6.279288720118124667e-01 5.478771673777437234e-01
8.599035621161229548e-01 6.183557026093352560e-01 5.386746782531469657e-01
8.568375255498038578e-01 6.087858607709913938e-01 5.296917583395431839e-01
8.537441083670397335e-01 5.992207533060716074e-01 5.209343908719122895e-01
8.506179973621316170e-01 5.896616293295002809e-01 5.124081008878795807e-01
8.474541274652916956e-01 5.801097285682259574e-01 5.041181242217268599e-01
8.442446700123039660e-01 5.705681179575186057e-01 4.960703917015079623e-01
8.409837975402886245e-01 5.610389093585124165e-01 4.882695750597881301e-01
8.376657510919122140e-01 5.515243755797173408e-01 4.807198892624247599e-01
8.342848717742328279e-01 5.420269393677155101e-01 4.734250368772170980e-01
8.308356325041580392e-01 5.325491603435902332e-01 4.663881560570574680e-01
8.273126692778078883e-01 5.230937201051487628e-01 4.596117733507468217e-01
8.237108113092780348e-01 5.136634057680483645e-01 4.530977624504290424e-01
8.200251094163765186e-01 5.042610922625415659e-01 4.468473098378890618e-01
8.162508620851289809e-01 4.948897237347067990e-01 4.408608881085506193e-01
8.123836387183970276e-01 4.855522944206121516e-01 4.351382375398520352e-01
8.084192996628107863e-01 4.762518293682440063e-01 4.296783562392227918e-01
8.043540127077308810e-01 4.669913653756386229e-01 4.244794989665802154e-01
8.001842658554086940e-01 4.577739324952089794e-01 4.195391844878350596e-01
7.959068762676425601e-01 4.486025364254634940e-01 4.148542110895359070e-01
7.915189953967450842e-01 4.394801420739914422e-01 4.104206796798045565e-01
7.870181104032788477e-01 4.304096585320315582e-01 4.062340237246524488e-01
7.824020420466741843e-01 4.213939256535768063e-01 4.022890451273998247e-01
7.776689393051031685e-01 4.124357023830108049e-01 3.985799550557146409e-01
7.728172710364280551e-01 4.035376569270218705e-01 3.951004186571385746e-01
7.678458150322193809e-01 3.947023588207779210e-01 3.918436025791147692e-01
7.627536448419004467e-01 3.859322728967089500e-01 3.888022242209444035e-01
7.575401147551067416e-01 3.772297551278103733e-01 3.859686016887215465e-01
7.522048433287550351e-01 3.685970502869584386e-01 3.833347034950198018e-01
7.467476958328673753e-01 3.600362913397518461e-01 3.808921971371720394e-01
7.411688502288462654e-01 3.515493993038861231e-01 3.786326490215093932e-01
7.354685273949941315e-01 3.431383789224418668e-01 3.765471470071510840e-01
7.296472006981604697e-01 3.348050657482664061e-01 3.746266850951023852e-01
7.237055402299467088e-01 3.265511676292370269e-01 3.728621675768574728e-01
7.176443696401625383e-01 3.183782998938518016e-01 3.712444023724158493e-01
7.114646483414542866e-01 3.102879929342801102e-01 3.697641309436948132e-01
7.051674544337779293e-01 3.022817007537502154e-01 3.684120542005737131e-01
6.987539684598813583e-01 2.943608104002376491e-01 3.671788544027157486e-01
6.922255059722411952e-01 2.865265650605818837e-01 3.660554335431331352e-01
6.855833500816117532e-01 2.787803407741987205e-01 3.650322848286809418e-01
6.788289005712158097e-01 2.711233880815239750e-01 3.641001302806693429e-01
6.719636043141666848e-01 2.635569355331429109e-01 3.632497260972400999e-01
6.649889432525422084e-01 2.560822041639194691e-01 3.624718636617463852e-01
6.579064240547159992e-01 2.487004215572301002e-01 3.617573703628921833e-01
6.507175776643483456e-01 2.414128002256163974e-01 3.610972506953095684e-01
6.434239265391488161e-01 2.342206178168397268e-01 3.604824728367381215e-01
6.360269817741411869e-01 2.271252644256068209e-01 3.599037817586164256e-01
6.285282615276925888e-01 2.201281534776736715e-01 3.593521123639540904e-01
6.209292701019925032e-01 2.132307891324625171e-01 3.588184029543072251e-01
6.132314928251533237e-01 2.064347860010494196e-01 3.582935828365532704e-01
6.054363650473106873e-01 1.997418399202827710e-01 3.577689773873766743e-01
5.975453147024337719e-01 1.931539011941686701e-01 3.572352381043664704e-01
5.895597471468105866e-01 1.866730701030174799e-01 3.566830584013978012e-01
5.814810296139373280e-01 1.803016309303064613e-01 3.561031832012160891e-01
5.733104951932375126e-01 1.740420949473483470e-01 3.554862648797998403e-01
5.650493204847377715e-01 1.678972357607243782e-01 3.548235816024372102e-01
5.566988219598302257e-01 1.618701408187519231e-01 3.541050034898633458e-01
5.482602363725491701e-01 1.559641735025702469e-01 3.533206793598585027e-01
5.397347537386283367e-01 1.501830262605881872e-01 3.524606807060895464e-01
5.311233360406953929e-01 1.445308626465650614e-01 3.515156620023529577e-01
5.224271542755859477e-01 1.390121333806119686e-01 3.504749358932117143e-01
5.136473999892132714e-01 1.336316226534321749e-01 3.493275300486417545e-01
5.047851421241303926e-01 1.283945717993596747e-01 3.480626436996461237e-01
4.958410096256900546e-01 1.233070310581054208e-01 3.466703634108732057e-01
4.868165023003824809e-01 1.183746817356044756e-01 3.451378554828707368e-01
4.777127600074563829e-01 1.136038289934312995e-01 3.434532268603456284e-01
4.685302454418041607e-01 1.090018792108267687e-01 3.416057808214325031e-01
4.592707593909975405e-01 1.045750373495066554e-01 3.395814488247593799e-01
4.499355773761816724e-01 1.003301985350523173e-01 3.373673181584590508e-01
4.405254420674196147e-01 9.627504948171375365e-02 3.349511372247024332e-01
4.310428752519925300e-01 9.241480834463552951e-02 3.323174710952780386e-01
4.214889599561450484e-01 8.875632562324425878e-02 3.294532857481557997e-01
4.118663916941286418e-01 8.530362677097630408e-02 3.263432073652808851e-01
4.021776196784369595e-01 8.206024671539108306e-02 3.229725536469886249e-01
3.924256853237967912e-01 7.902772928723741930e-02 3.193263052730240803e-01
3.826146322022796475e-01 7.620459811381985471e-02 3.153890856599274595e-01
3.727487928686150642e-01 7.358722950762935922e-02 3.111461649523381001e-01
3.628339028257003274e-01 7.116770916182016404e-02 3.065829185999267570e-01
3.528766483933925557e-01 6.893437465830856703e-02 3.016857422504425346e-01
3.428847358881327856e-01 6.687162055189152521e-02 2.964424512242474496e-01
3.328679797498811932e-01 6.495789064760579268e-02 2.908425431039311504e-01
3.228366534944737132e-01 6.316886981742550478e-02 2.848783648082062192e-01
3.128035931957940941e-01 6.147378201384728208e-02 2.785453585710658264e-01
3.027823743344598140e-01 5.983915299242622415e-02 2.718430878079390323e-01
2.927880235701176281e-01 5.822782344071841115e-02 2.647757833565245189e-01
2.828357236677720987e-01 5.660179490668145602e-02 2.573526111659388271e-01
2.729422889984424172e-01 5.491955318990942442e-02 2.495886427409731434e-01
2.631210707957416517e-01 5.314620478127749653e-02 2.415026117498202951e-01
2.533886409919163807e-01 5.124010428055108396e-02 2.331205173198778735e-01
2.437535454522718470e-01 4.917500554371775218e-02 2.244677601389856170e-01
2.342276436727692701e-01 4.691689054897183603e-02 2.155768577012249221e-01
2.248148793996275763e-01 4.444609117196273579e-02 2.064771190315410898e-01
2.155170076860864481e-01 4.174524460294260636e-02 1.971981363314274649e-01
