9.356149409597661615e-01 9.288782766213851128e-01 9.275217345114554757e-01
9.328261982998947710e-01 9.243440319439863995e-01 9.226416803590138382e-01
9.300374556400233805e-01 9.198097872665876862e-01 9.177616262065720898e-01
9.274311293521381172e-01 9.152462445081883669e-01 9.127956148755235199e-01
9.248262508132369941e-01 9.106824692253366882e-01 9.078289213446446571e-01
9.223220961618262548e-01 9.061156224997577446e-01 9.028231409773361804e-01
9.198195530926153163e-01 9.015487266310950876e-01 8.978167352206448681e-01
9.173929260613102876e-01 8.969859889903375461e-01 8.927850534681412986e-01
9.149681357083417899e-01 8.924233519518680602e-01 8.877527601996100248e-01
9.126064455476311510e-01 8.878681317360161973e-01 8.827021060731324864e-01
9.102468074256930830e-01 8.833131527176477649e-01 8.776508548455836944e-01
9.079416072448133201e-01 8.787674986625720885e-01 8.725858376368472724e-01
9.056386381270915553e-01 8.742222267781232237e-01 8.675202562485540003e-01
9.033838691095781304e-01 8.696874086723215269e-01 8.624441405509294389e-01
9.011314901796784183e-01 8.651531089357088478e-01 8.573675024908586906e-01
8.989222438224162559e-01 8.606300318846222819e-01 8.522829358152747004e-01
8.967155135318913839e-01 8.561076094901913791e-01 8.471979066371192468e-01
8.945482873760760567e-01 8.515967170393090591e-01 8.421066935413478172e-01
8.923837169604093011e-01 8.470865997106821199e-01 8.370150647200222949e-01
8.902555362287205565e-01 8.425881711837630572e-01 8.319187151986459083e-01
8.881301309814030320e-01 8.380906341756183542e-01 8.268220056238758664e-01
8.860383619699989666e-01 8.336048467148002850e-01 8.217218449252826629e-01
8.839494678505532832e-01 8.291200634887965215e-01 8.166213892588413126e-01
8.818918057065087135e-01 8.246469938493856677e-01 8.115185537619389322e-01
8.798371052153040051e-01 8.201750349811172125e-01 8.064154925914583938e-01
8.778113041866735244e-01 8.157147540235332173e-01 8.013111124585481360e-01
8.757885187541376570e-01 8.112556916305424526e-01 7.962065946947756157e-01
8.737929495719805040e-01 8.068080615090537089e-01 7.911013846530371429e-01
8.718004839973226838e-01 8.023617350676486293e-01 7.859960956673200938e-01
8.698334888469552162e-01 7.979266383161764953e-01 7.808908088918571355e-01
8.678696493243758248e-01 7.934929328537224658e-01 7.757855223902310193e-01
8.659296709400965408e-01 7.890702252909664871e-01 7.706808559662416958e-01
8.639928882439824598e-01 7.846489906612056364e-01 7.655762725883644704e-01
8.620784757394778230e-01 7.802384982167108740e-01 7.604728605797981267e-01
8.601672877670969442e-01 7.758295541953175167e-01 7.553696174172584987e-01
8.582770792107331514e-01 7.714310781852419252e-01 7.502680411968198904e-01
8.563901129277536883e-01 7.670342199587336651e-01 7.451667225947060658e-01
8.545228211096553839e-01 7.626475413514168800e-01 7.400675195113045612e-01
8.526587782857574238e-01 7.582625437821316483e-01 7.349686657796169476e-01
8.508131565200054425e-01 7.538874352666101730e-01 7.298723538932418986e-01
8.489707754959642250e-01 7.495140664920285634e-01 7.247764891833571310e-01
8.471456828954421203e-01 7.451502667786117362e-01 7.196835157639637215e-01
8.453238217759516671e-01 7.407882556747583669e-01 7.145910827726994485e-01
8.435181539015673691e-01 7.364354947979124821e-01 7.095018761643475669e-01
8.417156941229116951e-01 7.320845665132096336e-01 7.044133087450631381e-01
8.399283691511307826e-01 7.277425706294886609e-01 6.993282888779170925e-01
8.381442152817426550e-01 7.234024462964495639e-01 6.942440123074095082e-01
8.363741838244797000e-01 7.190709334024700805e-01 6.891635828767440630e-01
8.346072755929750953e-01 7.147413249613594477e-01 6.840840042558514744e-01
8.328535189812413808e-01 7.104200049813744755e-01 6.790085537921285441e-01
8.311028268245997941e-01 7.061006162933023411e-01 6.739340652291052614e-01
8.293643533294827730e-01 7.017891919858106897e-01 6.688639698707405934e-01
8.276288746043471978e-01 6.974797197323829856e-01 6.637949512782235217e-01
8.259047681404509955e-01 6.931778659616270044e-01 6.587305342751528237e-01
8.241835891893489752e-01 6.888779733844301312e-01 6.536673018396622625e-01
8.224729235798946547e-01 6.845853712085883114e-01 6.486089032191352244e-01
8.207650965726851489e-01 6.802947374411124626e-01 6.435518097286482275e-01
8.190669214675408982e-01 6.760110800687922916e-01 6.384997989674905394e-01
8.173714761932838746e-01 6.717293958183343516e-01 6.334492257459409803e-01
8.156848743618680952e-01 6.674543645893404875e-01 6.284039546727597791e-01
8.140008894676197260e-01 6.631813021115960938e-01 6.233602526026670310e-01
8.123249652186923520e-01 6.589145706493880761e-01 6.183220648623737326e-01
8.106515339528539421e-01 6.546497972332222526e-01 6.132855825849047315e-01
8.089854045637425717e-01 6.503910344587399139e-01 6.082548208073131901e-01
8.073216330723244072e-01 6.461342126206344183e-01 6.032259062744735889e-01
8.056644272656734440e-01 6.418830828935020438e-01 5.982029135031424749e-01
8.040094330581019078e-01 6.376338705090132120e-01 5.931819154304246444e-01
8.023603500147292733e-01 6.333900067404645284e-01 5.881669838967924502e-01
8.007133421672988360e-01 6.291480206775120765e-01 5.831541821056054342e-01
7.990715742943971245e-01 6.249110571218118304e-01 5.781476193076638959e-01
7.974317221111079101e-01 6.206759297515586082e-01 5.731433374319843121e-01
7.957963714486350204e-01 6.164455399577809525e-01 5.681455404962932887e-01
7.941627333212553097e-01 6.122169525028798853e-01 5.631502106573369471e-01
7.925329390104262073e-01 6.079927923361861941e-01 5.581615561557496941e-01
7.909046653303205554e-01 6.037703836241681277e-01 5.531755424469679827e-01
7.892795949453912385e-01 5.995520942431092903e-01 5.481963937764546824e-01
7.876558414707011124e-01 5.953354983647782817e-01 5.432200673994519446e-01
7.860349481987450870e-01 5.911225810858958818e-01 5.382505410868023699e-01
7.844152761369450610e-01 5.869112344449803897e-01 5.332839181724158273e-01
7.827977406830505247e-01 5.827033135180484935e-01 5.283243852149236419e-01
7.811811521349323328e-01 5.784969108052685494e-01 5.233679943974186566e-01
7.795660023108881287e-01 5.742936808491746481e-01 5.184189776206751255e-01
7.779515139691770553e-01 5.700919096317871304e-01 5.134733512075001505e-01
7.763378872593977853e-01 5.658930098831681521e-01 5.085352887114550358e-01
7.747246713276324526e-01 5.616954790905902550e-01 5.036008322689256023e-01
7.731117583010689298e-01 5.575005182224894718e-01 4.986741273761106652e-01
7.714989949453109341e-01 5.533068271994243670e-01 4.937512526608017760e-01
7.698862549812516276e-01 5.491152698113407338e-01 4.888360710439582091e-01
7.682735269915141885e-01 5.449248046411641067e-01 4.839248275608528105e-01
7.666600327580098684e-01 5.407363027879177331e-01 4.790217065783463068e-01
7.650461323229905686e-01 5.365488417291887080e-01 4.741228914997717703e-01
7.634309907180127919e-01 5.323630228642766138e-01 4.692323514565550080e-01
7.618151679831799417e-01 5.281781052032884505e-01 4.643463525912787104e-01
7.601982516780171339e-01 5.239941771394918124e-01 4.594682004409063047e-01
7.585807143329139635e-01 5.198108110691619377e-01 4.545945044496151888e-01
7.569609466099288531e-01 5.156284744567430911e-01 4.497294606967511266e-01
7.553398685399382861e-01 5.114467426508469972e-01 4.448695001339629806e-01
7.537160672143164986e-01 5.072657487045841851e-01 4.400184048218268029e-01
7.520906112523616516e-01 5.030852030780985640e-01 4.351726959910995340e-01
7.504622084591942022e-01 4.989049584159963580e-01 4.303358193445625535e-01
7.488319544515471549e-01 4.947249028212634125e-01 4.255044911214274084e-01
7.471981772355729134e-01 4.905449108712359729e-01 4.206823153971995244e-01
7.455621122219837638e-01 4.863649602489393264e-01 4.158660828540802767e-01
7.439226023093395979e-01 4.821844592804420682e-01 4.110586965877282561e-01
7.422807806881189796e-01 4.780035890006786858e-01 4.062572466386805137e-01
7.406348702037952592e-01 4.738219720030736881e-01 4.014650552699476904e-01
7.389861247743866324e-01 4.696398372810985933e-01 3.966792831835666000e-01
7.373324466076642825e-01 4.654568944436013322e-01 3.919034007501094319e-01
7.356752355344876593e-01 4.612733728206626638e-01 3.871346014464492336e-01
7.340130891839999894e-01 4.570884818312799247e-01 3.823755068526973888e-01
7.323472920804331432e-01 4.529025778858975504e-01 3.776235910854531808e-01
7.306763020883346726e-01 4.487148849967853570e-01 3.728814560463091232e-01
7.290013453063857174e-01 4.445258255534351166e-01 3.681467923966860178e-01
7.273211036298162790e-01 4.403344464779606615e-01 3.634218317997460201e-01
7.256366935856588540e-01 4.361412378334868500e-01 3.587045243147814477e-01
7.239457856463643592e-01 4.319459055635235800e-01 3.539979904374594422e-01
7.222495865638869361e-01 4.277488440556619920e-01 3.493002293549322679e-01
7.205469639149038041e-01 4.235490329623012862e-01 3.446130328095841633e-01
7.188389417462491826e-01 4.193469106231587640e-01 3.399347165998359288e-01
7.171251568941459098e-01 4.151409774652935480e-01 3.352661605873167305e-01
7.154063720666973270e-01 4.109317378617718397e-01 3.306060729812168586e-01
7.136800627937488484e-01 4.067192709917098470e-01 3.259574334412177476e-01
7.119470152113973604e-01 4.025039140322087539e-01 3.213190459007119748e-01
7.102064697163911200e-01 3.982847114136204292e-01 3.166919904149144149e-01
7.084589943324163253e-01 3.940619544737547497e-01 3.120754084948321738e-01
7.067051172691289906e-01 3.898339126616696126e-01 3.074689433718699183e-01
7.049451339886509960e-01 3.856008298945443613e-01 3.028721281169298174e-01
7.031765347770725372e-01 3.813634117801722456e-01 2.982876563951539217e-01
7.013994542583169567e-01 3.771217260583540898e-01 2.937153353388366472e-01
6.996148036243894364e-01 3.728742688856486187e-01 2.891542307924092059e-01
6.978224627147316950e-01 3.686209486517243450e-01 2.846045207957111356e-01
6.960218600240060116e-01 3.643616712373216604e-01 2.800667197384769658e-01
6.942125957886123855e-01 3.600961483917723971e-01 2.755414038597131521e-01
6.923946104957999781e-01 3.558243171145283879e-01 2.710284749231984813e-01
6.905671893047972132e-01 3.515456603210247444e-01 2.665289482520686870e-01
6.887316334364722570e-01 3.472594634151590087e-01 2.620412125801118153e-01
6.868869938451378498e-01 3.429648467171556026e-01 2.575666435238980756e-01
6.850329437298517954e-01 3.386629495108649524e-01 2.531052501357196061e-01
6.831680475869608138e-01 3.343526612102771245e-01 2.486590422632427855e-01
6.812945188129245766e-01 3.300336137190961749e-01 2.442252672796555446e-01
6.794107201845946964e-01 3.257041458115198518e-01 2.398062831466438727e-01
6.775175461976545854e-01 3.213656786925327413e-01 2.354006209969455865e-01
6.756128586124214852e-01 3.170161599104095451e-01 2.310113191776322072e-01
6.736983313182696165e-01 3.126571400732550132e-01 2.266359739320622513e-01
6.717713286788818960e-01 3.082860742556143840e-01 2.222783236282027119e-01
6.698355189253316633e-01 3.039035729462491453e-01 2.179337331210320083e-01
6.678881798586960850e-01 2.995061015386262793e-01 2.136062390749812190e-01
6.659304721661327697e-01 2.950975823661550757e-01 2.092936884819068810e-01
6.639587476274079192e-01 2.906741282523148673e-01 2.050013392234119047e-01
6.619767796434044005e-01 2.862384018351559201e-01 2.007241006467135325e-01
6.599805094905214498e-01 2.817855405039297323e-01 1.964679600030901641e-01
6.579749813353197307e-01 2.773181674892502002e-01 1.922262758803383598e-01
6.559561002921583395e-01 2.728298641618975284e-01 1.880054425088436565e-01
6.539267893796653075e-01 2.683268594116540728e-01 1.838007547190337043e-01
6.518819359167955518e-01 2.638019466586712380e-01 1.796201270117343540e-01
6.498265371653278999e-01 2.592609762263942685e-01 1.754563323895700078e-01
6.477548986694191546e-01 2.546952769680042028e-01 1.713184607185136155e-01
6.456726695000092331e-01 2.501119236730425799e-01 1.671981692290185617e-01
6.435735817074750287e-01 2.455004680341506818e-01 1.631058625183354760e-01
6.414637968023532144e-01 2.408696286568243194e-01 1.590321115853654543e-01
6.393364062327639985e-01 2.362068868766578900e-01 1.549889003698814438e-01
6.371981311638129641e-01 2.315228931237703902e-01 1.509655092473471127e-01
6.350413292874375060e-01 2.268027258002938140e-01 1.469758544532377698e-01
6.328733510832434961e-01 2.220592968087366226e-01 1.430076461633951190e-01
6.306856928235428095e-01 2.172749070538202709e-01 1.390772023701960791e-01
6.284864341496204654e-01 2.124651052989200151e-01 1.351702827537463458e-01
6.262660369431167773e-01 2.076089972329385747e-01 1.313062294149291709e-01
6.240348990851138922e-01 2.027231203915839386e-01 1.274670341926381345e-01
6.217835004526918175e-01 1.977810888148661961e-01 1.236747304174304896e-01
6.195196215052066746e-01 1.928079933181210404e-01 1.199115995499972082e-01
6.172313624073660909e-01 1.877742148148107693e-01 1.162054576186812710e-01
6.149310754801297074e-01 1.827043335379445188e-01 1.125315788666060302e-01
6.126064465172117446e-01 1.775613871241198127e-01 1.089229946439464886e-01
6.102685874456361681e-01 1.723789362158422989e-01 1.053522237992140648e-01
6.079029774144375509e-01 1.671136222216394740e-01 1.018607688203775341e-01
6.055236119991064259e-01 1.618033085233345492e-01 9.841351825174909917e-02
6.031143286232869549e-01 1.563951204686076513e-01 9.506241227532324922e-02
6.006900123707601402e-01 1.509363159146512590e-01 9.176443496121021448e-02
5.982317757810474701e-01 1.453632997726898857e-01 8.858633770564919296e-02
5.957562374607463518e-01 1.397343035996686245e-01 8.547351193547729487e-02
5.932401766661724585e-01 1.339741963012704429e-01 8.251355885476947816e-02
5.907043346109400739e-01 1.281511742032003520e-01 7.963489442403240415e-02
5.881203759757285265e-01 1.221751161059292656e-01 7.695395914187325159e-02
5.855111212601284976e-01 1.161337965112103493e-01 7.437634588860987661e-02
5.828379236746580316e-01 1.099275103534983339e-01 7.205990776394412267e-02
5.801314790605041072e-01 1.036588584022928167e-01 6.987510914926581274e-02
5.773376422566685040e-01 9.722627350819006142e-02 6.803633438941163181e-02
5.744969540685368470e-01 9.075317023285976725e-02 6.636148302736863402e-02
5.715281135645363664e-01 8.416923726770120240e-02 6.513501037110330794e-02
5.684932627240081304e-01 7.760010845343079389e-02 6.409635279731455693e-02
5.652703824400368005e-01 7.107314903865996625e-02 6.359268364027724496e-02
5.619627055404256000e-01 6.465370893274254016e-02 6.326651874996042091e-02
5.584032886881333813e-01 5.855346677498361047e-02 6.346731965147005272e-02
5.547546922365156341e-01 5.264843335881411179e-02 6.378892850920460378e-02
5.508299267031153690e-01 4.734791733595379581e-02 6.448465232815177306e-02
5.468303854053454538e-01 4.229233325140190763e-02 6.523047283506057392e-02
5.425890691361134888e-01 3.802869576738074353e-02 6.613827263304528081e-02
5.382942167635733632e-01 3.404305783847691447e-02 6.704824742302022134e-02
5.338184492833035755e-01 3.099686668203948184e-02 6.796557218592755301e-02
5.293069621599515440e-01 2.814752094157522283e-02 6.886259668991377703e-02
5.246691805842731426e-01 2.599416435044467344e-02 6.968784527842890320e-02
5.200077271832230785e-01 2.397206243651284902e-02 7.048603801460021079e-02
5.152586003548711435e-01 2.243608895665036643e-02 7.118402389023877064e-02
5.104938500632446585e-01 2.098752376830981606e-02 7.185352281955861842e-02
5.056684086258209643e-01 1.987850617395834837e-02 7.241236091894810711e-02
5.008323885124170705e-01 1.882879689246165500e-02 7.294469905608330640e-02
4.959532074010136737e-01 1.802106552741248452e-02 7.336891734722106317e-02
4.910670061511978601e-01 1.725307210930758506e-02 7.376861781862563416e-02
4.861506768073620699e-01 1.665562071350521617e-02 7.406309598034196973e-02
4.812295462443408889e-01 1.608526609483389505e-02 7.433586865143776423e-02
4.762867058206552429e-01 1.563743603362468398e-02 7.451049475624942076e-02
4.713407593298195586e-01 1.520735186020303123e-02 7.466557288706911211e-02
4.663799884275860452e-01 1.486196396940382691e-02 7.472735386929080237e-02
4.614171943144363963e-01 1.452813099248678047e-02 7.477187033213243683e-02
4.564441878033309030e-01 1.425262281897501232e-02 7.472924207810331676e-02
4.514700073910464240e-01 1.398400727744397894e-02 7.467118339942496741e-02
4.464895466074543795e-01 1.375226731700987005e-02 7.453057194887326153e-02
4.415085022263845471e-01 1.352417373480215186e-02 7.437622414506248059e-02
4.365241405543879294e-01 1.331680693409179918e-02 7.414379601746329262e-02
4.315396027264319923e-01 1.311084306145205054e-02 7.389917002190575512e-02
4.265539981762781485e-01 1.291337469768430272e-02 7.358067915926720659e-02
4.215684908983871604e-01 1.271579423626962961e-02 7.325138245961233807e-02
4.165836130292563388e-01 1.251748843713957650e-02 7.285216563808721846e-02
4.115990094648022124e-01 1.231807946832648958e-02 7.244339587599811503e-02
4.066163088890427657e-01 1.211101725983735646e-02 7.196835258874646757e-02
4.016339940685517140e-01 1.190222736211705643e-02 7.148487420455404417e-02
3.966545595540647562e-01 1.168053738480404058e-02 7.093841376320400571e-02
3.916756252637001445e-01 1.145662091218125310e-02 7.038443082168045761e-02
3.867007284966088032e-01 1.121473344170103789e-02 6.976973055732781093e-02
3.817263237248588181e-01 1.097057146102683838e-02 6.914846901961045622e-02
3.767562333737972669e-01 1.070646377557475139e-02 6.846967016161828457e-02
3.717866042315082220e-01 1.044015530415575051e-02 6.778516783547439140e-02
3.668213950066216977e-01 1.015275596722047674e-02 6.704600727287639284e-02
3.618566832792804444e-01 9.863102950790464049e-03 6.630177972722220425e-02
3.568972178896893110e-01 9.549683859688649912e-03 6.550411854206644735e-02
3.519381288778717365e-01 9.234402139192205566e-03 6.470218806084945817e-02
3.469834434860051275e-01 8.897327654778585532e-03 6.385030681571601807e-02
3.420291434537803266e-01 8.558468440397225263e-03 6.299466771603631776e-02
3.370798959146368845e-01 8.196209433105504025e-03 6.208975896786119580e-02
3.321309204665884862e-01 7.832556011660343764e-03 6.118173217541623271e-02
3.271859923735790376e-01 7.448160679682778486e-03 6.022732447445736798e-02
3.222412943735345481e-01 7.062589219170916852e-03 5.927027455831203329e-02
3.173005408243176340e-01 6.656855555213984747e-03 5.826792952468445169e-02
3.123599499624901688e-01 6.250221115053358582e-03 5.726341596683331980e-02
3.074226399630168305e-01 5.825421021451586932e-03 5.621517050380731018e-02
3.024854211140961535e-01 5.399993191610748602e-03 5.516520450601117287e-02
2.975504263386661297e-01 4.959248597537276038e-03 5.407325745982551057e-02
2.926154853144305457e-01 4.518065302596472980e-03 5.297996452259413208e-02
2.876821971394235011e-01 4.063391955985258368e-03 5.184528543570704473e-02
2.827489171313246619e-01 3.608472878437911542e-03 5.070963560344633747e-02
2.778159746887635118e-01 3.143396922197094854e-03 4.953386162907632423e-02
2.728830142518458013e-01 2.678214162209380418e-03 4.835746145434454552e-02
2.679489291676437901e-01 2.206356168040560228e-03 4.714192375700255316e-02
2.630148230955469679e-01 1.734472514044574625e-03 4.592607961070820088e-02
2.580780725486912508e-01 1.259355721825773395e-03 4.467162289641687239e-02
2.531413220018355337e-01 7.842389296069720564e-04 4.341716618212553697e-02
