9.975021609990292193e-01 9.632471152669123127e-01 9.573864025027510882e-01
9.946872779774825757e-01 9.615970057166618457e-01 9.522232343738749050e-01
9.918524733730278431e-01 9.599298680063044209e-01 9.470540001725447077e-01
9.864876277392357062e-01 9.561001539623769085e-01 9.411143747695445150e-01
9.811215148095843164e-01 9.522714517992955097e-01 9.351762527527113233e-01
9.756755622408090911e-01 9.485064981295193709e-01 9.293328440644076371e-01
9.702281890779734796e-01 9.447427848550703500e-01 9.234922468298979448e-01
9.647216244959535558e-01 9.410307547192495736e-01 9.177687935034796185e-01
9.592141024485866252e-01 9.373199626993737876e-01 9.120491459863597772e-01
9.536768989754604853e-01 9.336475522737933685e-01 9.064474785574939686e-01
9.481393035455956131e-01 9.299763985749069928e-01 9.008499082069301167e-01
9.425920659799598145e-01 9.263361603526926169e-01 8.953531259825945332e-01
9.370450424941061396e-01 9.226971923430069555e-01 8.898605421774576918e-01
9.315023719638250155e-01 9.190840519880731918e-01 8.844533262293604592e-01
9.259600840841493152e-01 9.154723886305282665e-01 8.790501439769288217e-01
9.204244105935117659e-01 9.118862562278465811e-01 8.737166870352883752e-01
9.148890940072301747e-01 9.083018596201025696e-01 8.683872407468832266e-01
9.093591309862868455e-01 9.047434999364227792e-01 8.631179542570063257e-01
9.038294053169373399e-01 9.011871388869695521e-01 8.578528658805877338e-01
8.983028179631071808e-01 8.976572042234010063e-01 8.526432858932306846e-01
8.927761394839243136e-01 8.941295949486224304e-01 8.474381434720517081e-01
8.872483857255790696e-01 8.906294252615658547e-01 8.422853643317743666e-01
8.817201293159115938e-01 8.871319150758720795e-01 8.371373672443547242e-01
8.761865265239991984e-01 8.836626923137653744e-01 8.320402338100594264e-01
8.706521721227998833e-01 8.801963622977146962e-01 8.269484596791820685e-01
8.651105521651596408e-01 8.767579954935375008e-01 8.219084921480115380e-01
8.595678124081659321e-01 8.733227885462687690e-01 8.168744402806275007e-01
8.540151667338145014e-01 8.699155341793448626e-01 8.118927192852011254e-01
8.484610375094907564e-01 8.665116845541537272e-01 8.069175240023650497e-01
8.428948279496777385e-01 8.631355592545012501e-01 8.019954666649060648e-01
8.373267134918805921e-01 8.597630895007136731e-01 7.970805476669474698e-01
8.317442488026022263e-01 8.564181581924426023e-01 7.922194041598920045e-01
8.261595710751659105e-01 8.530770651164559792e-01 7.873661065509323098e-01
8.205594020806239453e-01 8.497628396664608230e-01 7.825677302286430104e-01
8.149567257001156806e-01 8.464526127832431301e-01 7.777779247598998191e-01
8.093376775641808463e-01 8.431684941889839857e-01 7.730440819231347849e-01
8.037157878936046496e-01 8.398885348089775160e-01 7.683195208002978616e-01
7.980765332891088804e-01 8.366339928494033185e-01 7.636516812625766537e-01
7.924341076186740551e-01 8.333837517021148722e-01 7.589938427286916367e-01
7.867734900436420542e-01 8.301581836358338240e-01 7.543933783747093225e-01
7.811093746610821009e-01 8.269370397223209102e-01 7.498036381135926298e-01
7.754263711178714935e-01 8.237397862337562104e-01 7.452718079539500939e-01
7.697395437698230092e-01 8.205470627413822271e-01 7.407514247370741156e-01
7.640332332256960512e-01 8.173774206581714274e-01 7.362893664190570675e-01
7.583227713446339946e-01 8.142123976549203723e-01 7.318394741072579146e-01
7.525923075674298968e-01 8.110696302187484497e-01 7.274481998254180848e-01
7.468573608461730462e-01 8.079315549063726953e-01 7.230698037288453284e-01
7.411019485107622762e-01 8.048149001591533569e-01 7.187501993476231865e-01
7.353417147211057658e-01 8.017029952417834560e-01 7.144441757913885249e-01
7.295605879630511215e-01 7.986116729204271181e-01 7.101970024767667589e-01
7.237742912014113461e-01 7.955251434762393714e-01 7.059641008874902868e-01
7.179666940250014617e-01 7.924583606859865181e-01 7.017899988066375050e-01
7.121535648004813090e-01 7.893963998068521670e-01 6.976308458855169370e-01
7.063187329256819247e-01 7.863533556559517690e-01 6.935303396679610710e-01
7.004779896830779506e-01 7.833151490337442180e-01 6.894454453429857965e-01
6.946151335460943876e-01 7.802950383522027078e-01 6.854189510606272240e-01
6.887459653452487895e-01 7.772797679314212838e-01 6.814087159696651241e-01
6.828542540591818755e-01 7.742817841562119607e-01 6.774565494194041415e-01
6.769558042221694993e-01 7.712886309331721257e-01 6.735212736997984173e-01
6.710343503664125686e-01 7.683119682158146002e-01 6.696436597813952840e-01
6.651056066258319577e-01 7.653401456215606080e-01 6.657835456250407180e-01
6.591530492614934289e-01 7.623841340961114987e-01 6.619805973580449310e-01
6.531927146154378194e-01 7.594329254333995749e-01 6.581957579149578796e-01
6.472080446040094914e-01 7.564967450831240336e-01 6.544675815660366824e-01
6.412151305544121493e-01 7.535652989509203925e-01 6.507581106044478814e-01
6.351974843903075429e-01 7.506480554729323407e-01 6.471047558048561577e-01
6.291710113296010709e-01 7.477354891718784868e-01 6.434706842238583357e-01
6.231191275059495549e-01 7.448363874710891563e-01 6.398921249388125343e-01
6.170577810040057676e-01 7.419418937685511306e-01 6.363334172328423133e-01
6.109702729797241716e-01 7.390601398258842547e-01 6.328295933043160959e-01
6.048724220100398785e-01 7.361829676372733111e-01 6.293461891884561954e-01
5.987470883568566382e-01 7.333179698237254351e-01 6.259170434319667464e-01
5.926106676709013144e-01 7.304574499408077459e-01 6.225088852964264508e-01
5.864459134567509002e-01 7.276083736583895956e-01 6.191543621922008800e-01
5.802693655392957561e-01 7.247636259045106000e-01 6.158213830322609716e-01
5.740638114866852826e-01 7.219295239910925588e-01 6.125413903298887464e-01
5.678455136837612383e-01 7.190996346584324073e-01 6.092835056753032053e-01
5.615970333143051052e-01 7.162797224907251348e-01 6.060779821865285300e-01
5.553343510590978971e-01 7.134640035789040491e-01 6.028951872617998031e-01
5.490392593723051329e-01 7.106578538920536037e-01 5.997642600857910899e-01
5.427292836087698191e-01 7.078556141909926325e-01 5.966566096680696596e-01
5.363865628764011850e-01 7.050619764586681937e-01 5.936001681185799628e-01
5.300275840484338641e-01 7.022721076811293539e-01 5.905676226694109854e-01
5.236341063346837688e-01 6.994902364417937557e-01 5.875857835794587869e-01
5.172226262128117868e-01 6.967120289940321731e-01 5.846285312964867309e-01
5.107742840171662912e-01 6.939413235956839454e-01 5.817216234278071996e-01
5.043069862602562736e-01 6.911739127865009769e-01 5.788398784771405792e-01
4.978022182078234992e-01 6.884130145372957532e-01 5.760078741783597467e-01
4.912761033170551239e-01 6.856553352659165990e-01 5.732018585878349004e-01
4.847092353712825208e-01 6.829038013158418297e-01 5.704454578039807044e-01
4.781198526569613860e-01 6.801550355491811084e-01 5.677156669540841527e-01
4.714889427028725044e-01 6.774113755430393180e-01 5.650349566490429076e-01
4.648328657962509936e-01 6.746703057370045942e-01 5.623817776442506799e-01
4.581319260612017330e-01 6.719338532442041823e-01 5.597776761746846574e-01
4.514042996835231913e-01 6.691994623574278878e-01 5.572018074559504930e-01
4.446306814323772727e-01 6.664686244512461055e-01 5.546745951801391739e-01
4.378270865357552499e-01 6.637396144085104810e-01 5.521767326958337829e-01
4.309735305633397573e-01 6.610136508048515269e-01 5.497277865307047540e-01
4.240883549694993149e-01 6.582888181097310554e-01 5.473089400970536644e-01
4.171522008023407779e-01 6.555658087161317926e-01 5.449386218019076633e-01
4.101809670214872083e-01 6.528434993804987929e-01 5.425996188214046168e-01
4.031550090432692302e-01 6.501222821352932169e-01 5.403094677317447081e-01
3.960911505869932348e-01 6.474010694894741791e-01 5.380517213432837176e-01
3.889700698403159573e-01 6.446798637878269345e-01 5.358428996997703919e-01
3.818083537364017066e-01 6.419578208171521361e-01 5.336675681805685967e-01
3.745872474949871744e-01 6.392345541455908275e-01 5.315411837661299099e-01
3.673222155733800176e-01 6.365095686438585476e-01 5.294495647784965842e-01
3.599950246703677581e-01 6.337821508352802224e-01 5.274071421495499790e-01
3.526200957835742278e-01 6.310520583778028714e-01 5.254009801040265826e-01
3.451797481782654109e-01 6.283183006607229171e-01 5.234445084876386822e-01
3.376890175899575630e-01 6.255805520901415173e-01 5.215255062541910291e-01
3.301314150423964588e-01 6.228375065685491929e-01 5.196562361108277850e-01
3.225207349641316945e-01 6.200890099723054272e-01 5.178257430806223471e-01
3.148418123463908591e-01 6.173335048515095069e-01 5.160451063387627713e-01
3.071076240290898651e-01 6.145708593328539360e-01 5.143045238257556440e-01
2.993045959807573708e-01 6.117993196344079232e-01 5.126138334223716564e-01
2.914451844777675160e-01 6.090186634625240902e-01 5.109643120444053999e-01
2.835177239777772473e-01 6.062270046502841181e-01 5.093644774212536808e-01
2.755344322319693839e-01 6.034239347622446514e-01 5.078066363980133779e-01
2.674858463173240830e-01 6.006075197177618286e-01 5.062979065339913154e-01
2.593841331601856037e-01 5.977770930663789395e-01 5.048316623322960384e-01
2.512222091282214631e-01 5.949307865938424644e-01 5.034135685479041999e-01
2.430135146473993424e-01 5.920675020858127136e-01 5.020377465321126387e-01
2.347534493457000826e-01 5.891855695715849661e-01 5.007083541638001067e-01
2.264585789889367318e-01 5.862833119948543947e-01 4.994197722433467712e-01
2.181266580896857044e-01 5.833594180612655666e-01 4.981746337028724048e-01
2.097778749401353893e-01 5.804116817798203876e-01 4.969677758521037214e-01
2.014116942307524194e-01 5.774393462505867936e-01 4.958004139510314157e-01
1.930541515489006821e-01 5.744396136189821034e-01 4.946675883413951258e-01
1.847052468945801773e-01 5.714124838850062060e-01 4.935692990231949628e-01
1.764020000299087731e-01 5.683544442888599502e-01 4.924992809639308633e-01
1.681430060998203302e-01 5.652664459032255007e-01 4.914566642787125961e-01
1.599770089130858053e-01 5.621445487955143427e-01 4.904346671317483808e-01
1.518983723034406930e-01 5.589908074337307520e-01 4.894320398540531469e-01
1.439723472660197900e-01 5.558009426748602433e-01 4.884405559215567738e-01
1.361852670928625775e-01 5.525781894499852687e-01 4.874592174227488917e-01
1.286217043226710322e-01 5.493181632104939816e-01 4.864786604807945780e-01
1.212553627903904530e-01 5.460252490169295037e-01 4.854987931478286778e-01
1.141939025401931540e-01 5.426951840814928651e-01 4.845082893635380694e-01
1.073931378790236313e-01 5.393333525696727415e-01 4.835086906426075415e-01
1.009844462220219757e-01 5.359357098793616769e-01 4.824886075840945088e-01
9.490061505418798116e-02 5.325083950697293567e-01 4.814515517887273388e-01
8.929767794795663571e-02 5.290476923681272092e-01 4.803849063390597807e-01
8.408081072216685992e-02 5.255601853025491099e-01 4.792945058148129767e-01
7.942505595741571056e-02 5.220425330560789501e-01 4.781670744556745789e-01
7.520572199569461325e-02 5.185014345578036199e-01 4.770108413360648614e-01
7.160551067625903210e-02 5.149339204894832767e-01 4.758121000024909120e-01
6.847176162155911572e-02 5.113465042793481352e-01 4.745813319323685664e-01
6.597868613527846371e-02 5.077365550007220119e-01 4.733045871773366442e-01
6.395312919892522097e-02 5.041101626721157247e-01 4.719942918684517097e-01
6.254489330426268867e-02 5.004649899451575346e-01 4.706363943004701067e-01
6.157289761239487930e-02 4.968065457366972471e-01 4.692448578027267891e-01
6.115309448633807210e-02 4.931327416774131667e-01 4.678056334321883392e-01
6.111110732636246268e-02 4.894484282465128011e-01 4.663337805171057782e-01
6.151483497613823709e-02 4.857526285006948386e-01 4.648128576088139119e-01
6.221377633107400690e-02 4.820492209359055202e-01 4.632594337959287656e-01
6.326333524368574213e-02 4.783364326354407892e-01 4.616604575719414627e-01
6.453764900096155277e-02 4.746176310428764644e-01 4.600322810844270638e-01
6.604493407473746580e-02 4.708930738400685101e-01 4.583574586509658877e-01
6.769672034482356049e-02 4.671649467017929269e-01 4.566537039219174532e-01
6.950589438600959791e-02 4.634325647402448012e-01 4.549071175908237508e-01
7.140950108985558153e-02 4.596976298847331721e-01 4.531348322985028210e-01
7.339846503234268016e-02 4.559605730098360010e-01 4.513212991533096519e-01
7.543695724910300104e-02 4.522222848397397521e-01 4.494838320687954969e-01
7.750604250970152820e-02 4.484837200945455682e-01 4.476069173506908583e-01
7.959228972172162353e-02 4.447450001974668776e-01 4.457078734722791924e-01
8.166909696612524583e-02 4.410075762046697934e-01 4.437713217464543392e-01
8.374078615579708118e-02 4.372708548105795345e-01 4.418144344407066715e-01
8.577468722208064777e-02 4.335367487860933844e-01 4.398220562125120803e-01
8.778879450944658547e-02 4.298040127171141589e-01 4.378110875011310132e-01
8.974563979813564296e-02 4.260749814863942220e-01 4.357666728758266550e-01
9.167351725219995140e-02 4.223478244679702565e-01 4.337053385528906180e-01
9.353121748506189326e-02 4.186252559349880054e-01 4.316125942184051989e-01
9.535464512152269645e-02 4.149049282902447233e-01 4.295045101108375674e-01
9.709973943159970478e-02 4.111898909007883907e-01 4.273670158000270614e-01
9.880791803613954427e-02 4.074773466201453975e-01 4.252156615083780289e-01
1.004330123761567745e-01 4.037706352467930748e-01 4.230368422896532143e-01
1.020203411413909966e-01 4.000665751949364357e-01 4.208455390131666807e-01
1.035144364530133504e-01 3.963696188433814549e-01 4.186275317395008466e-01
1.049676766557495894e-01 3.926757753492620129e-01 4.163978227142620669e-01
1.063289177290144133e-01 3.889892105461018046e-01 4.141434850608022300e-01
1.076513147253913977e-01 3.853057189680130223e-01 4.118787486532043962e-01
1.088873570226960574e-01 3.816291506252660892e-01 4.095918519635980970e-01
1.100882880687295562e-01 3.779553972243613891e-01 4.072959450494387790e-01
1.111889410450963983e-01 3.742905676864972109e-01 4.049773434581570020e-01
1.122503547768110704e-01 3.706292300950402296e-01 4.026498613410446903e-01
1.132271797966369481e-01 3.669752490491377528e-01 4.003032668012451722e-01
1.141721703549992833e-01 3.633240365956482143e-01 3.979494794141976710e-01
1.150213864965396876e-01 3.596819350052572473e-01 3.955761646537078735e-01
1.158359608277402392e-01 3.560431288334339195e-01 3.931957868006962786e-01
1.165683203978493537e-01 3.524119614678862811e-01 3.907989679038346154e-01
1.172721211562108984e-01 3.487834475824133640e-01 3.883964379075302564e-01
1.178811437168496012e-01 3.451645947624138455e-01 3.859766584820329416e-01
1.184585735449140004e-01 3.415489622975722006e-01 3.835511292468047340e-01
1.189565463954343483e-01 3.379411127936935988e-01 3.811115837194561928e-01
1.194291257789045213e-01 3.343357506278547553e-01 3.786675587585435210e-01
1.198162697374028224e-01 3.307392539350875182e-01 3.762095554736889502e-01
1.201772599943791431e-01 3.271454711626481382e-01 3.737472731100765500e-01
1.204555083929976372e-01 3.235603730961846281e-01 3.712722867479343325e-01
1.207095192775517328e-01 3.199778190345018425e-01 3.687935790124853286e-01
1.208876024353921774e-01 3.164030405694777115e-01 3.663040554078333400e-01
1.210444258297528053e-01 3.128304392715180460e-01 3.638115033598044445e-01
1.211235553856404301e-01 3.092659916132848297e-01 3.613086782413805209e-01
1.211819153015402384e-01 3.057037236409191894e-01 3.588031068566133741e-01
1.211617245274577148e-01 3.021498476999104343e-01 3.562878833152134384e-01
1.211215110284777352e-01 2.985981109041496162e-01 3.537701994201620792e-01
1.210103453055925288e-01 2.950535166977469315e-01 3.512448242276036692e-01
1.208819581691381040e-01 2.915106561295379706e-01 3.487175822152620563e-01
1.206841214903165010e-01 2.879746252927480321e-01 3.461836290211326439e-01
1.204702579940255397e-01 2.844401705478241116e-01 3.436481270927445042e-01
1.201885657034964250e-01 2.809121588436112038e-01 3.411068865363667268e-01
1.198920156770865580e-01 2.773855584721255374e-01 3.385643889471912638e-01
1.195257127496924809e-01 2.738656315815478082e-01 3.360164504740159042e-01
1.191449328051129714e-01 2.703470897530450556e-01 3.334673827607648744e-01
1.186993869842257049e-01 2.668341150274845530e-01 3.309143500602781951e-01
1.182411301035023454e-01 2.633222329109126680e-01 3.283605391847264632e-01
1.177212144154440587e-01 2.598150596814559066e-01 3.258039116860880213e-01
1.171898804297311497e-01 2.563087584681315589e-01 3.232467625905816599e-01
1.165987906650035599e-01 2.528064591941651673e-01 3.206876993358122596e-01
1.159972847553101261e-01 2.493048575059584326e-01 3.181283024202538612e-01
1.153379942553040965e-01 2.458064606302277355e-01 3.155678697721425174e-01
1.146692480950650822e-01 2.423085881783567930e-01 3.130072676405225018e-01
1.139447503535585965e-01 2.388130280685730744e-01 3.104464802972064508e-01
1.132117140815877276e-01 2.353178221012711679e-01 3.078856645881351550e-01
1.124250153372303440e-01 2.318239346417588775e-01 3.053254824903401388e-01
1.116306505253891607e-01 2.283302355405022466e-01 3.027653909084417894e-01
1.107847631176059056e-01 2.248367526846089537e-01 3.002067164723034587e-01
1.099320364271754863e-01 2.213432985338524006e-01 2.976482301528589058e-01
1.090299726673820413e-01 2.178488415869257455e-01 2.950919059884843376e-01
1.081218499692457174e-01 2.143542614895920517e-01 2.925358473519251712e-01
1.071666163600049765e-01 2.108573328236726940e-01 2.899826546553628814e-01
1.062060571695089550e-01 2.073601386673914748e-01 2.874297859346262585e-01
1.052006488815334651e-01 2.038591114805105020e-01 2.848804437718596150e-01
1.041906010317497494e-01 2.003576877732226869e-01 2.823314664254346074e-01
1.031379966247912144e-01 1.968507933916843200e-01 2.797866321632533348e-01
1.020813911739957280e-01 1.933433846732506289e-01 2.772421874218128912e-01
1.009845476249496971e-01 1.898286967450909524e-01 2.747024586048124051e-01
9.988429406757734497e-02 1.863133919347511047e-01 2.721631294424254888e-01
9.874614225015196367e-02 1.827888066630172226e-01 2.696290474720791641e-01
9.760512417776461003e-02 1.792635195076484611e-01 2.670953623481897576e-01
9.642856502604006674e-02 1.757267308032788022e-01 2.645674183949116021e-01
9.524963646902638581e-02 1.721891753289757354e-01 2.620398571863408188e-01
9.403753815652497738e-02 1.686376433953208076e-01 2.595185008671939686e-01
9.282352093254907233e-02 1.650853029061661870e-01 2.569975035085922954e-01
9.157871751534842064e-02 1.615162142561764880e-01 2.544831550038746948e-01
9.033240002307105221e-02 1.579463019261455325e-01 2.519691334919709202e-01
8.905769213891370772e-02 1.543565181113510931e-01 2.494621999705373405e-01
8.778183017378562991e-02 1.507659265126231884e-01 2.469555545787976703e-01
8.647998857237815251e-02 1.471519178053420362e-01 2.444564520795043105e-01
8.517730891818749150e-02 1.435371537074624226e-01 2.419575928993221436e-01
8.385108184018968958e-02 1.398949124584412118e-01 2.394667752106142689e-01
8.252428962402050261e-02 1.362520117577926126e-01 2.369761505177017946e-01
8.117641537648405403e-02 1.325769378830243261e-01 2.344941471628382013e-01
7.982820649352906361e-02 1.289013533229525776e-01 2.320122806546102701e-01
7.846143303084368581e-02 1.251881009129481859e-01 2.295397469072133489e-01
7.709451339036516027e-02 1.214745519057002510e-01 2.270672866461221906e-01
