1.963029578323448598e-01 7.849988340822811050e-02 8.984478161292844267e-02
2.009159742540841953e-01 8.041999217227888130e-02 9.164461292058201369e-02
2.055314219285752086e-01 8.232312819445561369e-02 9.341062477165099076e-02
2.101494819724795127e-01 8.420974511536288842e-02 9.514271276319444248e-02
2.147703146004615871e-01 8.608029071465622684e-02 9.684075148997917104e-02
2.193940596494641793e-01 8.793520838506022064e-02 9.850459560886698496e-02
2.240208370152629858e-01 8.977493854885770785e-02 1.001340808511835823e-01
2.286507470089898519e-01 9.159992002436795344e-02 1.017290249920566048e-01
2.332838706405244156e-01 9.341059134892309990e-02 1.032892287849242197e-01
2.379202698349722755e-01 9.520739206393219467e-02 1.048144768687203632e-01
2.425599875878966527e-01 9.699076396679037759e-02 1.063045386546428717e-01
2.472030480644848982e-01 9.876115233362403600e-02 1.077591691988798173e-01
2.518494566474528962e-01 1.005190071161475851e-01 1.091781100671989635e-01
2.564991999381598387e-01 1.022647841152402870e-01 1.105610901968840931e-01
2.611522457151637111e-01 1.039989461332085641e-01 1.119078267611225697e-01
2.658085428542374395e-01 1.057219641060864745e-01 1.132180260405957484e-01
2.704680212137234308e-01 1.074343182167349642e-01 1.144913843067020542e-01
2.751305914890014859e-01 1.091364989889140602e-01 1.157275887205306275e-01
2.797962459907457067e-01 1.108289203126484879e-01 1.169261968497567195e-01
2.844653020023952816e-01 1.125117060278987002e-01 1.180863274010441888e-01
2.891371011915070399e-01 1.141858276228796265e-01 1.192082443943343617e-01
2.938114743118891425e-01 1.158518285482323384e-01 1.202916057476552947e-01
2.984882316559799298e-01 1.175102679985603471e-01 1.213360653308489800e-01
3.031671627965811244e-01 1.191617218735434303e-01 1.223412740575520186e-01
3.078480363251684393e-01 1.208067837041342518e-01 1.233068810146790151e-01
3.125305995909930523e-01 1.224460655392413944e-01 1.242325346309639533e-01
3.172151821678639849e-01 1.240796602062784193e-01 1.251170340771748934e-01
3.219012096060067663e-01 1.257084645443957982e-01 1.259603773685350758e-01
3.265880612251108039e-01 1.273334206311766137e-01 1.267626314276838195e-01
3.312753935373263237e-01 1.289552257546191794e-01 1.275234547697447485e-01
3.359628404269054402e-01 1.305745996568078715e-01 1.282425121831809178e-01
3.406501307872550899e-01 1.321921788668186937e-01 1.289192919410418747e-01
3.453376911422466611e-01 1.338079720079016488e-01 1.295521232728319705e-01
3.500241367371767498e-01 1.354236242058238782e-01 1.301421481551057469e-01
3.547090050781040449e-01 1.370399540238045888e-01 1.306890742645594461e-01
3.593918105131924667e-01 1.386578043119876258e-01 1.311926237963538244e-01
3.640726599718316359e-01 1.402774835903296546e-01 1.316514573341663608e-01
3.687509369467277254e-01 1.418999589338635903e-01 1.320654061566573778e-01
3.734255395867105976e-01 1.435266423533925195e-01 1.324351789792725109e-01
3.780958857426827135e-01 1.451584778051396296e-01 1.327605791711095051e-01
3.827620286598532595e-01 1.467958346263879554e-01 1.330401660686469367e-01
3.874231775385492127e-01 1.484398518020342284e-01 1.332740215632659542e-01
3.920781557222979830e-01 1.500920210997903903e-01 1.334630205743218001e-01
3.967262910814360888e-01 1.517533770664464265e-01 1.336070806384160037e-01
4.013680208107986980e-01 1.534239497574777789e-01 1.337037357490835909e-01
4.060014540139111894e-01 1.551058811443705165e-01 1.337553642506685847e-01
4.106258571448356265e-01 1.568002611937244495e-01 1.337619967986923286e-01
4.152412617500857994e-01 1.585074883714949201e-01 1.337218842712306344e-01
4.198463448849767410e-01 1.602291821627907231e-01 1.336363105760533798e-01
4.244400396042610213e-01 1.619667236537701005e-01 1.335060801900760374e-01
4.290222165511957120e-01 1.637206481230897293e-01 1.333297062833348479e-01
4.335916326694589928e-01 1.654924827476778881e-01 1.331084291433160538e-01
4.381471799199722073e-01 1.672836207257377417e-01 1.328432785496049540e-01
4.426887109411934973e-01 1.690945943632464199e-01 1.325327217079737552e-01
4.472147974950845817e-01 1.709270577104268496e-01 1.321787162934370263e-01
4.517245368607433753e-01 1.727821820905255656e-01 1.317819108873435341e-01
4.562176280813121099e-01 1.746606017171701830e-01 1.313411635931456545e-01
4.606925896325790304e-01 1.765639576501365215e-01 1.308589577585749508e-01
4.651488502783961976e-01 1.784930808094555843e-01 1.303350966915794718e-01
4.695856015852843401e-01 1.804489870844003530e-01 1.297701625918793178e-01
4.740017581538745195e-01 1.824328991130762523e-01 1.291658244507468689e-01
4.783968558949658889e-01 1.844454930533032111e-01 1.285216655413512210e-01
4.827698120191396547e-01 1.864879314320924963e-01 1.278396250766905828e-01
4.871199422263004508e-01 1.885610153163978231e-01 1.271203318690929951e-01
4.914465534500607746e-01 1.906655237757105270e-01 1.263645524097657402e-01
4.957488226950962917e-01 1.928023041488958755e-01 1.255737787710444475e-01
5.000261690493578159e-01 1.949719785491409729e-01 1.247486313117512347e-01
5.042778790610564776e-01 1.971752353518189116e-01 1.238905148936472189e-01
5.085033616510962196e-01 1.994126313151198815e-01 1.230004789342820370e-01
5.127020402716440106e-01 2.016846739301615954e-01 1.220797199967445512e-01
5.168734275360071795e-01 2.039917685669158653e-01 1.211291757995596463e-01
5.210169469044786394e-01 2.063343396698223975e-01 1.201505886739581697e-01
5.251322615077463896e-01 2.087126106915156987e-01 1.191445149341462950e-01
5.292189259161710346e-01 2.111268367317465922e-01 1.181124629632238354e-01
5.332765714313369987e-01 2.135771800324208214e-01 1.170557901917907984e-01
5.373049989544433913e-01 2.160636697262104944e-01 1.159748133541321224e-01
5.413037697779724544e-01 2.185864165265274939e-01 1.148722482557364422e-01
5.452728359653095103e-01 2.211452949071867069e-01 1.137477597663038575e-01
5.492119786417946070e-01 2.237402273361389637e-01 1.126028461286349147e-01
5.531209962344818543e-01 2.263710724831976551e-01 1.114395115319111451e-01
5.569999327029558911e-01 2.290375826067185261e-01 1.102571177935195434e-01
5.608486183872416486e-01 2.317395160941643217e-01 1.090583664136802189e-01
5.646670928436506864e-01 2.344765506145587985e-01 1.078435652747770646e-01
5.684554222565416648e-01 2.372483565099707814e-01 1.066125275022905272e-01
5.722135541641237833e-01 2.400544946425301474e-01 1.053688632457805141e-01
5.759416588113354107e-01 2.428945816626685850e-01 1.041112900462359547e-01
5.796398405933956832e-01 2.457682056647320645e-01 1.028400563116748656e-01
5.833081983100613099e-01 2.486747414084473640e-01 1.015592228668905639e-01
5.869469309078476638e-01 2.516138133064793059e-01 1.002666944749881772e-01
5.905561966067864876e-01 2.545849451080668402e-01 9.896282282373503048e-02
5.941362336131666977e-01 2.575873990384222045e-01 9.765131931753928685e-02
5.976872432777315947e-01 2.606207609840768824e-01 9.633075583390909857e-02
6.012094218131558421e-01 2.636845552606241760e-01 9.500091857835160636e-02
6.047030624791496223e-01 2.667780860610589055e-01 9.366403351232352459e-02
6.081684774501159296e-01 2.699006925452136496e-01 9.232151243377684224e-02
6.116058253790268573e-01 2.730520338452537832e-01 9.097157013274756454e-02
6.150153604964478937e-01 2.762315593120563406e-01 8.961474992910870019e-02
6.183975464731408245e-01 2.794383902592736946e-01 8.825436403215636272e-02
6.217525941039041548e-01 2.826721128813005079e-01 8.688949547148697161e-02
6.250806954810748106e-01 2.859323257563144982e-01 8.551939893148577387e-02
6.283821299211156397e-01 2.892184905458877187e-01 8.414458197065194378e-02
6.316573619472501955e-01 2.925298206816568380e-01 8.276740797430620633e-02
6.349067342778025314e-01 2.958657353838603510e-01 8.138861531481783596e-02
6.381303451731691334e-01 2.992259921513156784e-01 8.000665864442149666e-02
6.413284818062437997e-01 3.026100858118387915e-01 7.862204861388655264e-02
6.445014318421126154e-01 3.060175207990022961e-01 7.723530544034773460e-02
6.476497064871510334e-01 3.094475347589852876e-01 7.584874915791167682e-02
6.507736219719083559e-01 3.128996337656677063e-01 7.446295040244127472e-02
6.538732427073840059e-01 3.163736338115517022e-01 7.307665224222772982e-02
6.569488492467862040e-01 3.198690866506898045e-01 7.169043642938971450e-02
6.600007198054447244e-01 3.233855558869632718e-01 7.030491013415801627e-02
6.630291298593642413e-01 3.269226171910019074e-01 6.892070949076106734e-02
6.660344029062602589e-01 3.304798014819521623e-01 6.753883933404175588e-02
6.690171698081012197e-01 3.340563141764464339e-01 6.616229975166354471e-02
6.719772950759966834e-01 3.376522208718162332e-01 6.478914578848837813e-02
6.749150367829689356e-01 3.412671494550255646e-01 6.342016172620862369e-02
6.778306488104876015e-01 3.449007400490134989e-01 6.205618093717563816e-02
6.807243806605465242e-01 3.485526449349738987e-01 6.069809038009115615e-02
6.835964772938790679e-01 3.522225284432405901e-01 5.934683525502835316e-02
6.864471789925049583e-01 3.559100668164738024e-01 5.800342380801121883e-02
6.892767212448386305e-01 3.596149480486143246e-01 5.666893226990270954e-02
6.920853346516816496e-01 3.633368717027965489e-01 5.534450990765710926e-02
6.948732448514434168e-01 3.670755487112102866e-01 5.403138415789792565e-02
6.976408165982667109e-01 3.708305617760599415e-01 5.273164136810083030e-02
7.003882517611450531e-01 3.746016616123697407e-01 5.144658089328902478e-02
7.031156101410618309e-01 3.783887383698851248e-01 5.017688244887038435e-02
7.058230944974301924e-01 3.821915477824882057e-01 4.892413059246409485e-02
7.085109025565783369e-01 3.860098556592861385e-01 4.769001304001486280e-02
7.111792270235928193e-01 3.898434376288596459e-01 4.647632501295275581e-02
7.138282556035348003e-01 3.936920788805800542e-01 4.528497309215096661e-02
7.164581710309744222e-01 3.975555739043714065e-01 4.411797842025821231e-02
7.190691511069008390e-01 4.014337262301109766e-01 4.297747907050448318e-02
7.216613687420911916e-01 4.053263481677490399e-01 4.186573137638145009e-02
7.242349920061018631e-01 4.092332605491055264e-01 4.078510999380110386e-02
7.267901841810960883e-01 4.131542924721763321e-01 3.972975536030206450e-02
7.293271038197783884e-01 4.170892810486880320e-01 3.872001831635894092e-02
7.318459048067476047e-01 4.210380711555427036e-01 3.776344587792279661e-02
7.343467364226522465e-01 4.250005151906946499e-01 3.686101324570854182e-02
7.368297434105628430e-01 4.289764728339363065e-01 3.601371502898902816e-02
7.392950660440090749e-01 4.329658108129941230e-01 3.522256537890786077e-02
7.417428401962127271e-01 4.369684026752518324e-01 3.448859807860651938e-02
7.441731974100255220e-01 4.409841285653898768e-01 3.381286659224740782e-02
7.465866292035528984e-01 4.450125822358197980e-01 3.319796138784072981e-02
7.489830206325422957e-01 4.490538536405785375e-01 3.264391685642757668e-02
7.513624228353806833e-01 4.531078974856408981e-01 3.215154764765641715e-02
7.537249521290473320e-01 4.571746181178453772e-01 3.172198213588470900e-02
7.560707207981359756e-01 4.612539255081468670e-01 3.135636807409727944e-02
7.583998371635918279e-01 4.653457350646496571e-01 3.105587243926188901e-02
7.607124056498882902e-01 4.694499674523086585e-01 3.082168124750353164e-02
7.630085268504358531e-01 4.735665484192805308e-01 3.065499934030203183e-02
7.652882975909909291e-01 4.776954086298665358e-01 3.055705014284565077e-02
7.675518109908819886e-01 4.818364835039821714e-01 3.052907539559154490e-02
7.697991565219034493e-01 4.859897130630563278e-01 3.057233485998465949e-02
7.720304200646882498e-01 4.901550417822764794e-01 3.068810599923435870e-02
7.742465500787419908e-01 4.943317881911520328e-01 3.088061032135940021e-02
7.764470442234568948e-01 4.985203397511536738e-01 3.114908811782604592e-02
7.786317664154634999e-01 5.027208095957502731e-01 3.149413489753941087e-02
7.808007896060135122e-01 5.069331589624015422e-01 3.191709198713271051e-02
7.829541833701986198e-01 5.111573529086528289e-01 3.241931653507525851e-02
7.850920139479335980e-01 5.153933601978843981e-01 3.300218106261606360e-02
7.872143442816983416e-01 5.196411531905537062e-01 3.366707299448983004e-02
7.893212648358649552e-01 5.239006865250530609e-01 3.441548760127913914e-02
7.914143377730521456e-01 5.281709101027046716e-01 3.525333994406561200e-02
7.934921602355652359e-01 5.324528185930386126e-01 3.617756864436672687e-02
7.955547830493642225e-01 5.367463981677828011e-01 3.718961277809455790e-02
7.976022538689796493e-01 5.410516381316101686e-01 3.829092378664888247e-02
7.996346171966161043e-01 5.453685308417324240e-01 3.948296490088122612e-02
8.016519143976738038e-01 5.496970716319748984e-01 4.076114438307789495e-02
8.036555157987465003e-01 5.540363875160981832e-01 4.210023500353150122e-02
8.056448269820042363e-01 5.583869073843631403e-01 4.350526441693593899e-02
8.076192637446235612e-01 5.627490419802491095e-01 4.497201665572059942e-02
8.095788556677907533e-01 5.671227983070324941e-01 4.649796776848729579e-02
8.115236292191411183e-01 5.715081860212343212e-01 4.808062151080941954e-02
8.134539200901219624e-01 5.759050203784554789e-01 4.971821830963334826e-02
8.153714887679138767e-01 5.803122306113073225e-01 5.141201921218997023e-02
8.172743901232882857e-01 5.847310814357508102e-01 5.315517463867659026e-02
8.191626387437028756e-01 5.891615930625339059e-01 5.494542526411775457e-02
8.210362460511848592e-01 5.936037881136829730e-01 5.678059273880740193e-02
8.228955333022826002e-01 5.980575010404369785e-01 5.865916563980947546e-02
8.247425973882825945e-01 6.025214986947380336e-01 6.058282991733585782e-02
8.265751294640661939e-01 6.069972280251877406e-01 6.254521670475687856e-02
8.283931287084702610e-01 6.114847213669122317e-01 6.454449986774840609e-02
8.301965910061142040e-01 6.159840132926103218e-01 6.657894145288253962e-02
8.319869599553310069e-01 6.204942874938769171e-01 6.864914920078082905e-02
8.337644149696465945e-01 6.250154894166316533e-01 7.075360796853508161e-02
8.355273986274837084e-01 6.295485745554915136e-01 7.288834675956329390e-02
8.372758939352887841e-01 6.340935865836646590e-01 7.505196322185483937e-02
8.390103306685762208e-01 6.386503137184786905e-01 7.724374021460858608e-02
8.407331706564569185e-01 6.432173966488572425e-01 7.946561554997189081e-02
8.424415513924552457e-01 6.477965188900465243e-01 8.171243188817886582e-02
8.441354423110554173e-01 6.523877328548514098e-01 8.398307285992917537e-02
8.458148926021440417e-01 6.569910465335575545e-01 8.627658189894915619e-02
8.474833915197053091e-01 6.616045663885260497e-01 8.859599149268784779e-02
8.491373909717140345e-01 6.662303172018635422e-01 9.093607281718144031e-02
8.507768459605119515e-01 6.708683598628745193e-01 9.329593979778394441e-02
8.524021114066033800e-01 6.755185382889983270e-01 9.567517373726777685e-02
8.540163424312890994e-01 6.801791937606775917e-01 9.807617258840981012e-02
8.556159779283042388e-01 6.848523063822850032e-01 1.004944292955499696e-01
8.572009574406941335e-01 6.895379453386065727e-01 1.029292372383029952e-01
8.587726802474540122e-01 6.942354086454137763e-01 1.053812700993008167e-01
8.603325010314424315e-01 6.989440375504392122e-01 1.078510401019798781e-01
8.618775702659895455e-01 7.036653836045954069e-01 1.103353202134279010e-01
8.634078108392619910e-01 7.083995241755038919e-01 1.128335409686382906e-01
8.649264574755536339e-01 7.131448321315128069e-01 1.153478664234702522e-01
8.664314933702939037e-01 7.179024086398032578e-01 1.178760204977786497e-01
8.679215570397476043e-01 7.226729955918571591e-01 1.204164480395837067e-01
8.693976183578504546e-01 7.274561409754645158e-01 1.229694823412563476e-01
8.708623971485595083e-01 7.322505284410308901e-01 1.255366726872250427e-01
8.723120224045273208e-01 7.370581610144295581e-01 1.281146928018743747e-01
8.737463848195192728e-01 7.418791302925495934e-01 1.307031388995420484e-01
8.751696563450632738e-01 7.467114210175814781e-01 1.333045163187265569e-01
8.765784724632582625e-01 7.515567548774423345e-01 1.359160994083689622e-01
8.779717893850523813e-01 7.564156847756774438e-01 1.385368976661708051e-01
8.793523304356436476e-01 7.612869330953040414e-01 1.411683572365924066e-01
8.807198507002300669e-01 7.661706798613509006e-01 1.438099546776870907e-01
8.820715920597047566e-01 7.710683004552493225e-01 1.464596962791399060e-01
8.834091430522699184e-01 7.759790789035114766e-01 1.491182912884531364e-01
8.847347575975299527e-01 7.809020057287522354e-01 1.517867509404209891e-01
8.860442675339880170e-01 7.858391025395050633e-01 1.544623982996272127e-01
8.873384604350348370e-01 7.907900390123839829e-01 1.571454798863183289e-01
8.886214286919624783e-01 7.957529682003989802e-01 1.598379773996593811e-01
8.898879178295344694e-01 8.007303818324665867e-01 1.625368002034090764e-01
8.911382688783988648e-01 8.057221591967166363e-01 1.652419681267393026e-01
8.923777116053417391e-01 8.107259678499353361e-01 1.679559511488492585e-01
8.936002489023112672e-01 8.157445936572165213e-01 1.706754744058125162e-01
8.948061511172644700e-01 8.207779493096482026e-01 1.734005375107675329e-01
8.960010419856151431e-01 8.258235690035620191e-01 1.761336803462279776e-01
8.971785461243563242e-01 8.308843567799607532e-01 1.788716421503630249e-01
8.983392615742588072e-01 8.359600821573246465e-01 1.816145866165450873e-01
8.994884182708072773e-01 8.410484986380273309e-01 1.843647533205640676e-01
9.006196485463573431e-01 8.461524523305815615e-01 1.871190704401844151e-01
9.017343003621987041e-01 8.512713923722226017e-01 1.898780342560315304e-01
9.028363751593828646e-01 8.564036452768503116e-01 1.926432485071890299e-01
9.039199218137546898e-01 8.615518227217550118e-01 1.954119882588044588e-01
9.049874859051212361e-01 8.667148752889792807e-01 1.981852406595733251e-01
9.060409556387014618e-01 8.718920578906235175e-01 2.009636610681187485e-01
9.070752295758734984e-01 8.770855705743821895e-01 2.037450182250939990e-01
9.080945260072320613e-01 8.822936858320490350e-01 2.065309430784994515e-01
9.090976813879351193e-01 8.875169448124758942e-01 2.093208428427995038e-01
9.100809031909370406e-01 8.927569576620977276e-01 2.121131205683173260e-01
9.110505871613702178e-01 8.980111374292530924e-01 2.149102028919151475e-01
9.120015213325276537e-01 9.032816726842998190e-01 2.177099529251129706e-01
9.129323972824213707e-01 9.085691264971418324e-01 2.205118077797765253e-01
9.138502618466353145e-01 9.138707009693834982e-01 2.233183618702659912e-01
9.147468580836657370e-01 9.191897654532266149e-01 2.261264166889897509e-01
9.156254022519699776e-01 9.245250665051653050e-01 2.289371215194703768e-01
9.164875335182000038e-01 9.298760038253817140e-01 2.317510057063015827e-01
9.173274519476032340e-01 9.352449034409546780e-01 2.345658915101174191e-01
9.181518300457539583e-01 9.406291884835059625e-01 2.373841457605446736e-01
9.189557389401459275e-01 9.460308289673325932e-01 2.402039332929538085e-01
9.197377130662072187e-01 9.514504191958300661e-01 2.430247000995571227e-01
9.205045771074041872e-01 9.568853774675397661e-01 2.458488107626533026e-01
9.212475274535320002e-01 9.623391141916110003e-01 2.486731305242719792e-01
9.219717295023828196e-01 9.678096935061563100e-01 2.514994359017869163e-01
9.226758247572061089e-01 9.732976726437368997e-01 2.543272192240692564e-01
9.233548167055003475e-01 9.788049514940307949e-01 2.571547476337246452e-01
