1.700371011461079274e-01 7.747644934668321270e-02 4.385686377271009184e-01
1.711561668600373731e-01 7.959656712879811802e-02 4.468505920869428327e-01
1.721603760767106694e-01 8.178969417157885835e-02 4.551118662882163712e-01
1.730406189100532344e-01 8.406812838813493283e-02 4.633388539026359054e-01
1.737862571692563307e-01 8.644398449316936794e-02 4.715191181344247640e-01
1.743863599242218843e-01 8.893142915475887866e-02 4.796352389416653206e-01
1.748298117680986696e-01 9.154608890360060869e-02 4.876653863438315528e-01
1.751040743600955074e-01 9.430321192522359008e-02 4.955879502393119584e-01
1.751958055069165465e-01 9.721837293483023834e-02 5.033788898289386360e-01
1.750901538934775681e-01 1.003067267114657324e-01 5.110134968978700121e-01
1.747732124119344976e-01 1.035840466234574098e-01 5.184606693575608549e-01
1.742307504480662406e-01 1.070647589695603585e-01 5.256877656540991373e-01
1.734484303269305250e-01 1.107614029667154942e-01 5.326609222677870514e-01
1.724126697594408619e-01 1.146840985515491518e-01 5.393447272514384494e-01
1.711112700717878632e-01 1.188397187690307666e-01 5.457030681378900461e-01
1.695341251391291881e-01 1.232310693580928040e-01 5.517002804871520283e-01
1.676739606697092155e-01 1.278561704438673508e-01 5.573025661177436474e-01
1.655270306375059564e-01 1.327077511442406044e-01 5.624795947285390341e-01
1.630936817663864169e-01 1.377730647386283536e-01 5.672061454615029419e-01
1.603786953131202953e-01 1.430341036108167818e-01 5.714636016554285325e-01
1.573913332607634330e-01 1.484682400205376840e-01 5.752410995063091947e-01
1.541450536160577367e-01 1.540492504330873424e-01 5.785361608907318987e-01
1.506569102057686849e-01 1.597486145927194123e-01 5.813547114113011283e-01
1.469467039462483970e-01 1.655369344077136373e-01 5.837104816002024466e-01
1.430359912677005574e-01 1.713853049248059146e-01 5.856238869726723140e-01
1.389470712707980560e-01 1.772664921092972634e-01 5.871205555764273942e-01
1.347079598860999594e-01 1.831535428860632253e-01 5.882312233016415703e-01
1.303385892957099890e-01 1.890254821082412717e-01 5.889875554799888224e-01
1.258581420773291493e-01 1.948644648167328908e-01 5.894216243596078764e-01
1.212849377647655658e-01 2.006556776988990265e-01 5.895650835802828116e-01
1.166484857931218977e-01 2.063828651895395772e-01 5.894535027995374543e-01
1.119611135996689821e-01 2.120384474152678944e-01 5.891150932632742698e-01
1.072295208699226288e-01 2.176185441007140176e-01 5.885734527155043194e-01
1.024953522254811733e-01 2.231094766421508613e-01 5.878662978138432527e-01
9.774393558251640024e-02 2.285175898246165072e-01 5.870037402647589886e-01
9.301545335673783166e-02 2.338329940927770800e-01 5.860196081474318142e-01
8.829830937426197401e-02 2.390627467458560362e-01 5.849206578960237657e-01
8.363726714816951957e-02 2.441984359372034730e-01 5.837396133819807709e-01
7.901632838919095403e-02 2.492495907856988047e-01 5.824765554153465974e-01
7.447283838936719080e-02 2.542119159151299823e-01 5.811566227887356995e-01
7.001526663818458118e-02 2.590895766996075267e-01 5.797881548696337539e-01
6.565108031993993620e-02 2.638872278211981115e-01 5.783768467087929688e-01
6.141742449154912603e-02 2.686033249405605505e-01 5.769416285842223768e-01
5.732978494317244461e-02 2.732420307877136412e-01 5.754880825583936765e-01
5.340229819353608381e-02 2.778080680239920497e-01 5.740189884916516716e-01
4.966192751814964973e-02 2.823039306445733754e-01 5.725416066748129085e-01
4.614851680612139934e-02 2.867303090614822247e-01 5.710676420629630101e-01
4.289099936425242593e-02 2.910905101507714199e-01 5.696013133554058694e-01
3.990649710924949051e-02 2.953888551347831348e-01 5.681428376525364810e-01
3.727185455753530274e-02 2.996279124084108569e-01 5.666965358198634561e-01
3.506712981142906527e-02 3.038102208272803195e-01 5.652661786652012355e-01
3.328562812656451347e-02 3.079382753823183827e-01 5.638550423591031091e-01
3.192031511807366662e-02 3.120145161215313601e-01 5.624659594184390210e-01
3.096473208091635523e-02 3.160411755867242323e-01 5.611018779008403179e-01
3.041469965762570726e-02 3.200199766076367580e-01 5.597670676910496690e-01
3.025703574800151646e-02 3.239541215281748210e-01 5.584598806532649062e-01
3.048428882772123011e-02 3.278457385695894843e-01 5.571818377137730538e-01
3.108896111914605936e-02 3.316968806827311766e-01 5.559342133329743252e-01
3.206354099542440411e-02 3.355095251850073734e-01 5.547180629491587078e-01
3.340052872062977685e-02 3.392855741911791623e-01 5.535342476163623848e-01
3.509245646501226584e-02 3.430268556729123564e-01 5.523834560673305250e-01
3.713190343373285601e-02 3.467351250084825254e-01 5.512662244228726527e-01
3.951150685369611559e-02 3.504120669067928295e-01 5.501829537572104911e-01
4.217234576466959844e-02 3.540592976092970523e-01 5.491339257160706699e-01
4.502665075678068812e-02 3.576783672900106792e-01 5.481193163708811822e-01
4.805306207251541090e-02 3.612707625878378570e-01 5.471392084788730958e-01
5.122516766032086249e-02 3.648375923986648117e-01 5.461951946843521810e-01
5.451793212107381575e-02 3.683803156355205388e-01 5.452868417084302255e-01
5.790905474869224162e-02 3.719004589265718086e-01 5.444129606221619344e-01
6.137991149147425246e-02 3.753992880739329685e-01 5.435733220783974806e-01
6.491442343706665952e-02 3.788780174527009992e-01 5.427676475561755698e-01
6.849876425933651425e-02 3.823378126005447797e-01 5.419956149338592821e-01
7.212107555044233731e-02 3.857797927190835807e-01 5.412568632964499526e-01
7.577120218419758357e-02 3.892050330768866973e-01 5.405509970612485393e-01
7.944045360032003789e-02 3.926145673067523156e-01 5.398775894978613543e-01
8.312139288245790070e-02 3.960093895922399132e-01 5.392361857111145351e-01
8.680870716723670943e-02 3.993899230887681950e-01 5.386295861666154927e-01
9.049603134902434176e-02 4.027574764260747897e-01 5.380550326712311149e-01
9.417833674868847371e-02 4.061131198949911036e-01 5.375108807633101060e-01
9.785163550147793488e-02 4.094577099856725466e-01 5.369965644216638800e-01
1.015125003388619718e-01 4.127920726790201278e-01 5.365114997580985312e-01
1.051579819718804210e-01 4.161170049939258431e-01 5.360550858042801847e-01
1.087857435729914779e-01 4.194331314170470226e-01 5.356276816656486695e-01
1.123940692080697690e-01 4.227408215264472080e-01 5.352312407460153576e-01
1.159802596924675300e-01 4.260413563118901070e-01 5.348613558597578033e-01
1.195427047450374203e-01 4.293354293336259508e-01 5.345173493414456800e-01
1.230800147130520494e-01 4.326237112480573743e-01 5.341985288445498803e-01
1.265909913946677567e-01 4.359068507499002654e-01 5.339041871821436080e-01
1.300751064582420513e-01 4.391850366573278874e-01 5.336367586365864391e-01
1.335311145720047554e-01 4.424591736666476094e-01 5.333934278054985878e-01
1.369580560061398333e-01 4.457300350939476519e-01 5.331721006856564582e-01
1.403553028170518580e-01 4.489981882605382224e-01 5.329720009022012039e-01
1.437223281068019387e-01 4.522641819857231016e-01 5.327923365205678996e-01
1.470591633613666238e-01 4.555281253466862412e-01 5.326354418547000202e-01
1.503650990460438097e-01 4.587908611945307746e-01 5.324980699687291708e-01
1.536397163254400178e-01 4.620530212126952585e-01 5.323783602786407165e-01
1.568828177681365621e-01 4.653150831120911879e-01 5.322754508489361269e-01
1.600943691355466714e-01 4.685774245787268089e-01 5.321890931769232003e-01
1.632746773513837901e-01 4.718401794605971422e-01 5.321207520841171323e-01
1.664232359272684869e-01 4.751042133839053494e-01 5.320662010073772263e-01
1.695400982218548958e-01 4.783699369185425154e-01 5.320245077085775653e-01
1.726253746492350805e-01 4.816377442273644394e-01 5.319947233752233551e-01
1.756796831683644089e-01 4.849076690147016699e-01 5.319785052290886274e-01
1.787028760323258469e-01 4.881803756406276062e-01 5.319725604942407982e-01
1.816951209319387917e-01 4.914562944265668532e-01 5.319752346977644208e-01
1.846567514187756609e-01 4.947357532106066436e-01 5.319855122062858710e-01
1.875884911272189537e-01 4.980188350279535769e-01 5.320040974334866446e-01
1.904906240789236982e-01 5.013059616016197761e-01 5.320289695247792938e-01
1.933634432905405875e-01 5.045975570488179240e-01 5.320579490851224946e-01
1.962075099091747932e-01 5.078938814844394800e-01 5.320899618695442701e-01
1.990237199151103087e-01 5.111950080611040725e-01 5.321252048751915487e-01
2.018126511615893071e-01 5.145012374786875897e-01 5.321620038845656930e-01
2.045748177368616472e-01 5.178129203231951472e-01 5.321981679119291986e-01
2.073110225362174153e-01 5.211302467236555991e-01 5.322325777319850681e-01
2.100223746136489211e-01 5.244532518577970093e-01 5.322651366615230861e-01
2.127096705074637550e-01 5.277821733873462318e-01 5.322940784173063600e-01
2.153737217584918984e-01 5.311172522841968169e-01 5.323174730216804207e-01
2.180155880311964167e-01 5.344586064918726009e-01 5.323341750849229781e-01
2.206365960368279477e-01 5.378062296998157299e-01 5.323438306622189087e-01
2.232377515015132041e-01 5.411603064154372200e-01 5.323445144693111919e-01
2.258202062286476242e-01 5.445209565719328904e-01 5.323346482413352510e-01
2.283852863836983160e-01 5.478882245879063140e-01 5.323130832890958786e-01
2.309345008772460406e-01 5.512620782549588760e-01 5.322791119935272874e-01
2.334691200758307050e-01 5.546426229833074650e-01 5.322308589607314122e-01
2.359906349661674008e-01 5.580298659781597337e-01 5.321670539665884769e-01
2.385006385358016123e-01 5.614237782082101003e-01 5.320865700872404735e-01
2.410007540783555835e-01 5.648243301198959676e-01 5.319881566723229094e-01
2.434926197948665827e-01 5.682314985974469268e-01 5.318703865528473518e-01
2.459780209948986274e-01 5.716452010221639846e-01 5.317321605173186416e-01
2.484587842012241921e-01 5.750653475283156180e-01 5.315723142050150507e-01
2.509366332804048305e-01 5.784919121297783517e-01 5.313890662817263300e-01
2.534136215382890023e-01 5.819247175576932607e-01 5.311816842022456520e-01
2.558917749506809947e-01 5.853636113369301563e-01 5.309491344462430318e-01
2.583730801010885592e-01 5.888084719718087445e-01 5.306900256747866251e-01
2.608594504158027183e-01 5.922592277891574053e-01 5.304024431257247096e-01
2.633532732630277096e-01 5.957155757390572015e-01 5.300862071180652002e-01
2.658567832347206727e-01 5.991772977030110914e-01 5.297403680418067973e-01
2.683720739194030980e-01 6.026442596124996776e-01 5.293631750038102490e-01
2.709012947022909068e-01 6.061163120019289474e-01 5.289528638777595271e-01
2.734470788767784377e-01 6.095930495655702552e-01 5.285097102045657191e-01
2.760118291540952229e-01 6.130741929645043831e-01 5.280328637926043900e-01
2.785977366864225702e-01 6.165595936362535667e-01 5.275202246056353017e-01
2.812071521411748098e-01 6.200490281616031218e-01 5.269701829293815809e-01
2.838428831384865458e-01 6.235419971717658383e-01 5.263834980579862322e-01
2.865074547479055656e-01 6.270381641002574780e-01 5.257594300260346465e-01
2.892031924674487997e-01 6.305373340306065222e-01 5.250957952870355383e-01
2.919325334806818217e-01 6.340392644413835876e-01 5.243906500653302549e-01
2.946984117258488745e-01 6.375433460261354934e-01 5.236454943036824572e-01
2.975034281515391288e-01 6.410491875648945959e-01 5.228597055603174670e-01
3.003500905277424748e-01 6.445564816636899508e-01 5.220316820363377630e-01
3.032407995473344609e-01 6.480650791874678074e-01 5.211578944191670448e-01
3.061785663990652107e-01 6.515742159483079998e-01 5.202412012593740087e-01
3.091660255747631925e-01 6.550834462275260117e-01 5.192811040596029271e-01
3.122058066028332579e-01 6.585923117520734449e-01 5.182771377458288420e-01
3.153004046034797447e-01 6.621007445002049518e-01 5.172239029212927219e-01
3.184526993309896303e-01 6.656079269878087956e-01 5.161246994952489731e-01
3.216653530513925996e-01 6.691132980370553263e-01 5.149798498250425238e-01
3.249409882923873227e-01 6.726163404676732682e-01 5.137890245181936377e-01
3.282822796693307676e-01 6.761166411947101551e-01 5.125502057668114286e-01
3.316920826778180231e-01 6.796138467486938506e-01 5.112599243985719299e-01
3.351729152953878410e-01 6.831070726014968342e-01 5.099223680923163915e-01
3.387273753763892503e-01 6.865957339407765536e-01 5.085373664406074301e-01
3.423580463364679360e-01 6.900792289698076676e-01 5.071047907693208012e-01
3.460677426862724393e-01 6.935570403992106225e-01 5.056225596397142530e-01
3.498595801613424983e-01 6.970286614278329296e-01 5.040874024171894119e-01
3.537356230787933598e-01 7.004931629484117961e-01 5.025041414931460393e-01
3.576984276264120188e-01 7.039498573595254216e-01 5.008728671008351174e-01
3.617505394892517878e-01 7.073980343918244706e-01 4.991937290862798471e-01
3.658944957862056424e-01 7.108369596445692773e-01 4.974669417202596811e-01
3.701339167840535516e-01 7.142660048279263485e-01 4.956880792066307717e-01
3.744710829729290258e-01 7.176842746475330381e-01 4.938595450085158656e-01
3.789080060066800093e-01 7.210908682225853905e-01 4.919842655310991408e-01
3.834472103348571803e-01 7.244849318675898875e-01 4.900628369960309816e-01
3.880912178758862963e-01 7.278655791805840325e-01 4.880959666373201888e-01
3.928425494508001048e-01 7.312318890111824121e-01 4.860844855822344379e-01
3.977037257554654204e-01 7.345829033687708565e-01 4.840293637279132200e-01
4.026787784625757705e-01 7.379176110235756703e-01 4.819276010553346645e-01
4.077696548579603508e-01 7.412349304402521266e-01 4.797826266406430284e-01
4.129781118693133246e-01 7.445337776248250883e-01 4.775981199075627903e-01
4.183066247004981753e-01 7.478130278240722184e-01 4.753758777128265778e-01
4.237576511996445916e-01 7.510715110735668443e-01 4.731179515711063099e-01
4.293336245048351429e-01 7.543080109399165067e-01 4.708266792603264528e-01
4.350369431089792238e-01 7.575212636820946033e-01 4.685047201406065676e-01
4.408699578576185663e-01 7.607099579730584038e-01 4.661550943836430538e-01
4.468349553479322167e-01 7.638727353498696582e-01 4.637812262390629825e-01
4.529341371579652109e-01 7.670081915901777458e-01 4.613869913605045947e-01
4.591695943074331487e-01 7.701148792444679758e-01 4.589767680684989082e-01
4.655432763417576836e-01 7.731913115858258800e-01 4.565554922305232188e-01
4.720569544478813717e-01 7.762359682702649755e-01 4.541287151813049872e-01
4.787121780638601831e-01 7.792473030283916247e-01 4.517026637798259858e-01
4.855102245464851252e-01 7.822237537297758170e-01 4.492843012963040894e-01
4.924520416255753763e-01 7.851637551702203011e-01 4.468813873396326186e-01
4.995381826140870563e-01 7.880657549234569847e-01 4.445025344761381336e-01
5.067687346735526566e-01 7.909282325656972201e-01 4.421572585666104782e-01
5.141432408649779795e-01 7.937497225163244741e-01 4.398560191857225354e-01
5.216606172517157525e-01 7.965288406328080439e-01 4.376102458284316099e-01
5.293190669596189446e-01 7.992643145452785758e-01 4.354323450141318608e-01
5.371159938240653853e-01 8.019550175107579282e-01 4.333356829553758338e-01
5.450479190299016841e-01 8.046000053070554436e-01 4.313345382690910723e-01
5.531104049250480381e-01 8.071985553758544985e-01 4.294440193948377837e-01
5.612979908845312504e-01 8.097502070755993042e-01 4.276799420715172162e-01
5.696041466231889228e-01 8.122548015391233278e-01 4.260586635215232176e-01
5.780212485898266195e-01 8.147125192810875660e-01 4.245968719712032713e-01
5.865405849097949931e-01 8.171239134085517275e-01 4.233113328020490784e-01
5.951527325961655235e-01 8.194898602624738349e-01 4.222183442960212862e-01
6.038453881087517683e-01 8.218120826489750952e-01 4.213350543849205265e-01
6.126067114276607661e-01 8.240924529040636326e-01 4.206765745558501135e-01
6.214243181308902741e-01 8.263332253792889937e-01 4.202566451859655605e-01
6.302853803084607076e-01 8.285370315181659340e-01 4.200873907910860905e-01
6.391768515591782496e-01 8.307068394548892121e-01 4.201790358030321748e-01
6.480857074704953202e-01 8.328459008372841588e-01 4.205396763078802502e-01
6.569991904743346378e-01 8.349576869988208916e-01 4.211751218022011800e-01
6.659050473346925791e-01 8.370458174136694574e-01 4.220888163836253315e-01
6.747917479104961203e-01 8.391139839365648889e-01 4.232818431335498843e-01
6.836486752187919125e-01 8.411658745864101228e-01 4.247530094407907519e-01
6.924656648167719641e-01 8.432052812406947151e-01 4.264991421769174229e-01
7.012344822463288940e-01 8.452356421555208277e-01 4.285149244806799596e-01
7.099499018838166808e-01 8.472596512978395333e-01 4.307931994482661064e-01
7.186056995103740075e-01 8.492804193900130860e-01 4.333260059697514044e-01
7.271948615036640806e-01 8.513014387108193137e-01 4.361043593080823899e-01
7.357153868019640219e-01 8.533247218780305454e-01 4.391181085925657812e-01
7.441650356430519198e-01 8.553523884929411514e-01 4.423568221296032554e-01
7.525426102556420638e-01 8.573862422806636241e-01 4.458098600210760876e-01
7.608478454378385658e-01 8.594277789400758261e-01 4.494665950430997703e-01
7.690812918159627420e-01 8.614782009333579182e-01 4.533165973000919391e-01
7.772441973350553424e-01 8.635384374420653764e-01 4.573497821115837803e-01
7.853383915064755527e-01 8.656091678091896169e-01 4.615565226606316851e-01
7.933661758613645976e-01 8.676908469664784684e-01 4.659277304022709232e-01
8.013050330835318480e-01 8.697930800314690458e-01 4.704467686264444670e-01
8.091797915342512360e-01 8.719081295805344300e-01 4.751108374249570221e-01
8.169945237630574786e-01 8.740356318900245336e-01 4.799127387390846322e-01
8.247527501218560042e-01 8.761753430766543449e-01 4.848457415386065450e-01
8.324419111847541908e-01 8.783332561546831618e-01 4.898962222823403656e-01
8.400609914063077444e-01 8.805110312105673964e-01 4.950547327299435474e-01
8.476325515343847705e-01 8.827008324731013822e-01 5.003244384220402186e-01
8.551603988193793304e-01 8.849020101376358083e-01 5.057010063033342551e-01
8.626111296483512936e-01 8.871292306841228603e-01 5.111584206294046417e-01
8.700185838032098440e-01 8.893696791616819697e-01 5.167088916108143470e-01
8.773919472805906672e-01 8.916202978549816471e-01 5.223527142301692683e-01
8.846988913703638380e-01 8.938956500150109230e-01 5.280627316639718849e-01
8.919661213128319277e-01 8.961853315057601854e-01 5.338505087325383647e-01
8.992087050160701978e-01 8.984835124801254791e-01 5.397221526569526695e-01
9.063818368841521922e-01 9.008106315156635402e-01 5.456390923186368314e-01
9.135326162246052428e-01 9.031467808134607811e-01 5.516317028719120996e-01
9.206504373936261754e-01 9.054972974239863248e-01 5.576877133485050875e-01
9.277178037823512469e-01 9.078708796978518514e-01 5.637878683930721557e-01
9.347748873148272741e-01 9.102498720013710853e-01 5.699620755952373719e-01
9.417755578540197847e-01 9.126562011244407913e-01 5.761660978364369079e-01
9.487627278737268410e-01 9.150706232807106488e-01 5.824341794915633974e-01
9.557170317378395064e-01 9.175027833812441358e-01 5.887452979616257798e-01
9.626420679282673420e-01 9.199516330159193123e-01 5.950991397925607940e-01
9.695531329016912059e-01 9.224103750187060413e-01 6.015075667719235186e-01
9.764235145505856250e-01 9.248925309295357167e-01 6.079407810277761559e-01
9.832944320015378770e-01 9.273784940705858126e-01 6.144379312549768102e-01
9.901172991692305247e-01 9.298927507923023805e-01 6.209456761953966453e-01
9.969510861058860085e-01 9.324064831774518947e-01 6.275240951393814548e-01
