9.360702683144431768e-01 9.570624603537088992e-01 6.272375047027869410e-01
9.338003334402842359e-01 9.523065430586653557e-01 6.217801862751226594e-01
9.315303153372478384e-01 9.475640580345193742e-01 6.163570950040835328e-01
9.292835602712368193e-01 9.428273488235737743e-01 6.109461307036432309e-01
9.270370486105051766e-01 9.381037043473000603e-01 6.055688712550189035e-01
9.248121778321530817e-01 9.333860178287474163e-01 6.002053002885925359e-01
9.225885171920409356e-01 9.286808179833395682e-01 5.948743512887673113e-01
9.203842067578201780e-01 9.239819912889839504e-01 5.895592625642133155e-01
9.181827108135887094e-01 9.192948560919489420e-01 5.842751787138037445e-01
9.159976085779836241e-01 9.146147494298069169e-01 5.790097116389262277e-01
9.138175575704466924e-01 9.099453160792267958e-01 5.737731284504501428e-01
9.116502834651111220e-01 9.052838133048697333e-01 5.685584736874405021e-01
9.094909215770767830e-01 9.006317375401444725e-01 5.633701123382530707e-01
9.073400679544409986e-01 8.959887467442535502e-01 5.582075124978872482e-01
9.052006006077112366e-01 8.913537043231136714e-01 5.530681847728220468e-01
9.030647326557599275e-01 8.867291584323648834e-01 5.479589350304614470e-01
9.009443237434309193e-01 8.821108467249110241e-01 5.428695483233608732e-01
8.988234051409088599e-01 8.775042024347995406e-01 5.378137864348949693e-01
8.967197490497463841e-01 8.729028438123963562e-01 5.327765592737744305e-01
8.946168791667329367e-01 8.683124390039649310e-01 5.277718976273531037e-01
8.925244613114003966e-01 8.637294258657739476e-01 5.227917330208288194e-01
8.904386897928255884e-01 8.591550160384717749e-01 5.178393463491969273e-01
8.883559698539216232e-01 8.545903769362386271e-01 5.129177492522619675e-01
8.862862936084220378e-01 8.500317460399691161e-01 5.080189269883677028e-01
8.842157402439011493e-01 8.454840554883833459e-01 5.031542444932354252e-01
8.821570668050875419e-01 8.409425000910116799e-01 4.983136078525663426e-01
8.801013364822130036e-01 8.364102268147990404e-01 4.935042786654841307e-01
8.780483033359368639e-01 8.318872107116126458e-01 4.887265353774640775e-01
8.760062457505414235e-01 8.273702171495994628e-01 4.839741688021629851e-01
8.739629270930104887e-01 8.228637087464260036e-01 4.792567355012702923e-01
8.719276141767817734e-01 8.183640602904924677e-01 4.745673750187166529e-01
8.698964571637270993e-01 8.138725918848808139e-01 4.699092239637978063e-01
8.678638051697871170e-01 8.093913556108459639e-01 4.652866004016615320e-01
8.658421828100386630e-01 8.049153900645242832e-01 4.606906401474732404e-01
8.638200142155737504e-01 8.004490404455700814e-01 4.561299743681514474e-01
8.617970022641626704e-01 7.959923237606032487e-01 4.516049628445186204e-01
8.597838772004749996e-01 7.915408864869697414e-01 4.471084522096371860e-01
8.577685182849864587e-01 7.870993832003887469e-01 4.426491211243921975e-01
8.557521253113427040e-01 7.826672414633475405e-01 4.382263488130704321e-01
8.537438174586404749e-01 7.782406723817355543e-01 4.338344688253256698e-01
8.517327872880050554e-01 7.738239003939973992e-01 4.294809379235510760e-01
8.497190146478044159e-01 7.694168436280159895e-01 4.251660003608163652e-01
8.477123084562167010e-01 7.650153638488574881e-01 4.208839394503817721e-01
8.457027899573121843e-01 7.606233905763100100e-01 4.166413165181178102e-01
8.436898755432309382e-01 7.562410743069621910e-01 4.124387901566060610e-01
8.416787805351859664e-01 7.518661290444946799e-01 4.082737279655494489e-01
8.396675898327305987e-01 7.474992303120474579e-01 4.041477748530968306e-01
8.376522048592285330e-01 7.431420057249981115e-01 4.000636770823558508e-01
8.356324966235957330e-01 7.387944228187928175e-01 3.960218982295230505e-01
8.336153033434857695e-01 7.344534331516135994e-01 3.920194158638013460e-01
8.315937138079279034e-01 7.301218972290558495e-01 3.880604081289804053e-01
8.295667852708115131e-01 7.258001371931590562e-01 3.841458271671280844e-01
8.275343086918151014e-01 7.214881606368461764e-01 3.802762679208109842e-01
8.255011286980672436e-01 7.171837254466668643e-01 3.764501679071328155e-01
8.234626531301416641e-01 7.128887579846191480e-01 3.726702819918253362e-01
8.214173742818143831e-01 7.086038474832623280e-01 3.689378498267967821e-01
8.193649921689205584e-01 7.043290510141372307e-01 3.652535885823937067e-01
8.173054262551602278e-01 7.000643268132502595e-01 3.616181624112453363e-01
8.152424119993716412e-01 6.958078693562906869e-01 3.580310366560846003e-01
8.131707900072405737e-01 6.915619578517312460e-01 3.544947753856041439e-01
8.110901636190910313e-01 6.873267069819484210e-01 3.510101932693669435e-01
8.090001095436138989e-01 6.831022469735563707e-01 3.475781290177149541e-01
8.069001774571832319e-01 6.788887242177281678e-01 3.441994427277382251e-01
8.047899284083143145e-01 6.746862832972146951e-01 3.408750051826105465e-01
8.026715611781537474e-01 6.704937969755476734e-01 3.376052583318270850e-01
8.005414344705156227e-01 6.663129469029421825e-01 3.343917838242195240e-01
7.983990053862609626e-01 6.621439448698982488e-01 3.312354663495039042e-01
7.962437061555105444e-01 6.579870200524653434e-01 3.281371918424077494e-01
7.940749449561033124e-01 6.538424191007405906e-01 3.250978423424249475e-01
7.918921069871821539e-01 6.497104061016482079e-01 3.221182904305184280e-01
7.896945558076445826e-01 6.455912624052828619e-01 3.191993932646984833e-01
7.874816349463398257e-01 6.414852863050244380e-01 3.163419862449979303e-01
7.852526697874833150e-01 6.373927925628811719e-01 3.135468763473708287e-01
7.830069697310800825e-01 6.333141117730270997e-01 3.108148351752592076e-01
7.807438306240002124e-01 6.292495895583225529e-01 3.081465917867926008e-01
7.784629595001740787e-01 6.251993619719903306e-01 3.055429309414350869e-01
7.761631028199073024e-01 6.211640792127591792e-01 3.030043783114745870e-01
7.738435013332131129e-01 6.171441439487224123e-01 3.005314661706807167e-01
7.715034454483844506e-01 6.131399418880886243e-01 2.981246671535230930e-01
7.691422272024249773e-01 6.091518672361290188e-01 2.957843767995110840e-01
7.667591438083626310e-01 6.051803210006783118e-01 2.935109067804950178e-01
7.643535013242728215e-01 6.012257091631542094e-01 2.913044784762570116e-01
7.619246184075174622e-01 5.972884407294934972e-01 2.891652169954426754e-01
7.594718301146113903e-01 5.933689256780206867e-01 2.870931457369710893e-01
7.569947491913801008e-01 5.894674238483038620e-01 2.850883886499633868e-01
7.544925533745802104e-01 5.855844536316507920e-01 2.831506357775075977e-01
7.519645908236274323e-01 5.817204483029304596e-01 2.812795406761817163e-01
7.494102898825262260e-01 5.778758054711424785e-01 2.794746734982618830e-01
7.468291149332811907e-01 5.740509120191804593e-01 2.777354850191806612e-01
7.442205695590360381e-01 5.702461418749035227e-01 2.760613062737790058e-01
7.415841994323999486e-01 5.664618538569463624e-01 2.744513491818968420e-01
7.389195948948101833e-01 5.626983896204287294e-01 2.729047081644789818e-01
7.362263931976569253e-01 5.589560717262013201e-01 2.714203627345769254e-01
7.335042803812921175e-01 5.552352018552845214e-01 2.699971810311281861e-01
7.307529927739384590e-01 5.515360591876969920e-01 2.686339242477009948e-01
7.279723180986372721e-01 5.478588989620939431e-01 2.673292518938812923e-01
7.251622182731278787e-01 5.442038681901998354e-01 2.660820004269169314e-01
7.223225481067283571e-01 5.405711920749460830e-01 2.648906237146953502e-01
7.194531155399527256e-01 5.369611400468449203e-01 2.637532150883009630e-01
7.165539214997044271e-01 5.333738594850688797e-01 2.626680842446296738e-01
7.136250184204977476e-01 5.298094693423471835e-01 2.616334761929931529e-01
7.106665089578826366e-01 5.262680600188228697e-01 2.606475797284776852e-01
7.076785443960778021e-01 5.227496934395200467e-01 2.597085360300646628e-01
7.046613227808907753e-01 5.192544033252224356e-01 2.588144472809014163e-01
7.016151380877340138e-01 5.157821535067250718e-01 2.579636157796892926e-01
6.985402106252174281e-01 5.123329734397537027e-01 2.571538425401057038e-01
6.954368548104884473e-01 5.089068254917644696e-01 2.563830951956267423e-01
6.923054383009383805e-01 5.055036336399167940e-01 2.556494031722038041e-01
6.891463628978411471e-01 5.021232975262659437e-01 2.549507984352114565e-01
6.859600617033948522e-01 4.987656936136732333e-01 2.542853223963449927e-01
6.827469962517400681e-01 4.954306764173574407e-01 2.536510323362330954e-01
6.795076498632295348e-01 4.921180842987417647e-01 2.530459668595915756e-01
6.762425313402107285e-01 4.888277345398467921e-01 2.524681953088662723e-01
6.729521741549502334e-01 4.855594212820128486e-01 2.519158617211204043e-01
6.696371284061026774e-01 4.823129224267823090e-01 2.513871460087467868e-01
6.662979583174090115e-01 4.790880008877159146e-01 2.508802686154614769e-01
6.629352397367541672e-01 4.758844059468991250e-01 2.503934936453108273e-01
6.595495577570176238e-01 4.727018745847225145e-01 2.499251314938204516e-01
6.561415051151826550e-01 4.695401482471756593e-01 2.494732710845572465e-01
6.527116854654839706e-01 4.663989272513373030e-01 2.490365277157242652e-01
6.492606999217712671e-01 4.632779170018496706e-01 2.486133883070544282e-01
6.457891501407487800e-01 4.601768169906360062e-01 2.482023719355518354e-01
6.422976368666489799e-01 4.570953205806856379e-01 2.478020504384270684e-01
6.387867584182187475e-01 4.540331160226325768e-01 2.474110485767202494e-01
6.352571093136247793e-01 4.509898874090502718e-01 2.470280439149010743e-01
6.317092952100404890e-01 4.479653183776990955e-01 2.466515615565334496e-01
6.281439044123848792e-01 4.449590837588530134e-01 2.462803954507484794e-01
6.245615002351573297e-01 4.419708566790865878e-01 2.459135643626894074e-01
6.209626503044657353e-01 4.390003129259989478e-01 2.455499557999393789e-01
6.173479133533258389e-01 4.360471280534727878e-01 2.451885059100864517e-01
6.137178385875298181e-01 4.331109779568902418e-01 2.448281982495919551e-01
6.100729651466676451e-01 4.301915393939264032e-01 2.444680624593497109e-01
6.064138216534779025e-01 4.272884904534170469e-01 2.441071728661230456e-01
6.027409384898975153e-01 4.244015086352896371e-01 2.437445641084944326e-01
5.990548550332402966e-01 4.215302684011631995e-01 2.433792046904090789e-01
5.953560246760833952e-01 4.186744611318772846e-01 2.430105810477197759e-01
5.916449301671773409e-01 4.158337743393316077e-01 2.426379335244382429e-01
5.879220425838931341e-01 4.130078985418718651e-01 2.422605393113252403e-01
5.841878212864995978e-01 4.101965274724585497e-01 2.418777109242394863e-01
5.804427139169673344e-01 4.073993582546754921e-01 2.414887946976104205e-01
5.766871564374898007e-01 4.046160915490862875e-01 2.410931692998139475e-01
5.729215732042356457e-01 4.018464316723429075e-01 2.406902442761856276e-01
5.691463770721496562e-01 3.990900866913368317e-01 2.402794586244400565e-01
5.653619998586999484e-01 3.963467589177595007e-01 2.398601489900258898e-01
5.615688281106641089e-01 3.936161646223380606e-01 2.394318369867723950e-01
5.577672128534373330e-01 3.908980322781114292e-01 2.389941649483235953e-01
5.539575219062823352e-01 3.881920857774324718e-01 2.385466765019529367e-01
5.501401124887617122e-01 3.854980529171734283e-01 2.380889380681437406e-01
5.463153314410480466e-01 3.828156653836616852e-01 2.376205377018074660e-01
5.424835154536621351e-01 3.801446587256782084e-01 2.371410839792636449e-01
5.386449913046639226e-01 3.774847723168408553e-01 2.366502049310264533e-01
5.348000761025276661e-01 3.748357493085834879e-01 2.361475470201524485e-01
5.309490775331086043e-01 3.721973365748513229e-01 2.356327741656629171e-01
5.270922941092940350e-01 3.695692846495298167e-01 2.351055668103513296e-01
5.232300154220536070e-01 3.669513476575527733e-01 2.345656210321154789e-01
5.193625554423250135e-01 3.643432706869472737e-01 2.340125446298256251e-01
5.154901506489985019e-01 3.617448282817576910e-01 2.334461791056046120e-01
5.116130636823611466e-01 3.591557855770084462e-01 2.328662666943162041e-01
5.077315507049472432e-01 3.565759104281748249e-01 2.322725575538668319e-01
5.038458602214752613e-01 3.540049738575906102e-01 2.316648136206581610e-01
4.999562333175778250e-01 3.514427499635795482e-01 2.310428079633606302e-01
4.960629038944778801e-01 3.488890158278245557e-01 2.304063241711704069e-01
4.921660988992149766e-01 3.463435514213802913e-01 2.297551557752295359e-01
4.882660385500540712e-01 3.438061395097021800e-01 2.290891057019025512e-01
4.843629365568078993e-01 3.412765655570059731e-01 2.284079857566130300e-01
4.804570003358011321e-01 3.387546176302560497e-01 2.277116161369651670e-01
4.765484312192937444e-01 3.362400863030329257e-01 2.269998249739127449e-01
4.726374246591732997e-01 3.337327645595136727e-01 2.262724478997540367e-01
4.687241684507700845e-01 3.312324485128851359e-01 2.255293324013002421e-01
4.648088430899373624e-01 3.287389372581202562e-01 2.247703366299291239e-01
4.608916273454066181e-01 3.262520305508851970e-01 2.239953161580920948e-01
4.569726949473378874e-01 3.237715301402557810e-01 2.232041323864008553e-01
4.530522146822427154e-01 3.212972397081326759e-01 2.223966524211671847e-01
4.491303505596762613e-01 3.188289647776250124e-01 2.215727487809184826e-01
4.452072619727724390e-01 3.163665126224742274e-01 2.207322991221918884e-01
4.412831038525988903e-01 3.139096921775876847e-01 2.198751859837380640e-01
4.373580268163274609e-01 3.114583139507483001e-01 2.190012965483092988e-01
4.334321773091988628e-01 3.090121899355441903e-01 2.181105224212505078e-01
4.295056977402907372e-01 3.065711335255580927e-01 2.172027594251369487e-01
4.255787266120669710e-01 3.041349594298571324e-01 2.162779074097594401e-01
4.216513986437129269e-01 3.017034835897970391e-01 2.153358700767789569e-01
4.177238149247871069e-01 2.992765359209853537e-01 2.143766130231160028e-01
4.137961083869491907e-01 2.968539323221249804e-01 2.134000340718884559e-01
4.098684203282046967e-01 2.944354845837146017e-01 2.124060129655385154e-01
4.059408713491022835e-01 2.920210128171247255e-01 2.113944669712671809e-01
4.020135787944603689e-01 2.896103379666568611e-01 2.103653165309430917e-01
3.980866568388702342e-01 2.872032817345617772e-01 2.093184851616187170e-01
3.941602165658209533e-01 2.847996665073881384e-01 2.082538993669423300e-01
3.902343660403698178e-01 2.823993152836616338e-01 2.071714885590493771e-01
3.863092103753227313e-01 2.800020516028670081e-01 2.060711849905416115e-01
3.823848517908265410e-01 2.776076994757172289e-01 2.049529236961904477e-01
3.784613896673063582e-01 2.752160833156865327e-01 2.038166424440193691e-01
3.745389161886034657e-01 2.728270297801858590e-01 2.026622889190743959e-01
3.706174279982261677e-01 2.704404060376373042e-01 2.014899629839426165e-01
3.666971091293442786e-01 2.680559970540044024e-01 2.002994551270477763e-01
3.627780479277906145e-01 2.656736282144513406e-01 1.990907133518685090e-01
3.588603300657018935e-01 2.632931249786121253e-01 1.978636882811841136e-01
3.549440385520371555e-01 2.609143128190116734e-01 1.966183331590463101e-01
3.510292537355924058e-01 2.585370171604373102e-01 1.953546038604194179e-01
3.471160533003603832e-01 2.561610633201839571e-01 1.940724589083378804e-01
3.432045122530750225e-01 2.537862764490943501e-01 1.927718594984484390e-01
3.392947029027809647e-01 2.514124814732961455e-01 1.914527695308352595e-01
3.353866374390772065e-01 2.490395279457051081e-01 1.901152366820591244e-01
3.314803278972803247e-01 2.466672639158354330e-01 1.887593029596862093e-01
3.275759405760390042e-01 2.442954688655440409e-01 1.873847935641519691e-01
3.236735365830448741e-01 2.419239662439405802e-01 1.859916832685480359e-01
3.197731741019528839e-01 2.395525789878685807e-01 1.845799498237298275e-01
3.158749083197761598e-01 2.371811294653115576e-01 1.831495740344229184e-01
3.119787913450772221e-01 2.348094394183912192e-01 1.817005398428662710e-01
3.080848721168156223e-01 2.324373299057049813e-01 1.802328344201959420e-01
3.041931517730263601e-01 2.300646404795224087e-01 1.787465039912385922e-01
3.003035314349782325e-01 2.276912515233436296e-01 1.772417139589809176e-01
2.964162247002090633e-01 2.253169060760264464e-01 1.757182392652176794e-01
2.925312666821965335e-01 2.229414218431385875e-01 1.741760806953572271e-01
2.886486887209702701e-01 2.205646155366913774e-01 1.726152428626966662e-01
2.847685182335161769e-01 2.181863028062280829e-01 1.710357343549957498e-01
2.808907785548589997e-01 2.158062981661844626e-01 1.694375678919651795e-01
2.770154292953950215e-01 2.134244404021001795e-01 1.678208273581791032e-01
2.731423112724774005e-01 2.110406157860461041e-01 1.661857236254877523e-01
2.692716559228032214e-01 2.086545398997705636e-01 1.645320296994406128e-01
2.654034683984715648e-01 2.062660218743607721e-01 1.628597763482359240e-01
2.615377488382792381e-01 2.038748692602257440e-01 1.611689994755728106e-01
2.576744921637728059e-01 2.014808879134301622e-01 1.594597403628410792e-01
2.538136532612412788e-01 1.990838965519221015e-01 1.577320813788586906e-01
2.499549307245269025e-01 1.966838179350636207e-01 1.559863613750183953e-01
2.460986092664816383e-01 1.942803216213082607e-01 1.542223199589884963e-01
2.422446606903924105e-01 1.918732052959934431e-01 1.524400225282349919e-01
2.383930505435715164e-01 1.894622641745977443e-01 1.506395413808354899e-01
2.345437379353916829e-01 1.870472907883579672e-01 1.488209560750054783e-01
2.306963939212091086e-01 1.846281925525871392e-01 1.469846163239005854e-01
2.268510994716298468e-01 1.822046985210212244e-01 1.451304810693540559e-01
2.230079247519706764e-01 1.797765364251871223e-01 1.432585293733747156e-01
2.191668014714081014e-01 1.773434853390229993e-01 1.413688738261089373e-01
2.153276543993221659e-01 1.749053200979229783e-01 1.394616363842127726e-01
2.114900122813384575e-01 1.724619714678086724e-01 1.375372849194714531e-01
2.076540660034540964e-01 1.700130877942302998e-01 1.355957083792363183e-01
2.038198124195121363e-01 1.675583899773903929e-01 1.336369783864368999e-01
1.999871495926900944e-01 1.650976308731691156e-01 1.316612588642541160e-01
1.961557590079176516e-01 1.626306420952419729e-01 1.296688968684361065e-01
1.923253864699634164e-01 1.601572179133790852e-01 1.276601857810419349e-01
1.884962482523835914e-01 1.576769510412700803e-01 1.256350491408744774e-01
1.846682239847357021e-01 1.551895606381449577e-01 1.235936977596732989e-01
1.808409794608216159e-01 1.526948398262638618e-01 1.215365174618685817e-01
1.770141777289407359e-01 1.501925689820936549e-01 1.194638988057186157e-01
1.731881029437265518e-01 1.476822673992781443e-01 1.173757689689040595e-01
1.693626379216054134e-01 1.451636023308744139e-01 1.152723805229793896e-01
1.655372349563684065e-01 1.426363959781091761e-01 1.131543147476946620e-01
1.617119411726376244e-01 1.401002197453685427e-01 1.110217176349572732e-01
1.578869323058013918e-01 1.375545809660596308e-01 1.088746579292195760e-01
1.540619966076286207e-01 1.349991230939315279e-01 1.067134980088182139e-01
1.502365606719126834e-01 1.324336106664238677e-01 1.045388609308230687e-01
1.464112285979250749e-01 1.298573377861360345e-01 1.023505304429576379e-01
1.425859979954745838e-01 1.272698174349803368e-01 1.001487269785887591e-01
1.387600376626008936e-01 1.246708565821834369e-01 9.793424412014462010e-02
1.349342268052664828e-01 1.220595980966262539e-01 9.570665613838080787e-02
1.311086797942651316e-01 1.194354595184401735e-01 9.346605408479310984e-02
