4.175072982011852896e-02 1.544711015080793004e-01 4.922203361786829656e-02
4.175072982011852896e-02 1.544711015080793004e-01 4.922203361786829656e-02
4.425426534350488522e-02 1.578933423101390177e-01 5.070800550624578185e-02
4.425426534350488522e-02 1.578933423101390177e-01 5.070800550624578185e-02
4.671466701420350087e-02 1.613100802554538193e-01 5.217875524666409220e-02
4.671466701420350087e-02 1.613100802554538193e-01 5.217875524666409220e-02
4.913748359517788877e-02 1.647217168845873658e-01 5.363477142272622677e-02
4.913748359517788877e-02 1.647217168845873658e-01 5.363477142272622677e-02
5.152092685626748908e-02 1.681293122474481483e-01 5.507186621646223412e-02
5.152092685626748908e-02 1.681293122474481483e-01 5.507186621646223412e-02
5.386938628519023081e-02 1.715325907813156914e-01 5.649506297918806957e-02
5.386938628519023081e-02 1.715325907813156914e-01 5.649506297918806957e-02
5.618403498425045967e-02 1.749318962468056904e-01 5.790489338642901274e-02
5.618403498425045967e-02 1.749318962468056904e-01 5.790489338642901274e-02
5.846296505416206934e-02 1.783281773981574281e-01 5.929773985024733296e-02
5.846296505416206934e-02 1.783281773981574281e-01 5.929773985024733296e-02
6.070943522340327414e-02 1.817212636989311569e-01 6.067746706736102530e-02
6.070943522340327414e-02 1.817212636989311569e-01 6.067746706736102530e-02
6.292462068236306938e-02 1.851113861204884692e-01 6.204507989853100258e-02
6.292462068236306938e-02 1.851113861204884692e-01 6.204507989853100258e-02
6.510699496652389007e-02 1.884993129677203783e-01 6.339799937541897024e-02
6.510699496652389007e-02 1.884993129677203783e-01 6.339799937541897024e-02
6.725812028289993028e-02 1.918851356969288324e-01 6.473803224135901702e-02
6.725812028289993028e-02 1.918851356969288324e-01 6.473803224135901702e-02
6.937962906363062676e-02 1.952689054006865044e-01 6.606711239236104372e-02
6.937962906363062676e-02 1.952689054006865044e-01 6.606711239236104372e-02
7.147088130222963021e-02 1.986511272957384167e-01 6.738419719431626431e-02
7.147088130222963021e-02 1.986511272957384167e-01 6.738419719431626431e-02
7.353100045826185815e-02 2.020323337959684107e-01 6.868807475830616960e-02
7.353100045826185815e-02 2.020323337959684107e-01 6.868807475830616960e-02
7.556254934481526631e-02 2.054123162656544543e-01 6.998209198432703282e-02
7.556254934481526631e-02 2.054123162656544543e-01 6.998209198432703282e-02
7.756579280431159795e-02 2.087913304178220797e-01 7.126659979370025821e-02
7.756579280431159795e-02 2.087913304178220797e-01 7.126659979370025821e-02
7.953808357948193020e-02 2.121702215903546185e-01 7.253835815925843700e-02
7.953808357948193020e-02 2.121702215903546185e-01 7.253835815925843700e-02
8.148184616964133931e-02 2.155487597400935762e-01 7.380062591823685625e-02
8.148184616964133931e-02 2.155487597400935762e-01 7.380062591823685625e-02
8.339774045636125233e-02 2.189270699366068773e-01 7.505441066039625353e-02
8.339774045636125233e-02 2.189270699366068773e-01 7.505441066039625353e-02
8.528520876066279788e-02 2.223055160150755605e-01 7.629926369592505975e-02
8.528520876066279788e-02 2.223055160150755605e-01 7.629926369592505975e-02
8.714215208550231406e-02 2.256847642576792767e-01 7.753299169460789453e-02
8.714215208550231406e-02 2.256847642576792767e-01 7.753299169460789453e-02
8.897130697748256711e-02 2.290644702977450153e-01 7.875923358696314269e-02
8.897130697748256711e-02 2.290644702977450153e-01 7.875923358696314269e-02
9.077265804416677353e-02 2.324448480402116768e-01 7.997831256104215303e-02
9.077265804416677353e-02 2.324448480402116768e-01 7.997831256104215303e-02
9.254504519714054633e-02 2.358263332240908561e-01 8.118928621832469106e-02
9.254504519714054633e-02 2.358263332240908561e-01 8.118928621832469106e-02
9.428713490579633538e-02 2.392093823133366604e-01 8.239112557905457768e-02
9.428713490579633538e-02 2.392093823133366604e-01 8.239112557905457768e-02
9.600110044501206086e-02 2.425937291976724974e-01 8.358678086014292852e-02
9.600110044501206086e-02 2.425937291976724974e-01 8.358678086014292852e-02
9.768680180540029179e-02 2.459795705938861154e-01 8.477657043353190036e-02
9.768680180540029179e-02 2.459795705938861154e-01 8.477657043353190036e-02
9.934344885880613818e-02 2.493672237481805443e-01 8.596014889701507344e-02
9.934344885880613818e-02 2.493672237481805443e-01 8.596014889701507344e-02
1.009686243410814477e-01 2.527573179798852654e-01 8.713553262750764472e-02
1.009686243410814477e-01 2.527573179798852654e-01 8.713553262750764472e-02
1.025648619007957507e-01 2.561494848118913703e-01 8.830603750941111441e-02
1.025648619007957507e-01 2.561494848118913703e-01 8.830603750941111441e-02
1.041319055061770832e-01 2.595439074231170595e-01 8.947198523464723607e-02
1.041319055061770832e-01 2.595439074231170595e-01 8.947198523464723607e-02
1.056694705033530413e-01 2.629407662045482597e-01 9.063369888979552758e-02
1.056694705033530413e-01 2.629407662045482597e-01 9.063369888979552758e-02
1.071750070459957377e-01 2.663406741654503196e-01 9.178930348055557020e-02
1.071750070459957377e-01 2.663406741654503196e-01 9.178930348055557020e-02
1.086492021594112206e-01 2.697435997631196236e-01 9.294023460556370686e-02
1.086492021594112206e-01 2.697435997631196236e-01 9.294023460556370686e-02
1.100928218967261729e-01 2.731494928002993205e-01 9.408796473972307062e-02
1.100928218967261729e-01 2.731494928002993205e-01 9.408796473972307062e-02
1.115054643031988119e-01 2.765585237067547664e-01 9.523283142038790894e-02
1.115054643031988119e-01 2.765585237067547664e-01 9.523283142038790894e-02
1.128866966436485597e-01 2.799708609732574072e-01 9.637517635691737750e-02
1.128866966436485597e-01 2.799708609732574072e-01 9.637517635691737750e-02
1.142341813221515318e-01 2.833870245588932524e-01 9.751365985979205953e-02
1.142341813221515318e-01 2.833870245588932524e-01 9.751365985979205953e-02
1.155478779235538656e-01 2.868070868219651515e-01 9.864913051874026062e-02
1.155478779235538656e-01 2.868070868219651515e-01 9.864913051874026062e-02
1.168286291801514803e-01 2.902309502565915134e-01 9.978320698874047767e-02
1.168286291801514803e-01 2.902309502565915134e-01 9.978320698874047767e-02
1.180758736127557329e-01 2.936587759937953623e-01 1.009162589334656746e-01
1.180758736127557329e-01 2.936587759937953623e-01 1.009162589334656746e-01
1.192890142648264373e-01 2.970907238538385564e-01 1.020486637591942608e-01
1.192890142648264373e-01 2.970907238538385564e-01 1.020486637591942608e-01
1.204674173321652331e-01 3.005269524639748169e-01 1.031808074112249285e-01
1.204674173321652331e-01 3.005269524639748169e-01 1.031808074112249285e-01
1.216089078237367616e-01 3.039678905814509058e-01 1.043118817241897034e-01
1.216089078237367616e-01 3.039678905814509058e-01 1.043118817241897034e-01
1.227128376919032343e-01 3.074136768164194011e-01 1.054424166533102641e-01
1.227128376919032343e-01 3.074136768164194011e-01 1.054424166533102641e-01
1.237798955044639854e-01 3.108642043022285528e-01 1.065740074436317686e-01
1.237798955044639854e-01 3.108642043022285528e-01 1.065740074436317686e-01
1.248092921735897837e-01 3.143196262380654193e-01 1.077070891052985674e-01
1.248092921735897837e-01 3.143196262380654193e-01 1.077070891052985674e-01
1.258001938988850543e-01 3.177800949739555958e-01 1.088421102458526635e-01
1.258001938988850543e-01 3.177800949739555958e-01 1.088421102458526635e-01
1.267517200512738862e-01 3.212457620673433989e-01 1.099795342536056403e-01
1.267517200512738862e-01 3.212457620673433989e-01 1.099795342536056403e-01
1.276629409030784756e-01 3.247167783275106134e-01 1.111198405664774180e-01
1.276629409030784756e-01 3.247167783275106134e-01 1.111198405664774180e-01
1.285328751961956617e-01 3.281932938467501115e-01 1.122635260327235901e-01
1.285328751961956617e-01 3.281932938467501115e-01 1.122635260327235901e-01
1.293604875393397358e-01 3.316754580171159539e-01 1.134111063703639871e-01
1.293604875393397358e-01 3.316754580171159539e-01 1.134111063703639871e-01
1.301429115722473329e-01 3.351637151536410175e-01 1.145619573646168565e-01
1.301429115722473329e-01 3.351637151536410175e-01 1.145619573646168565e-01
1.308806657128445128e-01 3.386579287854926124e-01 1.157177889698986217e-01
1.308806657128445128e-01 3.386579287854926124e-01 1.157177889698986217e-01
1.315727702338943816e-01 3.421582070193055491e-01 1.168793346795793525e-01
1.315727702338943816e-01 3.421582070193055491e-01 1.168793346795793525e-01
1.322179628716046162e-01 3.456646936610585086e-01 1.180472077788928403e-01
1.322179628716046162e-01 3.456646936610585086e-01 1.180472077788928403e-01
1.328149129987106214e-01 3.491775315074062136e-01 1.192220492559854239e-01
1.328149129987106214e-01 3.491775315074062136e-01 1.192220492559854239e-01
1.333622178872833353e-01 3.526968622408009901e-01 1.204045299552603809e-01
1.333622178872833353e-01 3.526968622408009901e-01 1.204045299552603809e-01
1.338583987223501692e-01 3.562228262970480452e-01 1.215953528809757683e-01
1.338583987223501692e-01 3.562228262970480452e-01 1.215953528809757683e-01
1.343018963501759755e-01 3.597555627023822367e-01 1.227952556602274203e-01
1.343018963501759755e-01 3.597555627023822367e-01 1.227952556602274203e-01
1.346910667437003495e-01 3.632952088768399701e-01 1.240050131747074957e-01
1.346910667437003495e-01 3.632952088768399701e-01 1.240050131747074957e-01
1.350241761663253381e-01 3.668419004003381501e-01 1.252254403707377672e-01
1.350241761663253381e-01 3.668419004003381501e-01 1.252254403707377672e-01
1.352993960136238960e-01 3.703957707374811448e-01 1.264573952571812765e-01
1.352993960136238960e-01 3.703957707374811448e-01 1.264573952571812765e-01
1.355147973109293580e-01 3.739569509167064987e-01 1.277017821007671583e-01
1.355147973109293580e-01 3.739569509167064987e-01 1.277017821007671583e-01
1.356683448429973071e-01 3.775255691588999540e-01 1.289595548282235493e-01
1.356683448429973071e-01 3.775255691588999540e-01 1.289595548282235493e-01
1.357578908897801861e-01 3.811017504501216790e-01 1.302317206442290265e-01
1.357578908897801861e-01 3.811017504501216790e-01 1.302317206442290265e-01
1.357811685402761648e-01 3.846856160525349289e-01 1.315193438737223552e-01
1.357811685402761648e-01 3.846856160525349289e-01 1.315193438737223552e-01
1.357357845536980023e-01 3.882772829470439446e-01 1.328235500362406896e-01
1.357357845536980023e-01 3.882772829470439446e-01 1.328235500362406896e-01
1.356192117345941250e-01 3.918768632005069641e-01 1.341455301589681848e-01
1.356192117345941250e-01 3.918768632005069641e-01 1.341455301589681848e-01
1.354262665565326429e-01 3.954848017459444698e-01 1.354855828126040052e-01
1.354262665565326429e-01 3.954848017459444698e-01 1.354855828126040052e-01
1.351546042848232321e-01 3.991011192717120459e-01 1.368453371793335038e-01
1.351546042848232321e-01 3.991011192717120459e-01 1.368453371793335038e-01
1.348024732407858972e-01 4.027257346422403184e-01 1.382267366748246573e-01
1.348024732407858972e-01 4.027257346422403184e-01 1.382267366748246573e-01
1.343666486742340904e-01 4.063587357035043923e-01 1.396312950384226148e-01
1.343666486742340904e-01 4.063587357035043923e-01 1.396312950384226148e-01
1.338437192181434754e-01 4.100002006384625974e-01 1.410606193007363507e-01
1.338437192181434754e-01 4.100002006384625974e-01 1.410606193007363507e-01
1.332300749731240574e-01 4.136501966396775032e-01 1.425164157884633853e-01
1.332300749731240574e-01 4.136501966396775032e-01 1.425164157884633853e-01
1.325216282646294319e-01 4.173088106781522311e-01 1.440004193931820053e-01
1.325216282646294319e-01 4.173088106781522311e-01 1.440004193931820053e-01
1.317051087572086721e-01 4.209771756598514880e-01 1.455120452231918882e-01
1.317051087572086721e-01 4.209771756598514880e-01 1.455120452231918882e-01
1.307843710516975178e-01 4.246543005108719959e-01 1.470558751458822810e-01
1.307843710516975178e-01 4.246543005108719959e-01 1.470558751458822810e-01
1.297547551528643317e-01 4.283401938086253136e-01 1.486341086613406359e-01
1.297547551528643317e-01 4.283401938086253136e-01 1.486341086613406359e-01
1.286113184249912944e-01 4.320348432935721683e-01 1.502490814998211077e-01
1.286113184249912944e-01 4.320348432935721683e-01 1.502490814998211077e-01
1.273343708916414296e-01 4.357397804368460248e-01 1.519002139397986062e-01
1.273343708916414296e-01 4.357397804368460248e-01 1.519002139397986062e-01
1.259303973787861963e-01 4.394535523383337750e-01 1.535931628454209330e-01
1.259303973787861963e-01 4.394535523383337750e-01 1.535931628454209330e-01
1.243938376994697809e-01 4.431760091895876053e-01 1.553308825330437237e-01
1.243938376994697809e-01 4.431760091895876053e-01 1.553308825330437237e-01
1.227006744653955650e-01 4.469087855312132151e-01 1.571134579844623846e-01
1.227006744653955650e-01 4.469087855312132151e-01 1.571134579844623846e-01
1.208566421048806461e-01 4.506503379127310138e-01 1.589467639997622916e-01
1.208566421048806461e-01 4.506503379127310138e-01 1.589467639997622916e-01
1.188487334102474313e-01 4.544009505136927252e-01 1.608335947380514497e-01
1.188487334102474313e-01 4.544009505136927252e-01 1.608335947380514497e-01
1.166580971289487151e-01 4.581612816334006411e-01 1.627765996945522986e-01
1.166580971289487151e-01 4.581612816334006411e-01 1.627765996945522986e-01
1.142876675397075936e-01 4.619298234763287714e-01 1.647816392435789423e-01
1.142876675397075936e-01 4.619298234763287714e-01 1.647816392435789423e-01
1.117044823129696718e-01 4.657081585956165393e-01 1.668507906123596063e-01
1.117044823129696718e-01 4.657081585956165393e-01 1.668507906123596063e-01
1.089145135423146143e-01 4.694942421503977004e-01 1.689907814151908882e-01
1.089145135423146143e-01 4.694942421503977004e-01 1.689907814151908882e-01
1.058846210305508795e-01 4.732891788380825249e-01 1.712050832104842490e-01
1.058846210305508795e-01 4.732891788380825249e-01 1.712050832104842490e-01
1.026070491877246749e-01 4.770917047858860283e-01 1.734998852309635464e-01
1.026070491877246749e-01 4.770917047858860283e-01 1.734998852309635464e-01
9.906616005048375639e-02 4.809010039881139176e-01 1.758809844847529502e-01
9.906616005048375639e-02 4.809010039881139176e-01 1.758809844847529502e-01
9.521946839156512910e-02 4.847178704253416459e-01 1.783537071989166334e-01
9.521946839156512910e-02 4.847178704253416459e-01 1.783537071989166334e-01
9.106191295865066759e-02 4.885400493337037076e-01 1.809253314138472846e-01
9.106191295865066759e-02 4.885400493337037076e-01 1.809253314138472846e-01
8.656363463414822046e-02 4.923667145858610095e-01 1.836024615759085377e-01
8.656363463414822046e-02 4.923667145858610095e-01 1.836024615759085377e-01
8.168974055781562382e-02 4.961968747110381273e-01 1.863921071980450539e-01
8.168974055781562382e-02 4.961968747110381273e-01 1.863921071980450539e-01
7.639482986070181281e-02 5.000295596964231537e-01 1.893017361776845875e-01
7.639482986070181281e-02 5.000295596964231537e-01 1.893017361776845875e-01
7.064811264560032222e-02 5.038623683829608346e-01 1.923386491068964366e-01
7.064811264560032222e-02 5.038623683829608346e-01 1.923386491068964366e-01
6.439935785638536969e-02 5.076933005805873700e-01 1.955100109211200254e-01
6.439935785638536969e-02 5.076933005805873700e-01 1.955100109211200254e-01
5.758779808727421817e-02 5.115200024717792004e-01 1.988225976193921385e-01
5.758779808727421817e-02 5.115200024717792004e-01 1.988225976193921385e-01
5.013636126122307524e-02 5.153397694365950965e-01 2.022824526127098010e-01
5.013636126122307524e-02 5.153397694365950965e-01 2.022824526127098010e-01
4.193958673928185193e-02 5.191495729545527738e-01 2.058944969384475243e-01
4.193958673928185193e-02 5.191495729545527738e-01 2.058944969384475243e-01
3.328649672232648210e-02 5.229461161109841827e-01 2.096621196799285103e-01
3.328649672232648210e-02 5.229461161109841827e-01 2.096621196799285103e-01
2.490459390528880837e-02 5.267259195665978666e-01 2.135867868164885441e-01
2.490459390528880837e-02 5.267259195665978666e-01 2.135867868164885441e-01
1.690771767159868211e-02 5.304855539930565245e-01 2.176680531364470206e-01
1.690771767159868211e-02 5.304855539930565245e-01 2.176680531364470206e-01
9.425747606896369910e-03 5.342213230308768823e-01 2.219021257954519599e-01
9.425747606896369910e-03 5.342213230308768823e-01 2.219021257954519599e-01
2.582139711775070963e-03 5.379299535125379172e-01 2.262830702694320628e-01
2.582139711775070963e-03 5.379299535125379172e-01 2.262830702694320628e-01
0.000000000000000000e+00 5.416085526668950045e-01 2.308026076902902346e-01
0.000000000000000000e+00 5.416085526668950045e-01 2.308026076902902346e-01
0.000000000000000000e+00 5.452547168802064359e-01 2.354504216519812954e-01
0.000000000000000000e+00 5.452547168802064359e-01 2.354504216519812954e-01
0.000000000000000000e+00 5.488666122042255013e-01 2.402146234904052324e-01
0.000000000000000000e+00 5.488666122042255013e-01 2.402146234904052324e-01
0.000000000000000000e+00 5.524429100141525772e-01 2.450815051731144723e-01
0.000000000000000000e+00 5.524429100141525772e-01 2.450815051731144723e-01
0.000000000000000000e+00 5.559831001418737983e-01 2.500382862365838621e-01
0.000000000000000000e+00 5.559831001418737983e-01 2.500382862365838621e-01
0.000000000000000000e+00 5.594871413868390819e-01 2.550719058809559625e-01
0.000000000000000000e+00 5.594871413868390819e-01 2.550719058809559625e-01
0.000000000000000000e+00 5.629554649074857142e-01 2.601698865038585828e-01
0.000000000000000000e+00 5.629554649074857142e-01 2.601698865038585828e-01
0.000000000000000000e+00 5.663888857448642344e-01 2.653206691279877405e-01
0.000000000000000000e+00 5.663888857448642344e-01 2.653206691279877405e-01
0.000000000000000000e+00 5.697885092174241883e-01 2.705138279650047273e-01
0.000000000000000000e+00 5.697885092174241883e-01 2.705138279650047273e-01
0.000000000000000000e+00 5.731556415320141484e-01 2.757401788982490887e-01
0.000000000000000000e+00 5.731556415320141484e-01 2.757401788982490887e-01
0.000000000000000000e+00 5.764917103469423543e-01 2.809917997845139959e-01
0.000000000000000000e+00 5.764917103469423543e-01 2.809917997845139959e-01
3.036881675754634171e-04 5.797982055793565737e-01 2.862612260533263786e-01
3.036881675754634171e-04 5.797982055793565737e-01 2.862612260533263786e-01
7.745953754390776276e-03 5.830766863712695258e-01 2.915408213789777991e-01
7.745953754390776276e-03 5.830766863712695258e-01 2.915408213789777991e-01
1.634560095505783670e-02 5.863286390963682315e-01 2.968278418557591114e-01
1.634560095505783670e-02 5.863286390963682315e-01 2.968278418557591114e-01
2.608519628415637698e-02 5.895554762659013237e-01 3.021186211254280884e-01
2.608519628415637698e-02 5.895554762659013237e-01 3.021186211254280884e-01
3.694770981373583091e-02 5.927586281420845760e-01 3.074084422624648316e-01
3.694770981373583091e-02 5.927586281420845760e-01 3.074084422624648316e-01
4.849846855972196613e-02 5.959396069700889642e-01 3.126917540582105914e-01
4.849846855972196613e-02 5.959396069700889642e-01 3.126917540582105914e-01
5.944009868433419719e-02 5.990993726322104695e-01 3.179711006359097203e-01
5.944009868433419719e-02 5.990993726322104695e-01 3.179711006359097203e-01
6.985148124899823174e-02 6.022394408265351329e-01 3.232399299460482212e-01
6.985148124899823174e-02 6.022394408265351329e-01 3.232399299460482212e-01
7.984933993458519230e-02 6.053607730986283464e-01 3.284988663820209709e-01
7.984933993458519230e-02 6.053607730986283464e-01 3.284988663820209709e-01
8.951132342361692307e-02 6.084644487760803022e-01 3.337462383977122249e-01
8.951132342361692307e-02 6.084644487760803022e-01 3.337462383977122249e-01
9.889155684089194487e-02 6.115515853815784997e-01 3.389798341766533385e-01
9.889155684089194487e-02 6.115515853815784997e-01 3.389798341766533385e-01
1.080320447439011844e-01 6.146230321165868649e-01 3.441996167697690678e-01
1.080320447439011844e-01 6.146230321165868649e-01 3.441996167697690678e-01
1.169648679530309043e-01 6.176796151908044985e-01 3.494052245031162851e-01
1.169648679530309043e-01 6.176796151908044985e-01 3.494052245031162851e-01
1.257112315155423932e-01 6.207225453499906065e-01 3.545933033482966401e-01
1.257112315155423932e-01 6.207225453499906065e-01 3.545933033482966401e-01
1.342980944032728108e-01 6.237518911141430866e-01 3.597684215152740506e-01
1.342980944032728108e-01 6.237518911141430866e-01 3.597684215152740506e-01
1.427327885042025402e-01 6.267693757775864016e-01 3.649236194370342190e-01
1.427327885042025402e-01 6.267693757775864016e-01 3.649236194370342190e-01
1.510353827730181453e-01 6.297750379931094100e-01 3.700630298724174039e-01
1.510353827730181453e-01 6.297750379931094100e-01 3.700630298724174039e-01
1.592191934771387540e-01 6.327693472761567461e-01 3.751873709539761959e-01
1.592191934771387540e-01 6.327693472761567461e-01 3.751873709539761959e-01
1.672870220122674445e-01 6.357537815649441093e-01 3.802916904839000467e-01
1.672870220122674445e-01 6.357537815649441093e-01 3.802916904839000467e-01
1.752516205337023014e-01 6.387284901801451031e-01 3.853785353263167734e-01
1.752516205337023014e-01 6.387284901801451031e-01 3.853785353263167734e-01
1.831227778359411917e-01 6.416937796484609713e-01 3.904491364948051157e-01
1.831227778359411917e-01 6.416937796484609713e-01 3.904491364948051157e-01
1.909068206812426505e-01 6.446502350323621844e-01 3.955031212799692275e-01
1.909068206812426505e-01 6.446502350323621844e-01 3.955031212799692275e-01
1.986040900040572932e-01 6.475991191095350485e-01 4.005370364455218546e-01
1.986040900040572932e-01 6.475991191095350485e-01 4.005370364455218546e-01
2.062233040284369989e-01 6.505405179199661436e-01 4.055529720746055555e-01
2.062233040284369989e-01 6.505405179199661436e-01 4.055529720746055555e-01
2.137709083262581133e-01 6.534746949931203863e-01 4.105519146871454694e-01
2.137709083262581133e-01 6.534746949931203863e-01 4.105519146871454694e-01
2.212509519235189570e-01 6.564021496781075049e-01 4.155337096655098983e-01
2.212509519235189570e-01 6.564021496781075049e-01 4.155337096655098983e-01
2.286671063668510029e-01 6.593233642221669744e-01 4.204982450193608390e-01
2.286671063668510029e-01 6.593233642221669744e-01 4.204982450193608390e-01
2.360227182283629321e-01 6.622388044998123169e-01 4.254454472003181831e-01
2.360227182283629321e-01 6.622388044998123169e-01 4.254454472003181831e-01
2.433191888540023606e-01 6.651491740034626288e-01 4.303743519177316013e-01
2.433191888540023606e-01 6.651491740034626288e-01 4.303743519177316013e-01
2.505591430942958331e-01 6.680549537405234828e-01 4.352848752001032828e-01
2.505591430942958331e-01 6.680549537405234828e-01 4.352848752001032828e-01
2.577475196042701699e-01 6.709562115687632833e-01 4.401783409099596089e-01
2.577475196042701699e-01 6.709562115687632833e-01 4.401783409099596089e-01
2.648867307630012324e-01 6.738533499487283640e-01 4.450547851029942881e-01
2.648867307630012324e-01 6.738533499487283640e-01 4.450547851029942881e-01
2.719790187739963838e-01 6.767467584458030094e-01 4.499142669026616193e-01
2.719790187739963838e-01 6.767467584458030094e-01 4.499142669026616193e-01
2.790264744541960384e-01 6.796368142361964848e-01 4.547568663629505958e-01
2.790264744541960384e-01 6.796368142361964848e-01 4.547568663629505958e-01
2.860310534133936877e-01 6.825238825799866405e-01 4.595826825477059563e-01
2.860310534133936877e-01 6.825238825799866405e-01 4.595826825477059563e-01
2.929945900735508313e-01 6.854083172617735364e-01 4.643918318041615478e-01
2.929945900735508313e-01 6.854083172617735364e-01 4.643918318041615478e-01
2.999188098890733234e-01 6.882904609996252088e-01 4.691844462101914526e-01
2.999188098890733234e-01 6.882904609996252088e-01 4.691844462101914526e-01
3.068053400586551183e-01 6.911706458233535244e-01 4.739606721765468045e-01
3.068053400586551183e-01 6.911706458233535244e-01 4.739606721765468045e-01
3.136557189648929156e-01 6.940491934232573268e-01 4.787206691869457242e-01
3.136557189648929156e-01 6.940491934232573268e-01 4.787206691869457242e-01
3.204714045341934270e-01 6.969264154706802383e-01 4.834646086603838766e-01
3.204714045341934270e-01 6.969264154706802383e-01 4.834646086603838766e-01
3.272537816748572470e-01 6.998026139118441735e-01 4.881926729214344229e-01
3.272537816748572470e-01 6.998026139118441735e-01 4.881926729214344229e-01
3.340041689235190847e-01 7.026780812365172046e-01 4.929050542655746825e-01
3.340041689235190847e-01 7.026780812365172046e-01 4.929050542655746825e-01
3.407238244076603584e-01 7.055531007231775620e-01 4.976019541077836283e-01
3.407238244076603584e-01 7.055531007231775620e-01 4.976019541077836283e-01
3.474139512138019192e-01 7.084279466623747412e-01 5.022835822037533537e-01
3.474139512138019192e-01 7.084279466623747412e-01 5.022835822037533537e-01
3.540757022361235573e-01 7.113028845600707362e-01 5.069501559340703345e-01
3.540757022361235573e-01 7.113028845600707362e-01 5.069501559340703345e-01
3.607086252789841740e-01 7.141784859527802176e-01 5.116011723651794352e-01
3.607086252789841740e-01 7.141784859527802176e-01 5.116011723651794352e-01
3.673127240473165744e-01 7.170552287674923919e-01 5.162363950669477397e-01
3.673127240473165744e-01 7.170552287674923919e-01 5.162363950669477397e-01
3.738912226136761330e-01 7.199329188290267689e-01 5.208571020107710670e-01
3.738912226136761330e-01 7.199329188290267689e-01 5.208571020107710670e-01
3.804451149145568478e-01 7.228117908018053539e-01 5.254635417238157080e-01
3.804451149145568478e-01 7.228117908018053539e-01 5.254635417238157080e-01
3.869753627447000133e-01 7.256920713212765550e-01 5.300559673038440778e-01
3.869753627447000133e-01 7.256920713212765550e-01 5.300559673038440778e-01
3.934828985371213173e-01 7.285739791150683820e-01 5.346346359479431376e-01
3.934828985371213173e-01 7.285739791150683820e-01 5.346346359479431376e-01
3.999686279090530761e-01 7.314577251152886150e-01 5.391998085001393770e-01
3.999686279090530761e-01 7.314577251152886150e-01 5.391998085001393770e-01
4.064334319935770101e-01 7.343435125637294281e-01 5.437517490138608078e-01
4.064334319935770101e-01 7.343435125637294281e-01 5.437517490138608078e-01
4.128733563006340423e-01 7.372326068664482035e-01 5.482886659073729074e-01
4.128733563006340423e-01 7.372326068664482035e-01 5.482886659073729074e-01
4.192915115413285432e-01 7.401247208001608957e-01 5.528118588006181167e-01
4.192915115413285432e-01 7.401247208001608957e-01 5.528118588006181167e-01
4.256908446607375329e-01 7.430195700425895611e-01 5.573225247827835460e-01
4.256908446607375329e-01 7.430195700425895611e-01 5.573225247827835460e-01
4.320721586813112136e-01 7.459173303807261624e-01 5.618209426684079855e-01
4.320721586813112136e-01 7.459173303807261624e-01 5.618209426684079855e-01
4.384362410454095693e-01 7.488181703475453865e-01 5.663073924112491664e-01
4.384362410454095693e-01 7.488181703475453865e-01 5.663073924112491664e-01
4.447813038209130765e-01 7.517228510440682188e-01 5.707811210430985271e-01
4.447813038209130765e-01 7.517228510440682188e-01 5.707811210430985271e-01
4.511039902870599416e-01 7.546325180104924701e-01 5.752408048030266396e-01
4.511039902870599416e-01 7.546325180104924701e-01 5.752408048030266396e-01
4.574113168623815118e-01 7.575458675870521130e-01 5.796892906025289394e-01
4.574113168623815118e-01 7.575458675870521130e-01 5.796892906025289394e-01
4.637040212499207725e-01 7.604630422998215344e-01 5.841268651499977871e-01
4.637040212499207725e-01 7.604630422998215344e-01 5.841268651499977871e-01
4.699828313560110438e-01 7.633841778280492374e-01 5.885538144241669878e-01
4.699828313560110438e-01 7.633841778280492374e-01 5.885538144241669878e-01
4.762399021083276174e-01 7.663115049290444292e-01 5.929671727426469863e-01
4.762399021083276174e-01 7.663115049290444292e-01 5.929671727426469863e-01
4.824819638255486987e-01 7.692437113950414407e-01 5.973696029603271507e-01
4.824819638255486987e-01 7.692437113950414407e-01 5.973696029603271507e-01
4.887118568799109775e-01 7.721803950764815072e-01 6.017622141229692634e-01
4.887118568799109775e-01 7.721803950764815072e-01 6.017622141229692634e-01
4.949302778857049834e-01 7.751216670956854182e-01 6.061452917343003177e-01
4.949302778857049834e-01 7.751216670956854182e-01 6.061452917343003177e-01
5.011276937154864886e-01 7.780702287689406083e-01 6.105154349481409781e-01
5.011276937154864886e-01 7.780702287689406083e-01 6.105154349481409781e-01
5.073126781826141629e-01 7.810242222766617948e-01 6.148758762956122448e-01
5.073126781826141629e-01 7.810242222766617948e-01 6.148758762956122448e-01
5.134878410686088968e-01 7.839832554236983997e-01 6.192276036189233723e-01
5.134878410686088968e-01 7.839832554236983997e-01 6.192276036189233723e-01
5.196506814564337828e-01 7.869482422365314811e-01 6.235697979566936500e-01
5.196506814564337828e-01 7.869482422365314811e-01 6.235697979566936500e-01
5.257946265073853986e-01 7.899211825557883593e-01 6.279003103140214925e-01
5.257946265073853986e-01 7.899211825557883593e-01 6.279003103140214925e-01
5.319303617074838675e-01 7.928995679508221706e-01 6.322229321023520310e-01
5.319303617074838675e-01 7.928995679508221706e-01 6.322229321023520310e-01
5.380585503120348667e-01 7.958834701064617656e-01 6.365379366577667009e-01
5.380585503120348667e-01 7.958834701064617656e-01 6.365379366577667009e-01
5.441666865066767667e-01 7.988764837138732089e-01 6.408412920552191139e-01
5.441666865066767667e-01 7.988764837138732089e-01 6.408412920552191139e-01
5.502667355848720465e-01 8.018756923187025931e-01 6.451370917263479221e-01
5.502667355848720465e-01 8.018756923187025931e-01 6.451370917263479221e-01
5.563608126593146963e-01 8.048807635205863509e-01 6.494260842732568761e-01
5.563608126593146963e-01 8.048807635205863509e-01 6.494260842732568761e-01
5.624376004420645891e-01 8.078950240086668622e-01 6.537047918963000415e-01
5.624376004420645891e-01 8.078950240086668622e-01 6.537047918963000415e-01
5.685056439708540132e-01 8.109164102686585718e-01 6.579760677689960868e-01
5.685056439708540132e-01 8.109164102686585718e-01 6.579760677689960868e-01
5.745692716087920093e-01 8.139439634846625804e-01 6.622413317154163259e-01
5.745692716087920093e-01 8.139439634846625804e-01 6.622413317154163259e-01
5.806159493360265600e-01 8.169813993649474027e-01 6.664969065800195880e-01
5.806159493360265600e-01 8.169813993649474027e-01 6.664969065800195880e-01
5.866556278230534716e-01 8.200262054431138870e-01 6.707459493225929048e-01
5.866556278230534716e-01 8.200262054431138870e-01 6.707459493225929048e-01
5.926924328003067011e-01 8.230774435659705679e-01 6.749897529667350238e-01
5.926924328003067011e-01 8.230774435659705679e-01 6.749897529667350238e-01
5.987102154273031829e-01 8.261399121085361008e-01 6.792237945842894975e-01
5.987102154273031829e-01 8.261399121085361008e-01 6.792237945842894975e-01
6.047251445008122728e-01 8.292092727423409082e-01 6.834528657588493372e-01
6.047251445008122728e-01 8.292092727423409082e-01 6.834528657588493372e-01
6.107346014199557249e-01 8.322864824030902220e-01 6.876763114777793007e-01
6.107346014199557249e-01 8.322864824030902220e-01 6.876763114777793007e-01
6.167288293714006109e-01 8.353745812634590928e-01 6.918916146781164400e-01
6.167288293714006109e-01 8.353745812634590928e-01 6.918916146781164400e-01
6.227226102322124257e-01 8.384695292450227155e-01 6.961029262731476264e-01
6.227226102322124257e-01 8.384695292450227155e-01 6.961029262731476264e-01
6.287050521055290719e-01 8.415747039001270080e-01 7.003074662541786122e-01
6.287050521055290719e-01 8.415747039001270080e-01 7.003074662541786122e-01
6.346802050115667448e-01 8.446891543839989414e-01 7.045064673552823287e-01
6.346802050115667448e-01 8.446891543839989414e-01 7.045064673552823287e-01
6.406553796274931933e-01 8.478109377704515781e-01 7.087019001901294635e-01
6.406553796274931933e-01 8.478109377704515781e-01 7.087019001901294635e-01
6.466130882141697400e-01 8.509454416287545175e-01 7.128895378343120814e-01
6.466130882141697400e-01 8.509454416287545175e-01 7.128895378343120814e-01
6.525727641342156105e-01 8.540871208238313139e-01 7.170743388088011150e-01
6.525727641342156105e-01 8.540871208238313139e-01 7.170743388088011150e-01
6.585228403140954700e-01 8.572396268626802929e-01 7.212536144417827089e-01
6.585228403140954700e-01 8.572396268626802929e-01 7.212536144417827089e-01
6.644671582355807793e-01 8.604020267276384359e-01 7.254284441726803756e-01
6.644671582355807793e-01 8.604020267276384359e-01 7.254284441726803756e-01
6.704110537447206530e-01 8.635729098853103247e-01 7.296001709197708074e-01
6.704110537447206530e-01 8.635729098853103247e-01 7.296001709197708074e-01
6.763412141624156604e-01 8.667565212917007766e-01 7.337659373364403548e-01
6.763412141624156604e-01 8.667565212917007766e-01 7.337659373364403548e-01
6.822757463930186894e-01 8.699475549801449770e-01 7.379299007941654276e-01
6.822757463930186894e-01 8.699475549801449770e-01 7.379299007941654276e-01
6.881965491176086358e-01 8.731517466151113016e-01 7.420882649583111501e-01
6.881965491176086358e-01 8.731517466151113016e-01 7.420882649583111501e-01
6.941190302732620498e-01 8.763645716011486675e-01 7.462444599980417870e-01
6.941190302732620498e-01 8.763645716011486675e-01 7.462444599980417870e-01
7.000347996569949993e-01 8.795888105742369900e-01 7.503968552433166739e-01
7.000347996569949993e-01 8.795888105742369900e-01 7.503968552433166739e-01
7.059464520176773616e-01 8.828238630794498221e-01 7.545461301158860046e-01
7.059464520176773616e-01 8.828238630794498221e-01 7.545461301158860046e-01
7.118576245033683136e-01 8.860687874568328182e-01 7.586931119235762466e-01
7.118576245033683136e-01 8.860687874568328182e-01 7.586931119235762466e-01
7.177596816424591797e-01 8.893264834530557605e-01 7.628362889928215207e-01
7.177596816424591797e-01 8.893264834530557605e-01 7.628362889928215207e-01
7.236667072693698799e-01 8.925927185902298167e-01 7.669784082531869718e-01
7.236667072693698799e-01 8.925927185902298167e-01 7.669784082531869718e-01
7.295604148712603321e-01 8.958734544766077112e-01 7.711162808616379705e-01
7.295604148712603321e-01 8.958734544766077112e-01 7.711162808616379705e-01
7.354626819416891781e-01 8.991619559606002232e-01 7.752538984814217882e-01
7.354626819416891781e-01 8.991619559606002232e-01 7.752538984814217882e-01
7.413503758720719761e-01 9.024657662089521359e-01 7.793874103119180496e-01
7.413503758720719761e-01 9.024657662089521359e-01 7.793874103119180496e-01
7.472464530141923467e-01 9.057777532470114856e-01 7.835207770669336824e-01
7.472464530141923467e-01 9.057777532470114856e-01 7.835207770669336824e-01
7.531313200961676779e-01 9.091043775459896059e-01 7.876509361994776803e-01
7.531313200961676779e-01 9.091043775459896059e-01 7.876509361994776803e-01
7.590224823474067684e-01 9.124402011114446376e-01 7.917807494039810212e-01
7.590224823474067684e-01 9.124402011114446376e-01 7.917807494039810212e-01
7.649050372990952029e-01 9.157902166753828510e-01 7.959080654661285781e-01
7.649050372990952029e-01 9.157902166753828510e-01 7.959080654661285781e-01
7.707925749859445563e-01 9.191502105381142984e-01 8.000349819834684517e-01
7.707925749859445563e-01 9.191502105381142984e-01 8.000349819834684517e-01
7.766733548274271648e-01 9.225241814267161056e-01 8.041599468394851069e-01
7.766733548274271648e-01 9.225241814267161056e-01 8.041599468394851069e-01
7.825585749106522826e-01 9.259086626332737602e-01 8.082845796801563232e-01
7.825585749106522826e-01 9.259086626332737602e-01 8.082845796801563232e-01
7.884381412603839179e-01 9.293071394871781354e-01 8.124076643832397471e-01
7.884381412603839179e-01 9.293071394871781354e-01 8.124076643832397471e-01
7.943223689330238813e-01 9.327164087515801283e-01 8.165305791848571637e-01
7.943223689330238813e-01 9.327164087515801283e-01 8.165305791848571637e-01
8.002013105013648930e-01 9.361399284489567707e-01 8.206522308703660951e-01
8.002013105013648930e-01 9.361399284489567707e-01 8.206522308703660951e-01
8.060858910987295234e-01 9.395742704324241412e-01 8.247739422374034124e-01
8.060858910987295234e-01 9.395742704324241412e-01 8.247739422374034124e-01
8.119648264217539380e-01 9.430233556500497993e-01 8.288945809554942867e-01
8.119648264217539380e-01 9.430233556500497993e-01 8.288945809554942867e-01
8.178511277079956177e-01 9.464830391050156333e-01 8.330155486384892560e-01
8.178511277079956177e-01 9.464830391050156333e-01 8.330155486384892560e-01
8.237307081672897713e-01 9.499581977652448161e-01 8.371355641288928950e-01
8.237307081672897713e-01 9.499581977652448161e-01 8.371355641288928950e-01
8.296201230690216644e-01 9.534434755156443453e-01 8.412561890260856767e-01
8.296201230690216644e-01 9.534434755156443453e-01 8.412561890260856767e-01
8.355010362458297202e-01 9.569452000984485229e-01 8.453759374437277430e-01
8.355010362458297202e-01 9.569452000984485229e-01 8.453759374437277430e-01
8.413949861096849947e-01 9.604563088246029778e-01 8.494965574133112041e-01
8.413949861096849947e-01 9.604563088246029778e-01 8.494965574133112041e-01
8.472779595239662287e-01 9.639850755215638722e-01 8.536163580215282431e-01
8.472779595239662287e-01 9.639850755215638722e-01 8.536163580215282431e-01
8.531750188821655145e-01 9.675232117804628551e-01 8.577370767936774998e-01
8.531750188821655145e-01 9.675232117804628551e-01 8.577370767936774998e-01
8.590637032682673091e-01 9.710785029985855576e-01 8.618573753591680653e-01
8.590637032682673091e-01 9.710785029985855576e-01 8.618573753591680653e-01
8.649638674495844226e-01 9.746443882551376614e-01 8.659783961988457568e-01
8.649638674495844226e-01 9.746443882551376614e-01 8.659783961988457568e-01
8.708605783737460859e-01 9.782261256269056959e-01 8.700994234855624621e-01
8.708605783737460859e-01 9.782261256269056959e-01 8.700994234855624621e-01
8.767646946444798139e-01 9.818201918200316625e-01 8.742209606691830892e-01
8.767646946444798139e-01 9.818201918200316625e-01 8.742209606691830892e-01
8.826709919264880133e-01 9.854285481211240150e-01 8.783428130492644259e-01
8.826709919264880133e-01 9.854285481211240150e-01 8.783428130492644259e-01
8.885799646009463482e-01 9.890512061525790211e-01 8.824650326332487138e-01
8.885799646009463482e-01 9.890512061525790211e-01 8.824650326332487138e-01
8.944974592474277397e-01 9.926863336584743625e-01 8.865877234612109525e-01
8.944974592474277397e-01 9.926863336584743625e-01 8.865877234612109525e-01
9.004122557740911192e-01 9.963379714953189970e-01 8.907107404312342158e-01
9.004122557740911192e-01 9.963379714953189970e-01 8.907107404312342158e-01
9.063426175575338695e-01 1.000000000000000000e+00 8.948341952721049486e-01
9.063426175575338695e-01 1.000000000000000000e+00 8.948341952721049486e-01
