1.061274539659332883e-01 1.034818953064584462e-01 1.029849049388759097e-01
1.061274539659332883e-01 1.034818953064584462e-01 1.029849049388759097e-01
1.095141469546041940e-01 1.057061822352868830e-01 1.048911376858071703e-01
1.095141469546041940e-01 1.057061822352868830e-01 1.048911376858071703e-01
1.130287440396726961e-01 1.078759010515550343e-01 1.066872554449771332e-01
1.130287440396726961e-01 1.078759010515550343e-01 1.066872554449771332e-01
1.165943587587522368e-01 1.100162553142420702e-01 1.084260966520520231e-01
1.165943587587522368e-01 1.100162553142420702e-01 1.084260966520520231e-01
1.201926650121820095e-01 1.121333928998477364e-01 1.101203594180419076e-01
1.201926650121820095e-01 1.121333928998477364e-01 1.101203594180419076e-01
1.238147668845354099e-01 1.142304430450200997e-01 1.117763978728255475e-01
1.238147668845354099e-01 1.142304430450200997e-01 1.117763978728255475e-01
1.274552571303093629e-01 1.163094317824140550e-01 1.133982590798910256e-01
1.274552571303093629e-01 1.163094317824140550e-01 1.133982590798910256e-01
1.311108665238251703e-01 1.183716965852630865e-01 1.149885501496778206e-01
1.311108665238251703e-01 1.183716965852630865e-01 1.149885501496778206e-01
1.347791581433267216e-01 1.204183151724250028e-01 1.165493469653055975e-01
1.347791581433267216e-01 1.204183151724250028e-01 1.165493469653055975e-01
1.384585041505758951e-01 1.224500981340436861e-01 1.180821731648059036e-01
1.384585041505758951e-01 1.224500981340436861e-01 1.180821731648059036e-01
1.421475621424030389e-01 1.244677660363338184e-01 1.195883773554346913e-01
1.421475621424030389e-01 1.244677660363338184e-01 1.195883773554346913e-01
1.458456031494460570e-01 1.264718222843284334e-01 1.210688563553725811e-01
1.458456031494460570e-01 1.264718222843284334e-01 1.210688563553725811e-01
1.495516630386746759e-01 1.284628602798666419e-01 1.225247162912395382e-01
1.495516630386746759e-01 1.284628602798666419e-01 1.225247162912395382e-01
1.532654529577761604e-01 1.304412228290375564e-01 1.239565353709855683e-01
1.532654529577761604e-01 1.304412228290375564e-01 1.239565353709855683e-01
1.569864260903947040e-01 1.324073472474740498e-01 1.253651087608925463e-01
1.569864260903947040e-01 1.324073472474740498e-01 1.253651087608925463e-01
1.607141577764958917e-01 1.343616235425558469e-01 1.267511413353852312e-01
1.607141577764958917e-01 1.343616235425558469e-01 1.267511413353852312e-01
1.644488288491538219e-01 1.363042032535460579e-01 1.281148316139650301e-01
1.644488288491538219e-01 1.363042032535460579e-01 1.281148316139650301e-01
1.681896517988616946e-01 1.382356101048746455e-01 1.294571963087946254e-01
1.681896517988616946e-01 1.382356101048746455e-01 1.294571963087946254e-01
1.719371597465970680e-01 1.401558456115935825e-01 1.307781282028975811e-01
1.719371597465970680e-01 1.401558456115935825e-01 1.307781282028975811e-01
1.756907964334677719e-01 1.420653350391165304e-01 1.320784498136514384e-01
1.756907964334677719e-01 1.420653350391165304e-01 1.320784498136514384e-01
1.794505057333440623e-01 1.439643021359280350e-01 1.333585549630524059e-01
1.794505057333440623e-01 1.439643021359280350e-01 1.333585549630524059e-01
1.832167876836571507e-01 1.458527367921849394e-01 1.346183374451655756e-01
1.832167876836571507e-01 1.458527367921849394e-01 1.346183374451655756e-01
1.869887249343680224e-01 1.477312027335254130e-01 1.358589469756802670e-01
1.869887249343680224e-01 1.477312027335254130e-01 1.358589469756802670e-01
1.907674289447752192e-01 1.495994233252857519e-01 1.370797139021519007e-01
1.907674289447752192e-01 1.495994233252857519e-01 1.370797139021519007e-01
1.945520627014895032e-01 1.514579220517349445e-01 1.382817159319058853e-01
1.945520627014895032e-01 1.514579220517349445e-01 1.382817159319058853e-01
1.983428133262571114e-01 1.533067937814484860e-01 1.394651060395768194e-01
1.983428133262571114e-01 1.533067937814484860e-01 1.394651060395768194e-01
2.021403538913561782e-01 1.551459167686640161e-01 1.406295738843914567e-01
2.021403538913561782e-01 1.551459167686640161e-01 1.406295738843914567e-01
2.059435502203786905e-01 1.569759379225988405e-01 1.417764857146428248e-01
2.059435502203786905e-01 1.569759379225988405e-01 1.417764857146428248e-01
2.097539688104504974e-01 1.587963357667928066e-01 1.429046772272965782e-01
2.097539688104504974e-01 1.587963357667928066e-01 1.429046772272965782e-01
2.135704899963782322e-01 1.606077458249812462e-01 1.440155024824876784e-01
2.135704899963782322e-01 1.606077458249812462e-01 1.440155024824876784e-01
2.173933937022214102e-01 1.624101938353099128e-01 1.451089978076049725e-01
2.173933937022214102e-01 1.624101938353099128e-01 1.451089978076049725e-01
2.212236056524284900e-01 1.642034076577357782e-01 1.461845615631306439e-01
2.212236056524284900e-01 1.642034076577357782e-01 1.461845615631306439e-01
2.250596875592771884e-01 1.659881672210134773e-01 1.472438758191229879e-01
2.250596875592771884e-01 1.659881672210134773e-01 1.472438758191229879e-01
2.289034972278351232e-01 1.677637667365322882e-01 1.482854140238287211e-01
2.289034972278351232e-01 1.677637667365322882e-01 1.482854140238287211e-01
2.327538477751615043e-01 1.695308697674568210e-01 1.493106168604259876e-01
2.327538477751615043e-01 1.695308697674568210e-01 1.493106168604259876e-01
2.366108110839539036e-01 1.712895707645377408e-01 1.503196989020424423e-01
2.366108110839539036e-01 1.712895707645377408e-01 1.503196989020424423e-01
2.404758641439076472e-01 1.730393029614129274e-01 1.513114575709643972e-01
2.404758641439076472e-01 1.730393029614129274e-01 1.513114575709643972e-01
2.443471074213552641e-01 1.747810661370713392e-01 1.522880689865140635e-01
2.443471074213552641e-01 1.747810661370713392e-01 1.522880689865140635e-01
2.482264281056511812e-01 1.765140865364392964e-01 1.532478990193578972e-01
2.482264281056511812e-01 1.765140865364392964e-01 1.532478990193578972e-01
2.521130269912054689e-01 1.782388459747741571e-01 1.541920189700452248e-01
2.521130269912054689e-01 1.782388459747741571e-01 1.541920189700452248e-01
2.560062466308375417e-01 1.799557674121519124e-01 1.551213740783477790e-01
2.560062466308375417e-01 1.799557674121519124e-01 1.551213740783477790e-01
2.599086653106913447e-01 1.816637068360836271e-01 1.560335655427935730e-01
2.599086653106913447e-01 1.816637068360836271e-01 1.560335655427935730e-01
2.638176569881773847e-01 1.833640309910674060e-01 1.569315665775342927e-01
2.638176569881773847e-01 1.833640309910674060e-01 1.569315665775342927e-01
2.677347431040161818e-01 1.850560945745318153e-01 1.578140574804834662e-01
2.677347431040161818e-01 1.850560945745318153e-01 1.578140574804834662e-01
2.716602462308975174e-01 1.867398240563865608e-01 1.586809484529087544e-01
2.716602462308975174e-01 1.867398240563865608e-01 1.586809484529087544e-01
2.755925190727862018e-01 1.884161275473872077e-01 1.595342354595689627e-01
2.755925190727862018e-01 1.884161275473872077e-01 1.595342354595689627e-01
2.795344739090581121e-01 1.900836306228989581e-01 1.603710827065809030e-01
2.795344739090581121e-01 1.900836306228989581e-01 1.603710827065809030e-01
2.834839669188813360e-01 1.917434886234938851e-01 1.611940178298976178e-01
2.834839669188813360e-01 1.917434886234938851e-01 1.611940178298976178e-01
2.874410599742480699e-01 1.933957556225231744e-01 1.620032370171248515e-01
2.874410599742480699e-01 1.933957556225231744e-01 1.620032370171248515e-01
2.914082557569123155e-01 1.950392205042369431e-01 1.627962879565737764e-01
2.914082557569123155e-01 1.950392205042369431e-01 1.627962879565737764e-01
2.953826761691391578e-01 1.966754358826115767e-01 1.635765312435210062e-01
2.953826761691391578e-01 1.966754358826115767e-01 1.635765312435210062e-01
2.993660985126131435e-01 1.983035531928565853e-01 1.643422908330285093e-01
2.993660985126131435e-01 1.983035531928565853e-01 1.643422908330285093e-01
3.033589479054527027e-01 1.999234099149680421e-01 1.650933429571983246e-01
3.033589479054527027e-01 1.999234099149680421e-01 1.650933429571983246e-01
3.073592633468132940e-01 2.015361067395737005e-01 1.658320948867360312e-01
3.073592633468132940e-01 2.015361067395737005e-01 1.658320948867360312e-01
3.113699615534841758e-01 2.031401555555364669e-01 1.665555787667286070e-01
3.113699615534841758e-01 2.031401555555364669e-01 1.665555787667286070e-01
3.153894431933313980e-01 2.047364627844653340e-01 1.672658078488597488e-01
3.153894431933313980e-01 2.047364627844653340e-01 1.672658078488597488e-01
3.194166506367929204e-01 2.063256636214106376e-01 1.679642218497338635e-01
3.194166506367929204e-01 2.063256636214106376e-01 1.679642218497338635e-01
3.234555409774848012e-01 2.079056577609702805e-01 1.686466436969555061e-01
3.234555409774848012e-01 2.079056577609702805e-01 1.686466436969555061e-01
3.275026619898965818e-01 2.094783749021037755e-01 1.693171910555067439e-01
3.275026619898965818e-01 2.094783749021037755e-01 1.693171910555067439e-01
3.315582300044458974e-01 2.110437567001442749e-01 1.699758889257804717e-01
3.315582300044458974e-01 2.110437567001442749e-01 1.699758889257804717e-01
3.356257514549918497e-01 2.125998959362143947e-01 1.706190186962150968e-01
3.356257514549918497e-01 2.125998959362143947e-01 1.706190186962150968e-01
3.397015473957752940e-01 2.141488846870920060e-01 1.712510085683248418e-01
3.397015473957752940e-01 2.141488846870920060e-01 1.712510085683248418e-01
3.437865730592535307e-01 2.156902380069914971e-01 1.718710421389255671e-01
3.437865730592535307e-01 2.156902380069914971e-01 1.718710421389255671e-01
3.478835257838655548e-01 2.172224567411918106e-01 1.724762883750678433e-01
3.478835257838655548e-01 2.172224567411918106e-01 1.724762883750678433e-01
3.519890604785772537e-01 2.187474819277818172e-01 1.730708468337297246e-01
3.519890604785772537e-01 2.187474819277818172e-01 1.730708468337297246e-01
3.561043544377202608e-01 2.202646811677460015e-01 1.736536398013824312e-01
3.561043544377202608e-01 2.202646811677460015e-01 1.736536398013824312e-01
3.602318096213810716e-01 2.217726852907643820e-01 1.742221551768962373e-01
3.602318096213810716e-01 2.217726852907643820e-01 1.742221551768962373e-01
3.643681745911062086e-01 2.232734152203893763e-01 1.747804313472109683e-01
3.643681745911062086e-01 2.232734152203893763e-01 1.747804313472109683e-01
3.685144997663890032e-01 2.247662923285885794e-01 1.753275352136408616e-01
3.685144997663890032e-01 2.247662923285885794e-01 1.753275352136408616e-01
3.726735547698930007e-01 2.262496922363304575e-01 1.758605127098236132e-01
3.726735547698930007e-01 2.262496922363304575e-01 1.758605127098236132e-01
3.768418679624606638e-01 2.277256987961020773e-01 1.763837030738782397e-01
3.768418679624606638e-01 2.277256987961020773e-01 1.763837030738782397e-01
3.810199337900371797e-01 2.291940499671387688e-01 1.768968286060546291e-01
3.810199337900371797e-01 2.291940499671387688e-01 1.768968286060546291e-01
3.852117102631913426e-01 2.306523606889370748e-01 1.773955282746758066e-01
3.852117102631913426e-01 2.306523606889370748e-01 1.773955282746758066e-01
3.894131138155329519e-01 2.321031194287801469e-01 1.778849049171369323e-01
3.894131138155329519e-01 2.321031194287801469e-01 1.778849049171369323e-01
3.936242212115614869e-01 2.335463089582480167e-01 1.783651853768024598e-01
3.936242212115614869e-01 2.335463089582480167e-01 1.783651853768024598e-01
3.978492105254521904e-01 2.349793536936682636e-01 1.788317368880283642e-01
3.978492105254521904e-01 2.349793536936682636e-01 1.788317368880283642e-01
4.020848672713338012e-01 2.364042441570765041e-01 1.792886806205835626e-01
4.020848672713338012e-01 2.364042441570765041e-01 1.792886806205835626e-01
4.063306293269635661e-01 2.378213496779955916e-01 1.797370164623873778e-01
4.063306293269635661e-01 2.378213496779955916e-01 1.797370164623873778e-01
4.105889598542484809e-01 2.392291230288748627e-01 1.801741492922943055e-01
4.105889598542484809e-01 2.392291230288748627e-01 1.801741492922943055e-01
4.148600482662366806e-01 2.406274296321471162e-01 1.806001887007856743e-01
4.148600482662366806e-01 2.406274296321471162e-01 1.806001887007856743e-01
4.191416621001317622e-01 2.420176936668337886e-01 1.810181476509736820e-01
4.191416621001317622e-01 2.420176936668337886e-01 1.810181476509736820e-01
4.234339101353212231e-01 2.433998566846172495e-01 1.814282597513804940e-01
4.234339101353212231e-01 2.433998566846172495e-01 1.814282597513804940e-01
4.277415196412852061e-01 2.447708340153358086e-01 1.818252342562557966e-01
4.277415196412852061e-01 2.447708340153358086e-01 1.818252342562557966e-01
4.320601888728953233e-01 2.461334053636766162e-01 1.822145944243992732e-01
4.320601888728953233e-01 2.461334053636766162e-01 1.822145944243992732e-01
4.363899409872977198e-01 2.474875573239397331e-01 1.825967034688759094e-01
4.363899409872977198e-01 2.474875573239397331e-01 1.825967034688759094e-01
4.407320594689435045e-01 2.488324325009211579e-01 1.829704217643909059e-01
4.407320594689435045e-01 2.488324325009211579e-01 1.829704217643909059e-01
4.450889839660271963e-01 2.501663698623498577e-01 1.833332296556527130e-01
4.450889839660271963e-01 2.501663698623498577e-01 1.833332296556527130e-01
4.494574524461744658e-01 2.514915269364896844e-01 1.836894647735536068e-01
4.494574524461744658e-01 2.514915269364896844e-01 1.836894647735536068e-01
4.538376036486714837e-01 2.528077997967010937e-01 1.840393967228976246e-01
4.538376036486714837e-01 2.528077997967010937e-01 1.840393967228976246e-01
4.582306892222273165e-01 2.541143153682887679e-01 1.843819712091055996e-01
4.582306892222273165e-01 2.541143153682887679e-01 1.843819712091055996e-01
4.626390645775674826e-01 2.554094104608907179e-01 1.847148241649222700e-01
4.626390645775674826e-01 2.554094104608907179e-01 1.847148241649222700e-01
4.670596007203943745e-01 2.566951998423481762e-01 1.850421922272792730e-01
4.670596007203943745e-01 2.566951998423481762e-01 1.850421922272792730e-01
4.714924519701467753e-01 2.579715517933637847e-01 1.853643841830808492e-01
4.714924519701467753e-01 2.579715517933637847e-01 1.853643841830808492e-01
4.759377787716219110e-01 2.592383258690026948e-01 1.856817176113743917e-01
4.759377787716219110e-01 2.592383258690026948e-01 1.856817176113743917e-01
4.803992712557079714e-01 2.604928613378716951e-01 1.859903049966934174e-01
4.803992712557079714e-01 2.604928613378716951e-01 1.859903049966934174e-01
4.848741403545306361e-01 2.617370713653018877e-01 1.862940403727183503e-01
4.848741403545306361e-01 2.617370713653018877e-01 1.862940403727183503e-01
4.893619739097802013e-01 2.629712058002944830e-01 1.865939854723855651e-01
4.893619739097802013e-01 2.629712058002944830e-01 1.865939854723855651e-01
4.938629428561550627e-01 2.641950966622303443e-01 1.868905246726784153e-01
4.938629428561550627e-01 2.641950966622303443e-01 1.868905246726784153e-01
4.983772228318402719e-01 2.654085671637918531e-01 1.871840590872577703e-01
4.983772228318402719e-01 2.654085671637918531e-01 1.871840590872577703e-01
5.029080488670857330e-01 2.666091741343833421e-01 1.874713881072388733e-01
5.029080488670857330e-01 2.666091741343833421e-01 1.874713881072388733e-01
5.074530442242410899e-01 2.677985796251741712e-01 1.877560076105801445e-01
5.074530442242410899e-01 2.677985796251741712e-01 1.877560076105801445e-01
5.120118216465376904e-01 2.689770027378432515e-01 1.880390666022059842e-01
5.120118216465376904e-01 2.689770027378432515e-01 1.880390666022059842e-01
5.165845582167319927e-01 2.701442423898327005e-01 1.883210725811302055e-01
5.165845582167319927e-01 2.701442423898327005e-01 1.883210725811302055e-01
5.211714330263395034e-01 2.713000895813091895e-01 1.886025614383609050e-01
5.211714330263395034e-01 2.713000895813091895e-01 1.886025614383609050e-01
5.257726264778068703e-01 2.724443276529853741e-01 1.888841003225577297e-01
5.257726264778068703e-01 2.724443276529853741e-01 1.888841003225577297e-01
5.303900166235606672e-01 2.735754216687436569e-01 1.891643206843338088e-01
5.303900166235606672e-01 2.735754216687436569e-01 1.891643206843338088e-01
5.350230601730221469e-01 2.746936744572430755e-01 1.894447255359568982e-01
5.350230601730221469e-01 2.746936744572430755e-01 1.894447255359568982e-01
5.396708162168734058e-01 2.757997095026813450e-01 1.897273022774443596e-01
5.396708162168734058e-01 2.757997095026813450e-01 1.897273022774443596e-01
5.443334480645851681e-01 2.768932963626232202e-01 1.900127928416797118e-01
5.443334480645851681e-01 2.768932963626232202e-01 1.900127928416797118e-01
5.490111153106548292e-01 2.779741999280643250e-01 1.903019879617910692e-01
5.490111153106548292e-01 2.779741999280643250e-01 1.903019879617910692e-01
5.537039725177398397e-01 2.790421812632338794e-01 1.905957314808209013e-01
5.537039725177398397e-01 2.790421812632338794e-01 1.905957314808209013e-01
5.584121677599753752e-01 2.800969985852983513e-01 1.908949249520685842e-01
5.584121677599753752e-01 2.800969985852983513e-01 1.908949249520685842e-01
5.631358410159348349e-01 2.811384083988388016e-01 1.912005325372793940e-01
5.631358410159348349e-01 2.811384083988388016e-01 1.912005325372793940e-01
5.678751224004661147e-01 2.821661668010165269e-01 1.915135862075423301e-01
5.678751224004661147e-01 2.821661668010165269e-01 1.915135862075423301e-01
5.726301302244124480e-01 2.831800309744311739e-01 1.918351912487880062e-01
5.726301302244124480e-01 2.831800309744311739e-01 1.918351912487880062e-01
5.774009688711935206e-01 2.841797608856724833e-01 1.921665320701317070e-01
5.774009688711935206e-01 2.841797608856724833e-01 1.921665320701317070e-01
5.821877264792698625e-01 2.851651212086016574e-01 1.925088783088635125e-01
5.821877264792698625e-01 2.851651212086016574e-01 1.925088783088635125e-01
5.869904724198189427e-01 2.861358834922497207e-01 1.928635912205372560e-01
5.869904724198189427e-01 2.861358834922497207e-01 1.928635912205372560e-01
5.918092545593839349e-01 2.870918285940141645e-01 1.932321303362730391e-01
5.918092545593839349e-01 2.870918285940141645e-01 1.932321303362730391e-01
5.966440962980076312e-01 2.880327493994714327e-01 1.936160603619457299e-01
5.966440962980076312e-01 2.880327493994714327e-01 1.936160603619457299e-01
6.014949933743773958e-01 2.889584538504674782e-01 1.940170582852730197e-01
6.014949933743773958e-01 2.889584538504674782e-01 1.940170582852730197e-01
6.063619104308801688e-01 2.898687683032907247e-01 1.944369206468709588e-01
6.063619104308801688e-01 2.898687683032907247e-01 1.944369206468709588e-01
6.112447773332004841e-01 2.907635412384843576e-01 1.948775709200306905e-01
6.112447773332004841e-01 2.907635412384843576e-01 1.948775709200306905e-01
6.161434852413337770e-01 2.916426473431604216e-01 1.953410669312128090e-01
6.161434852413337770e-01 2.916426473431604216e-01 1.953410669312128090e-01
6.210578824315214908e-01 2.925059919855034773e-01 1.958296082390547921e-01
6.210578824315214908e-01 2.925059919855034773e-01 1.958296082390547921e-01
6.259877698719013006e-01 2.933535160993392954e-01 1.963455433740805833e-01
6.259877698719013006e-01 2.933535160993392954e-01 1.963455433740805833e-01
6.309328965584605209e-01 2.941852014940670168e-01 1.968913768242787909e-01
6.309328965584605209e-01 2.941852014940670168e-01 1.968913768242787909e-01
6.358929546223541784e-01 2.950010766019446895e-01 1.974697756335769550e-01
6.358929546223541784e-01 2.950010766019446895e-01 1.974697756335769550e-01
6.408675742247846863e-01 2.958012226703164993e-01 1.980835754610473509e-01
6.408675742247846863e-01 2.958012226703164993e-01 1.980835754610473509e-01
6.458563182614590614e-01 2.965857804010303411e-01 1.987357859288859108e-01
6.458563182614590614e-01 2.965857804010303411e-01 1.987357859288859108e-01
6.508606146150505145e-01 2.973531196818182121e-01 1.994279872140946319e-01
6.508606146150505145e-01 2.973531196818182121e-01 1.994279872140946319e-01
6.558798386511076606e-01 2.981035054128911566e-01 2.001637317036490671e-01
6.558798386511076606e-01 2.981035054128911566e-01 2.001637317036490671e-01
6.609116556632481654e-01 2.988388544848301631e-01 2.009480307270733734e-01
6.609116556632481654e-01 2.988388544848301631e-01 2.009480307270733734e-01
6.659552805576074430e-01 2.995596343032045361e-01 2.017846799128912849e-01
6.659552805576074430e-01 2.995596343032045361e-01 2.017846799128912849e-01
6.710099397790828535e-01 3.002663064028082140e-01 2.026775823697627432e-01
6.710099397790828535e-01 3.002663064028082140e-01 2.026775823697627432e-01
6.760794694994174403e-01 3.009547521615627552e-01 2.036276281274367328e-01
6.760794694994174403e-01 3.009547521615627552e-01 2.036276281274367328e-01
6.811579732974777368e-01 3.016304474552911064e-01 2.046427785192743987e-01
6.811579732974777368e-01 3.016304474552911064e-01 2.046427785192743987e-01
6.862441995325029298e-01 3.022943578609886273e-01 2.057276100249808559e-01
6.862441995325029298e-01 3.022943578609886273e-01 2.057276100249808559e-01
6.913409533069052593e-01 3.029433099806312923e-01 2.068844787449336531e-01
6.913409533069052593e-01 3.029433099806312923e-01 2.068844787449336531e-01
6.964441910136526248e-01 3.035810669056039912e-01 2.081201182226480595e-01
6.964441910136526248e-01 3.035810669056039912e-01 2.081201182226480595e-01
7.015507516205323757e-01 3.042105992255289548e-01 2.094404986856112649e-01
7.015507516205323757e-01 3.042105992255289548e-01 2.094404986856112649e-01
7.066647347470264018e-01 3.048272940784630958e-01 2.108482199965020232e-01
7.066647347470264018e-01 3.048272940784630958e-01 2.108482199965020232e-01
7.117779907917732851e-01 3.054394011115329488e-01 2.123517683953732582e-01
7.117779907917732851e-01 3.054394011115329488e-01 2.123517683953732582e-01
7.168928199297845971e-01 3.060441965182448820e-01 2.139549595506232416e-01
7.168928199297845971e-01 3.060441965182448820e-01 2.139549595506232416e-01
7.220041740829468147e-01 3.066468241979005138e-01 2.156645530188074644e-01
7.220041740829468147e-01 3.066468241979005138e-01 2.156645530188074644e-01
7.271116308341099010e-01 3.072474963388736047e-01 2.174856654764862895e-01
7.271116308341099010e-01 3.072474963388736047e-01 2.174856654764862895e-01
7.322105887795308243e-01 3.078510542522338578e-01 2.194244397346323261e-01
7.322105887795308243e-01 3.078510542522338578e-01 2.194244397346323261e-01
7.373004546410716342e-01 3.084579652645434988e-01 2.214860765794890163e-01
7.373004546410716342e-01 3.084579652645434988e-01 2.214860765794890163e-01
7.423750209624374596e-01 3.090750823630424304e-01 2.236762201140715389e-01
7.423750209624374596e-01 3.090750823630424304e-01 2.236762201140715389e-01
7.474349366701301678e-01 3.097015572163456798e-01 2.259998464209464208e-01
7.474349366701301678e-01 3.097015572163456798e-01 2.259998464209464208e-01
7.524733500329312541e-01 3.103452242759307533e-01 2.284615998545853066e-01
7.524733500329312541e-01 3.103452242759307533e-01 2.284615998545853066e-01
7.574877338736026866e-01 3.110090701373765532e-01 2.310656322521291994e-01
7.574877338736026866e-01 3.110090701373765532e-01 2.310656322521291994e-01
7.624753935015756712e-01 3.116963277810504973e-01 2.338158724995901550e-01
7.624753935015756712e-01 3.116963277810504973e-01 2.338158724995901550e-01
7.674309965727785787e-01 3.124135077188587850e-01 2.367148078430219571e-01
7.674309965727785787e-01 3.124135077188587850e-01 2.367148078430219571e-01
7.723511831191469668e-01 3.131648973008795966e-01 2.397646693220291114e-01
7.723511831191469668e-01 3.131648973008795966e-01 2.397646693220291114e-01
7.772332479784407333e-01 3.139540532304101461e-01 2.429675136114592682e-01
7.772332479784407333e-01 3.139540532304101461e-01 2.429675136114592682e-01
7.820723266146635266e-01 3.147873400509140773e-01 2.463232288136655290e-01
7.820723266146635266e-01 3.147873400509140773e-01 2.463232288136655290e-01
7.868650647010163590e-01 3.156693730460358727e-01 2.498315837220082547e-01
7.868650647010163590e-01 3.156693730460358727e-01 2.498315837220082547e-01
7.916083115165090112e-01 3.166046019508582665e-01 2.534916496872717251e-01
7.916083115165090112e-01 3.166046019508582665e-01 2.534916496872717251e-01
7.962991052950286752e-01 3.175973139328334693e-01 2.573018224343467386e-01
7.962991052950286752e-01 3.175973139328334693e-01 2.573018224343467386e-01
8.009341448428868304e-01 3.186523445321640113e-01 2.612590379341441227e-01
8.009341448428868304e-01 3.186523445321640113e-01 2.612590379341441227e-01
8.055108363289389395e-01 3.197736694102110699e-01 2.653600716517101055e-01
8.055108363289389395e-01 3.197736694102110699e-01 2.653600716517101055e-01
8.100268174351988870e-01 3.209650054543298769e-01 2.696011278692964641e-01
8.100268174351988870e-01 3.209650054543298769e-01 2.696011278692964641e-01
8.144799753529193831e-01 3.222297653810172746e-01 2.739779598291984253e-01
8.144799753529193831e-01 3.222297653810172746e-01 2.739779598291984253e-01
8.188683346960602405e-01 3.235712036707131811e-01 2.784856964734553353e-01
8.188683346960602405e-01 3.235712036707131811e-01 2.784856964734553353e-01
8.231902276949926156e-01 3.249921493306145992e-01 2.831193192152505755e-01
8.231902276949926156e-01 3.249921493306145992e-01 2.831193192152505755e-01
8.274442024896455639e-01 3.264951110104422627e-01 2.878736471913362904e-01
8.274442024896455639e-01 3.264951110104422627e-01 2.878736471913362904e-01
8.316289744025244790e-01 3.280823281375003786e-01 2.927433577648134166e-01
8.316289744025244790e-01 3.280823281375003786e-01 2.927433577648134166e-01
8.357433197624222210e-01 3.297559355576327178e-01 2.977226370173904901e-01
8.357433197624222210e-01 3.297559355576327178e-01 2.977226370173904901e-01
8.397862901747933373e-01 3.315175745865744372e-01 3.028062799335314859e-01
8.397862901747933373e-01 3.315175745865744372e-01 3.028062799335314859e-01
8.437569658807962947e-01 3.333687805663020365e-01 3.079888936528559218e-01
8.437569658807962947e-01 3.333687805663020365e-01 3.079888936528559218e-01
8.476544861599377700e-01 3.353109197803064156e-01 3.132651131671426170e-01
8.476544861599377700e-01 3.353109197803064156e-01 3.132651131671426170e-01
8.514780016072768243e-01 3.373452927142490676e-01 3.186292005790141157e-01
8.514780016072768243e-01 3.373452927142490676e-01 3.186292005790141157e-01
8.552267491202640848e-01 3.394729445980325666e-01 3.240758920877388483e-01
8.552267491202640848e-01 3.394729445980325666e-01 3.240758920877388483e-01
8.588999759487198071e-01 3.416947680583831692e-01 3.296002974223850579e-01
8.588999759487198071e-01 3.416947680583831692e-01 3.296002974223850579e-01
8.624968968806212555e-01 3.440116265226517700e-01 3.351972821215146170e-01
8.624968968806212555e-01 3.440116265226517700e-01 3.351972821215146170e-01
8.660167391957996896e-01 3.464243376216586401e-01 3.408611542536354455e-01
8.660167391957996896e-01 3.464243376216586401e-01 3.408611542536354455e-01
8.694587382055047886e-01 3.489335401350271981e-01 3.465868480076253477e-01
8.694587382055047886e-01 3.489335401350271981e-01 3.465868480076253477e-01
8.728220799773092065e-01 3.515397873028145992e-01 3.523697085751614777e-01
8.728220799773092065e-01 3.515397873028145992e-01 3.523697085751614777e-01
8.761059522880491057e-01 3.542435884917429778e-01 3.582046292019072098e-01
8.761059522880491057e-01 3.542435884917429778e-01 3.582046292019072098e-01
8.793097290767377672e-01 3.570453040993454286e-01 3.640851292310102183e-01
8.793097290767377672e-01 3.570453040993454286e-01 3.640851292310102183e-01
8.824325643096614380e-01 3.599451972447187953e-01 3.700069712768330743e-01
8.824325643096614380e-01 3.599451972447187953e-01 3.700069712768330743e-01
8.854737165530612852e-01 3.629434313727944450e-01 3.759649632639101013e-01
8.854737165530612852e-01 3.629434313727944450e-01 3.759649632639101013e-01
8.884327479355187407e-01 3.660398903594519471e-01 3.819525910572629801e-01
8.884327479355187407e-01 3.660398903594519471e-01 3.819525910572629801e-01
8.913091642539676673e-01 3.692343312440745096e-01 3.879643111469004979e-01
8.913091642539676673e-01 3.692343312440745096e-01 3.879643111469004979e-01
8.941023805981079819e-01 3.725264564161243630e-01 3.939952801949897498e-01
8.941023805981079819e-01 3.725264564161243630e-01 3.939952801949897498e-01
8.968124803219491570e-01 3.759154065032366820e-01 4.000384019382338674e-01
8.968124803219491570e-01 3.759154065032366820e-01 4.000384019382338674e-01
8.994395650143931498e-01 3.794001498666706440e-01 4.060874349372984859e-01
8.994395650143931498e-01 3.794001498666706440e-01 4.060874349372984859e-01
9.019833938346543123e-01 3.829797906084670411e-01 4.121378299918109223e-01
9.019833938346543123e-01 3.829797906084670411e-01 4.121378299918109223e-01
9.044452823773898587e-01 3.866521506210108816e-01 4.181809077530280194e-01
9.044452823773898587e-01 3.866521506210108816e-01 4.181809077530280194e-01
9.068256277806551191e-01 3.904156160477070814e-01 4.242117726454333049e-01
9.068256277806551191e-01 3.904156160477070814e-01 4.242117726454333049e-01
9.091251437129461710e-01 3.942682494797842274e-01 4.302251925089541906e-01
9.091251437129461710e-01 3.942682494797842274e-01 4.302251925089541906e-01
9.113469234358660964e-01 3.982061085657152000e-01 4.362111505711576687e-01
9.113469234358660964e-01 3.982061085657152000e-01 4.362111505711576687e-01
9.134906134188882643e-01 4.022279541446387996e-01 4.421687093371853838e-01
9.134906134188882643e-01 4.022279541446387996e-01 4.421687093371853838e-01
9.155608612052570372e-01 4.063284191124461597e-01 4.480867207815406594e-01
9.155608612052570372e-01 4.063284191124461597e-01 4.480867207815406594e-01
9.175578273288040876e-01 4.105057777816482623e-01 4.539645114409574522e-01
9.175578273288040876e-01 4.105057777816482623e-01 4.539645114409574522e-01
9.194864852797257626e-01 4.147543067828791674e-01 4.597927854826532323e-01
9.194864852797257626e-01 4.147543067828791674e-01 4.597927854826532323e-01
9.213477273593465577e-01 4.190716789764750150e-01 4.655707658093243828e-01
9.213477273593465577e-01 4.190716789764750150e-01 4.655707658093243828e-01
9.231475909313444639e-01 4.234512871662612921e-01 4.712896426740436628e-01
9.231475909313444639e-01 4.234512871662612921e-01 4.712896426740436628e-01
9.248855350392007901e-01 4.278920807887958144e-01 4.769520578079636253e-01
9.248855350392007901e-01 4.278920807887958144e-01 4.769520578079636253e-01
9.265712507784804597e-01 4.323844750317518693e-01 4.825457940832715287e-01
9.265712507784804597e-01 4.323844750317518693e-01 4.825457940832715287e-01
9.282020996384338085e-01 4.369293158832556201e-01 4.880774503062494385e-01
9.282020996384338085e-01 4.369293158832556201e-01 4.880774503062494385e-01
9.297857529571512680e-01 4.415188741878702250e-01 4.935394719738136482e-01
9.297857529571512680e-01 4.415188741878702250e-01 4.935394719738136482e-01
9.313258689108337984e-01 4.461488925432064989e-01 4.989306880985306947e-01
9.313258689108337984e-01 4.461488925432064989e-01 4.989306880985306947e-01
9.328226091635183348e-01 4.508181321912959616e-01 5.042542924148226691e-01
9.328226091635183348e-01 4.508181321912959616e-01 5.042542924148226691e-01
9.342829480144684284e-01 4.555197692493335726e-01 5.095057463720455981e-01
9.342829480144684284e-01 4.555197692493335726e-01 5.095057463720455981e-01
9.357118322639440544e-01 4.602488059907154372e-01 5.146836685619005092e-01
9.357118322639440544e-01 4.602488059907154372e-01 5.146836685619005092e-01
9.371084213381779549e-01 4.650051440822167703e-01 5.197928418199608824e-01
9.371084213381779549e-01 4.650051440822167703e-01 5.197928418199608824e-01
9.384761025111529875e-01 4.697852710219662109e-01 5.248335259975267508e-01
9.384761025111529875e-01 4.697852710219662109e-01 5.248335259975267508e-01
9.398181484999024171e-01 4.745858759907002900e-01 5.298063057193886927e-01
9.398181484999024171e-01 4.745858759907002900e-01 5.298063057193886927e-01
9.411435808431366512e-01 4.793990903061139952e-01 5.347071026529042204e-01
9.411435808431366512e-01 4.793990903061139952e-01 5.347071026529042204e-01
9.424492276858835726e-01 4.842270901004464001e-01 5.395426828961497057e-01
9.424492276858835726e-01 4.842270901004464001e-01 5.395426828961497057e-01
9.437376587258883287e-01 4.890674364273820962e-01 5.443145316186090987e-01
9.437376587258883287e-01 4.890674364273820962e-01 5.443145316186090987e-01
9.450113625370116788e-01 4.939178427365503166e-01 5.490242289057695180e-01
9.450113625370116788e-01 4.939178427365503166e-01 5.490242289057695180e-01
9.462726341706449995e-01 4.987762594162513108e-01 5.536735110856404463e-01
9.462726341706449995e-01 4.987762594162513108e-01 5.536735110856404463e-01
9.475235701789582743e-01 5.036408702922781089e-01 5.582642412345989458e-01
9.475235701789582743e-01 5.036408702922781089e-01 5.582642412345989458e-01
9.487660665819972472e-01 5.085100865014140492e-01 5.627983813131816060e-01
9.487660665819972472e-01 5.085100865014140492e-01 5.627983813131816060e-01
9.500018195144653843e-01 5.133825381474098615e-01 5.672779662143543344e-01
9.500018195144653843e-01 5.133825381474098615e-01 5.672779662143543344e-01
9.512323282545797065e-01 5.182570641479974372e-01 5.717050799228685642e-01
9.512323282545797065e-01 5.182570641479974372e-01 5.717050799228685642e-01
9.524589003178867141e-01 5.231327006692627624e-01 5.760818339073849881e-01
9.524589003178867141e-01 5.231327006692627624e-01 5.760818339073849881e-01
9.536826582921210660e-01 5.280086685211750064e-01 5.804103477988352688e-01
9.536826582921210660e-01 5.280086685211750064e-01 5.804103477988352688e-01
9.549045480931797059e-01 5.328843598578536511e-01 5.846927323499988560e-01
9.549045480931797059e-01 5.328843598578536511e-01 5.846927323499988560e-01
9.561253483350092841e-01 5.377593244908345227e-01 5.889310746228230142e-01
9.561253483350092841e-01 5.377593244908345227e-01 5.889310746228230142e-01
9.573456805259424884e-01 5.426332560852434872e-01 5.931274253114482420e-01
9.573456805259424884e-01 5.426332560852434872e-01 5.931274253114482420e-01
9.585660198284033928e-01 5.475059784695507359e-01 5.972837880796583176e-01
9.585660198284033928e-01 5.475059784695507359e-01 5.972837880796583176e-01
9.597931781549466912e-01 5.523726475809678238e-01 6.013993414595226739e-01
9.597931781549466912e-01 5.523726475809678238e-01 6.013993414595226739e-01
9.610252874363585107e-01 5.572349323865156689e-01 6.054771842499825363e-01
9.610252874363585107e-01 5.572349323865156689e-01 6.054771842499825363e-01
9.622594747257217085e-01 5.620952029139567596e-01 6.095205182920508946e-01
9.622594747257217085e-01 5.620952029139567596e-01 6.095205182920508946e-01
9.634957300075581710e-01 5.669537021205569571e-01 6.135311418119495652e-01
9.634957300075581710e-01 5.669537021205569571e-01 6.135311418119495652e-01
9.647339456467171059e-01 5.718107458182927205e-01 6.175107754316914166e-01
9.647339456467171059e-01 5.718107458182927205e-01 6.175107754316914166e-01
9.659785556634725712e-01 5.766634004124812085e-01 6.214594761700836800e-01
9.659785556634725712e-01 5.766634004124812085e-01 6.214594761700836800e-01
9.672369563278451210e-01 5.815067104643204532e-01 6.253765078673548805e-01
9.672369563278451210e-01 5.815067104643204532e-01 6.253765078673548805e-01
9.684979035601131159e-01 5.863490207904894502e-01 6.292672895152261470e-01
9.684979035601131159e-01 5.863490207904894502e-01 6.292672895152261470e-01
9.697609656317549565e-01 5.911908819793437742e-01 6.331332639349641633e-01
9.697609656317549565e-01 5.911908819793437742e-01 6.331332639349641633e-01
9.710315880144905210e-01 5.960287391985776839e-01 6.369741027667492617e-01
9.710315880144905210e-01 5.960287391985776839e-01 6.369741027667492617e-01
9.723190693388217287e-01 6.008564650579836242e-01 6.407886486468417075e-01
9.723190693388217287e-01 6.008564650579836242e-01 6.407886486468417075e-01
9.736083960352116540e-01 6.056848290998566586e-01 6.445824369885891914e-01
9.736083960352116540e-01 6.056848290998566586e-01 6.445824369885891914e-01
9.748989276485462430e-01 6.105145033904688656e-01 6.483566261592612623e-01
9.748989276485462430e-01 6.105145033904688656e-01 6.483566261592612623e-01
9.762120872470534394e-01 6.153311512511695502e-01 6.521071037709941232e-01
9.762120872470534394e-01 6.153311512511695502e-01 6.521071037709941232e-01
9.775293229357595592e-01 6.201478010509015037e-01 6.558396329811587711e-01
9.775293229357595592e-01 6.201478010509015037e-01 6.558396329811587711e-01
9.788468992664528523e-01 6.249672168106031878e-01 6.595559156624086761e-01
9.788468992664528523e-01 6.249672168106031878e-01 6.595559156624086761e-01
9.801876291712278144e-01 6.297743869905890746e-01 6.632520821554060975e-01
9.801876291712278144e-01 6.297743869905890746e-01 6.632520821554060975e-01
9.815331605126716985e-01 6.345819676735419135e-01 6.669330659215642054e-01
9.815331605126716985e-01 6.345819676735419135e-01 6.669330659215642054e-01
9.828783701725101185e-01 6.393935928022871362e-01 6.706005837817053949e-01
9.828783701725101185e-01 6.393935928022871362e-01 6.706005837817053949e-01
9.842530149762035441e-01 6.441899638477749379e-01 6.742501123922903794e-01
9.842530149762035441e-01 6.441899638477749379e-01 6.742501123922903794e-01
9.856262338111008159e-01 6.489917203688934100e-01 6.778880838035847844e-01
9.856262338111008159e-01 6.489917203688934100e-01 6.778880838035847844e-01
9.870102801435072237e-01 6.537911070825337401e-01 6.815131064312233145e-01
9.870102801435072237e-01 6.537911070825337401e-01 6.815131064312233145e-01
9.884128013374897659e-01 6.585835197371355809e-01 6.851248688637257001e-01
9.884128013374897659e-01 6.585835197371355809e-01 6.851248688637257001e-01
9.898123411600847632e-01 6.633830830476867835e-01 6.887272437951329485e-01
9.898123411600847632e-01 6.633830830476867835e-01 6.887272437951329485e-01
9.912407511012510941e-01 6.681696939936924151e-01 6.923165319011687080e-01
9.912407511012510941e-01 6.681696939936924151e-01 6.923165319011687080e-01
9.926693210279345925e-01 6.729620111941740923e-01 6.958972936594464143e-01
9.926693210279345925e-01 6.729620111941740923e-01 6.958972936594464143e-01
9.941129485795427989e-01 6.777508528071226612e-01 6.994682572206127880e-01
9.941129485795427989e-01 6.777508528071226612e-01 6.994682572206127880e-01
9.955708108748652085e-01 6.825370766301153136e-01 7.030302260957053129e-01
9.955708108748652085e-01 6.825370766301153136e-01 7.030302260957053129e-01
9.970319447975148908e-01 6.873278277010651527e-01 7.065849193296346309e-01
9.970319447975148908e-01 6.873278277010651527e-01 7.065849193296346309e-01
9.985191950507184000e-01 6.921091960080165695e-01 7.101306996795119231e-01
9.985191950507184000e-01 6.921091960080165695e-01 7.101306996795119231e-01
1.000000000000000000e+00 6.969016436694838168e-01 7.136710881851162647e-01
1.000000000000000000e+00 6.969016436694838168e-01 7.136710881851162647e-01
