7.611027827247541788e-01 7.861438655264514352e-01 9.435764453732820023e-01
7.611027827247541788e-01 7.861438655264514352e-01 9.435764453732820023e-01
7.519359128489137012e-01 7.794061466914177227e-01 9.417134584434279088e-01
7.519359128489137012e-01 7.794061466914177227e-01 9.417134584434279088e-01
7.430162368405213158e-01 7.725970478801056363e-01 9.400914757259227761e-01
7.430162368405213158e-01 7.725970478801056363e-01 9.400914757259227761e-01
7.341915379916269524e-01 7.657840196911950281e-01 9.386233246511221928e-01
7.341915379916269524e-01 7.657840196911950281e-01 9.386233246511221928e-01
7.254134345555657282e-01 7.589886570718707981e-01 9.372726539254304656e-01
7.254134345555657282e-01 7.589886570718707981e-01 9.372726539254304656e-01
7.166529237206455960e-01 7.522206057943345847e-01 9.360380750637850022e-01
7.166529237206455960e-01 7.522206057943345847e-01 9.360380750637850022e-01
7.078918776815458225e-01 7.454848763041336257e-01 9.349215724895403312e-01
7.078918776815458225e-01 7.454848763041336257e-01 9.349215724895403312e-01
6.991209309131934946e-01 7.387844067044258001e-01 9.339156677177320454e-01
6.991209309131934946e-01 7.387844067044258001e-01 9.339156677177320454e-01
6.903315317666735007e-01 7.321210140413800804e-01 9.330186229587767999e-01
6.903315317666735007e-01 7.321210140413800804e-01 9.330186229587767999e-01
6.815142171431536333e-01 7.254958767889784221e-01 9.322352522138651620e-01
6.815142171431536333e-01 7.254958767889784221e-01 9.322352522138651620e-01
6.726624170066299868e-01 7.189098574769210437e-01 9.315642701907420609e-01
6.726624170066299868e-01 7.189098574769210437e-01 9.315642701907420609e-01
6.637710947066587375e-01 7.123636320683496281e-01 9.310012673313804443e-01
6.637710947066587375e-01 7.123636320683496281e-01 9.310012673313804443e-01
6.548341372940416072e-01 7.058577695023903198e-01 9.305449721207361691e-01
6.548341372940416072e-01 7.058577695023903198e-01 9.305449721207361691e-01
6.458437384102316825e-01 6.993928181711663861e-01 9.301979184121921262e-01
6.458437384102316825e-01 6.993928181711663861e-01 9.301979184121921262e-01
6.367941189113152101e-01 6.929693681405499905e-01 9.299565271790112275e-01
6.367941189113152101e-01 6.929693681405499905e-01 9.299565271790112275e-01
6.276775430153244129e-01 6.865880971640169195e-01 9.298207985835768019e-01
6.276775430153244129e-01 6.865880971640169195e-01 9.298207985835768019e-01
6.184868511893830689e-01 6.802498099131779608e-01 9.297876468591165233e-01
6.184868511893830689e-01 6.802498099131779608e-01 9.297876468591165233e-01
6.092142961003634838e-01 6.739554852573597099e-01 9.298534376939550095e-01
6.092142961003634838e-01 6.739554852573597099e-01 9.298534376939550095e-01
5.998478958280716311e-01 6.677064050035447229e-01 9.300213909321672912e-01
5.998478958280716311e-01 6.677064050035447229e-01 9.300213909321672912e-01
5.903801845331667630e-01 6.615040555958517920e-01 9.302817361060932155e-01
5.903801845331667630e-01 6.615040555958517920e-01 9.302817361060932155e-01
5.808003067897968830e-01 6.553503238349092097e-01 9.306288622038382252e-01
5.808003067897968830e-01 6.553503238349092097e-01 9.306288622038382252e-01
5.710945929058816040e-01 6.492476148386946422e-01 9.310586916910377209e-01
5.710945929058816040e-01 6.492476148386946422e-01 9.310586916910377209e-01
5.612455577090673664e-01 6.431990353968988217e-01 9.315691157577397075e-01
5.612455577090673664e-01 6.431990353968988217e-01 9.315691157577397075e-01
5.512402773953251067e-01 6.372081859290303907e-01 9.321432765178863100e-01
5.512402773953251067e-01 6.372081859290303907e-01 9.321432765178863100e-01
5.410599424637736465e-01 6.312797138171392097e-01 9.327683846328915784e-01
5.410599424637736465e-01 6.312797138171392097e-01 9.327683846328915784e-01
5.306830349417729353e-01 6.254194381297503158e-01 9.334275599286232517e-01
5.306830349417729353e-01 6.254194381297503158e-01 9.334275599286232517e-01
5.200852252622089056e-01 6.196346324174154541e-01 9.340979094228224477e-01
5.200852252622089056e-01 6.196346324174154541e-01 9.340979094228224477e-01
5.092394887758360245e-01 6.139343545509992062e-01 9.347479215800680308e-01
5.092394887758360245e-01 6.139343545509992062e-01 9.347479215800680308e-01
4.981120454175716472e-01 6.083302425550123349e-01 9.353398451355726673e-01
4.981120454175716472e-01 6.083302425550123349e-01 9.353398451355726673e-01
4.866618136369728065e-01 6.028372587275538930e-01 9.358249110555399986e-01
4.866618136369728065e-01 6.028372587275538930e-01 9.358249110555399986e-01
4.748648760137321734e-01 5.974718956019462457e-01 9.361101968169495136e-01
4.748648760137321734e-01 5.974718956019462457e-01 9.361101968169495136e-01
4.626658415235203048e-01 5.922579141941723968e-01 9.361109846413659952e-01
4.626658415235203048e-01 5.922579141941723968e-01 9.361109846413659952e-01
4.500465568321673215e-01 5.872195947610897582e-01 9.356706729620101193e-01
4.500465568321673215e-01 5.872195947610897582e-01 9.356706729620101193e-01
4.369957798936092708e-01 5.823846685618657704e-01 9.345997741578331297e-01
4.369957798936092708e-01 5.823846685618657704e-01 9.345997741578331297e-01
4.235520251897582633e-01 5.777770313738367358e-01 9.326529390810270881e-01
4.235520251897582633e-01 5.777770313738367358e-01 9.326529390810270881e-01
4.098375927304049871e-01 5.734055838844505093e-01 9.295516949933670947e-01
4.098375927304049871e-01 5.734055838844505093e-01 9.295516949933670947e-01
3.960608794629340568e-01 5.692544594470068109e-01 9.250539335805104679e-01
3.960608794629340568e-01 5.692544594470068109e-01 9.250539335805104679e-01
3.825078373440454205e-01 5.652733513871222026e-01 9.190381976004963205e-01
3.825078373440454205e-01 5.652733513871222026e-01 9.190381976004963205e-01
3.694389144613527409e-01 5.613936228849977228e-01 9.115655216612208456e-01
3.694389144613527409e-01 5.613936228849977228e-01 9.115655216612208456e-01
3.570173883988217445e-01 5.575506547438514593e-01 9.028383244081193970e-01
3.570173883988217445e-01 5.575506547438514593e-01 9.028383244081193970e-01
3.453096264270139049e-01 5.536947160701093384e-01 8.931175964994815253e-01
3.453096264270139049e-01 5.536947160701093384e-01 8.931175964994815253e-01
3.343006901206272419e-01 5.497973729988712144e-01 8.826481098007979975e-01
3.343006901206272419e-01 5.497973729988712144e-01 8.826481098007979975e-01
3.239390482854108688e-01 5.458447239205490575e-01 8.716299573916681531e-01
3.239390482854108688e-01 5.458447239205490575e-01 8.716299573916681531e-01
3.141646319978679269e-01 5.418303664396632024e-01 8.602206769795686103e-01
3.141646319978679269e-01 5.418303664396632024e-01 8.602206769795686103e-01
3.049142232157073251e-01 5.377541993157243239e-01 8.485374595666297370e-01
3.049142232157073251e-01 5.377541993157243239e-01 8.485374595666297370e-01
2.961295476354955380e-01 5.336193915252350761e-01 8.366606311532593931e-01
2.961295476354955380e-01 5.336193915252350761e-01 8.366606311532593931e-01
2.877658873205273249e-01 5.294266012250298248e-01 8.246660984466823718e-01
2.877658873205273249e-01 5.294266012250298248e-01 8.246660984466823718e-01
2.797775768023667009e-01 5.251817156926574803e-01 8.125915323177537175e-01
2.797775768023667009e-01 5.251817156926574803e-01 8.125915323177537175e-01
2.721317639602431893e-01 5.208863314642848685e-01 8.004832438072975176e-01
2.721317639602431893e-01 5.208863314642848685e-01 8.004832438072975176e-01
2.647969263670560403e-01 5.165446403838040990e-01 7.883669156039042614e-01
2.647969263670560403e-01 5.165446403838040990e-01 7.883669156039042614e-01
2.577469084773646446e-01 5.121602085709539010e-01 7.762632795732486990e-01
2.577469084773646446e-01 5.121602085709539010e-01 7.762632795732486990e-01
2.509600056384985733e-01 5.077358015718372863e-01 7.641908561092904950e-01
2.509600056384985733e-01 5.077358015718372863e-01 7.641908561092904950e-01
2.444176693030344072e-01 5.032740167685637589e-01 7.521639414729240913e-01
2.444176693030344072e-01 5.032740167685637589e-01 7.521639414729240913e-01
2.381041969385812584e-01 4.987771741591507380e-01 7.401939618808711652e-01
2.381041969385812584e-01 4.987771741591507380e-01 7.401939618808711652e-01
2.320064174392822420e-01 4.942474029287331483e-01 7.282895678734100375e-01
2.320064174392822420e-01 4.942474029287331483e-01 7.282895678734100375e-01
2.261135712885046778e-01 4.896867734526701987e-01 7.164561478700068875e-01
2.261135712885046778e-01 4.896867734526701987e-01 7.164561478700068875e-01
2.204170802450168276e-01 4.850968970458454654e-01 7.046988582829137870e-01
2.204170802450168276e-01 4.850968970458454654e-01 7.046988582829137870e-01
2.149103582034804782e-01 4.804791565507866569e-01 6.930215565099374642e-01
2.149103582034804782e-01 4.804791565507866569e-01 6.930215565099374642e-01
2.095887200794064043e-01 4.758347096066423143e-01 6.814270403122987263e-01
2.095887200794064043e-01 4.758347096066423143e-01 6.814270403122987263e-01
2.044493237506116445e-01 4.711644917636177987e-01 6.699172332675046304e-01
2.044493237506116445e-01 4.711644917636177987e-01 6.699172332675046304e-01
1.994911398152844073e-01 4.664692184855271928e-01 6.584933307443470163e-01
1.994911398152844073e-01 4.664692184855271928e-01 6.584933307443470163e-01
1.947149433070150537e-01 4.617493854984153212e-01 6.471559175216311521e-01
1.947149433070150537e-01 4.617493854984153212e-01 6.471559175216311521e-01
1.901233206771488771e-01 4.570052672357924894e-01 6.359050657058891165e-01
1.901233206771488771e-01 4.570052672357924894e-01 6.359050657058891165e-01
1.857206841554640830e-01 4.522369133562539334e-01 6.247404198006698550e-01
1.857206841554640830e-01 4.522369133562539334e-01 6.247404198006698550e-01
1.815132839181631819e-01 4.474441435079153928e-01 6.136612744810701070e-01
1.815132839181631819e-01 4.474441435079153928e-01 6.136612744810701070e-01
1.775092062571454743e-01 4.426265407189224343e-01 6.026666497003321243e-01
1.775092062571454743e-01 4.426265407189224343e-01 6.026666497003321243e-01
1.737183431492523022e-01 4.377834440324556153e-01 5.917553670882714778e-01
1.737183431492523022e-01 4.377834440324556153e-01 5.917553670882714778e-01
1.701523153616969208e-01 4.329139413030723138e-01 5.809261310903063302e-01
1.701523153616969208e-01 4.329139413030723138e-01 5.809261310903063302e-01
1.668243277528256296e-01 4.280168634501635982e-01 5.701776178365620673e-01
1.668243277528256296e-01 4.280168634501635982e-01 5.701776178365620673e-01
1.637489322213235843e-01 4.230907819376742429e-01 5.595085742080520008e-01
1.637489322213235843e-01 4.230907819376742429e-01 5.595085742080520008e-01
1.609416716259504943e-01 4.181340118170584486e-01 5.489179288497409992e-01
1.609416716259504943e-01 4.181340118170584486e-01 5.489179288497409992e-01
1.584185781211392974e-01 4.131446233078320818e-01 5.384049158179435857e-01
1.584185781211392974e-01 4.131446233078320818e-01 5.384049158179435857e-01
1.561955032902049012e-01 4.081204655311042595e-01 5.279692099800803451e-01
1.561955032902049012e-01 4.081204655311042595e-01 5.279692099800803451e-01
1.542872670064189822e-01 4.030592065306502492e-01 5.176110710582683128e-01
1.542872670064189822e-01 4.030592065306502492e-01 5.176110710582683128e-01
1.527066288075583089e-01 3.979583939107277923e-01 5.073314902316928832e-01
1.527066288075583089e-01 3.979583939107277923e-01 5.073314902316928832e-01
1.514631107027572809e-01 3.928155400045217349e-01 4.971323295248621932e-01
1.514631107027572809e-01 3.928155400045217349e-01 4.971323295248621932e-01
1.505622559232251134e-01 3.876282227680729053e-01 4.870159919078156374e-01
1.505622559232251134e-01 3.876282227680729053e-01 4.870159919078156374e-01
1.500030516861343144e-01 3.823942420669396713e-01 4.769866979399421392e-01
1.500030516861343144e-01 3.823942420669396713e-01 4.769866979399421392e-01
1.497768229176928423e-01 3.771118184005090579e-01 4.670503108399854941e-01
1.497768229176928423e-01 3.771118184005090579e-01 4.670503108399854941e-01
1.498679177293267550e-01 3.717797297057064965e-01 4.572130374776030015e-01
1.498679177293267550e-01 3.717797297057064965e-01 4.572130374776030015e-01
1.502527327561093140e-01 3.663974877260404717e-01 4.474818900870743965e-01
1.502527327561093140e-01 3.663974877260404717e-01 4.474818900870743965e-01
1.508997107272214977e-01 3.609655012185510325e-01 4.378646068585742013e-01
1.508997107272214977e-01 3.609655012185510325e-01 4.378646068585742013e-01
1.517691380327814421e-01 3.554852651162952459e-01 4.283699804029084679e-01
1.517691380327814421e-01 3.554852651162952459e-01 4.283699804029084679e-01
1.528190584583623834e-01 3.499590984858129694e-01 4.190046088507785593e-01
1.528190584583623834e-01 3.499590984858129694e-01 4.190046088507785593e-01
1.540039849853655773e-01 3.443902691105475977e-01 4.097747233760580809e-01
1.540039849853655773e-01 3.443902691105475977e-01 4.097747233760580809e-01
1.552779196160748443e-01 3.387828062221497349e-01 4.006852392307369559e-01
1.552779196160748443e-01 3.387828062221497349e-01 4.006852392307369559e-01
1.565965010388278567e-01 3.331412975533983301e-01 3.917394433270712795e-01
1.565965010388278567e-01 3.331412975533983301e-01 3.917394433270712795e-01
1.579188208298448470e-01 3.274706532666388226e-01 3.829388156741816429e-01
1.579188208298448470e-01 3.274706532666388226e-01 3.829388156741816429e-01
1.592087415341754408e-01 3.217758670672937749e-01 3.742829985276475147e-01
1.592087415341754408e-01 3.217758670672937749e-01 3.742829985276475147e-01
1.604356460969246501e-01 3.160618023306182023e-01 3.657699049969713734e-01
1.604356460969246501e-01 3.160618023306182023e-01 3.657699049969713734e-01
1.615746411119358961e-01 3.103330234697309065e-01 3.573959407430084001e-01
1.615746411119358961e-01 3.103330234697309065e-01 3.573959407430084001e-01
1.626063060526985460e-01 3.045936827180852347e-01 3.491563017069037600e-01
1.626063060526985460e-01 3.045936827180852347e-01 3.491563017069037600e-01
1.635141879496782302e-01 2.988477311620931776e-01 3.410462804516492530e-01
1.635141879496782302e-01 2.988477311620931776e-01 3.410462804516492530e-01
1.642791757710873324e-01 2.930996824625667907e-01 3.330640804884554274e-01
1.642791757710873324e-01 2.930996824625667907e-01 3.330640804884554274e-01
1.649026216687227986e-01 2.873512054246705194e-01 3.251989386014783046e-01
1.649026216687227986e-01 2.873512054246705194e-01 3.251989386014783046e-01
1.653798647319733306e-01 2.816047074396319516e-01 3.174444918429559226e-01
1.653798647319733306e-01 2.816047074396319516e-01 3.174444918429559226e-01
1.656968026946894212e-01 2.758641070927504435e-01 3.098002975617473731e-01
1.656968026946894212e-01 2.758641070927504435e-01 3.098002975617473731e-01
1.658624787293279668e-01 2.701295991121568374e-01 3.022552527562738511e-01
1.658624787293279668e-01 2.701295991121568374e-01 3.022552527562738511e-01
1.658712107223097310e-01 2.644036327935490038e-01 2.948065275844705679e-01
1.658712107223097310e-01 2.644036327935490038e-01 2.948065275844705679e-01
1.657242396789951611e-01 2.586874441214119802e-01 2.874485949604919655e-01
1.657242396789951611e-01 2.586874441214119802e-01 2.874485949604919655e-01
1.654244382397932756e-01 2.529818384481865023e-01 2.801756714450721608e-01
1.654244382397932756e-01 2.529818384481865023e-01 2.801756714450721608e-01
1.649726530732214536e-01 2.472878787605942708e-01 2.729835860759838306e-01
1.649726530732214536e-01 2.472878787605942708e-01 2.729835860759838306e-01
1.643700284994512872e-01 2.416064695496287495e-01 2.658684271985356506e-01
1.643700284994512872e-01 2.416064695496287495e-01 2.658684271985356506e-01
1.636226949494798133e-01 2.359374193070973569e-01 2.588240943730243382e-01
1.636226949494798133e-01 2.359374193070973569e-01 2.588240943730243382e-01
1.627284060731452875e-01 2.302820870066461800e-01 2.518491358613590414e-01
1.627284060731452875e-01 2.302820870066461800e-01 2.518491358613590414e-01
1.616948722893155888e-01 2.246396898992761015e-01 2.449371163337038249e-01
1.616948722893155888e-01 2.246396898992761015e-01 2.449371163337038249e-01
1.605211268695560245e-01 2.190111339122696732e-01 2.380863863947961512e-01
1.605211268695560245e-01 2.190111339122696732e-01 2.380863863947961512e-01
1.592101807695979199e-01 2.133963907727889631e-01 2.312933334423961373e-01
1.592101807695979199e-01 2.133963907727889631e-01 2.312933334423961373e-01
1.577669001783969793e-01 2.077948926078278524e-01 2.245534225258413730e-01
1.577669001783969793e-01 2.077948926078278524e-01 2.245534225258413730e-01
1.561910286824696459e-01 2.022071205043541597e-01 2.178650008562441065e-01
1.561910286824696459e-01 2.022071205043541597e-01 2.178650008562441065e-01
1.544854849396675167e-01 1.966327393378827781e-01 2.112247113822896538e-01
1.544854849396675167e-01 1.966327393378827781e-01 2.112247113822896538e-01
1.526529591664540220e-01 1.910713552209219179e-01 2.046293140875844185e-01
1.526529591664540220e-01 1.910713552209219179e-01 2.046293140875844185e-01
1.506945430651305540e-01 1.855228601303887115e-01 1.980764600116523833e-01
1.506945430651305540e-01 1.855228601303887115e-01 1.980764600116523833e-01
1.486117010252141768e-01 1.799869656248342664e-01 1.915635453857907622e-01
1.486117010252141768e-01 1.799869656248342664e-01 1.915635453857907622e-01
1.464059413240827168e-01 1.744632771986373565e-01 1.850878567217822956e-01
1.464059413240827168e-01 1.744632771986373565e-01 1.850878567217822956e-01
1.440778113074515920e-01 1.689515554053820368e-01 1.786471521778203453e-01
1.440778113074515920e-01 1.689515554053820368e-01 1.786471521778203453e-01
1.416283213579752065e-01 1.634513508940906301e-01 1.722387624115301330e-01
1.416283213579752065e-01 1.634513508940906301e-01 1.722387624115301330e-01
1.390580000955988216e-01 1.579622509167996069e-01 1.658601172662989010e-01
1.390580000955988216e-01 1.579622509167996069e-01 1.658601172662989010e-01
1.363653860204400436e-01 1.524843016846041677e-01 1.595097273700129548e-01
1.363653860204400436e-01 1.524843016846041677e-01 1.595097273700129548e-01
1.335507400530341338e-01 1.470170014722654850e-01 1.531847094443759272e-01
1.335507400530341338e-01 1.470170014722654850e-01 1.531847094443759272e-01
1.306134165461905750e-01 1.415600183288655001e-01 1.468823776803665493e-01
1.306134165461905750e-01 1.415600183288655001e-01 1.468823776803665493e-01
1.275486800509705865e-01 1.361141214407618205e-01 1.406025451067024201e-01
1.275486800509705865e-01 1.361141214407618205e-01 1.406025451067024201e-01
1.243557559120677114e-01 1.306788993165896307e-01 1.343416971074681276e-01
1.243557559120677114e-01 1.306788993165896307e-01 1.343416971074681276e-01
1.210294943448478322e-01 1.252551760374712442e-01 1.280987621321446612e-01
1.210294943448478322e-01 1.252551760374712442e-01 1.280987621321446612e-01
1.175597062247556862e-01 1.198452592560075025e-01 1.218760809760152525e-01
1.175597062247556862e-01 1.198452592560075025e-01 1.218760809760152525e-01
1.139393992537863637e-01 1.144505852997090845e-01 1.156724376069711985e-01
1.139393992537863637e-01 1.144505852997090845e-01 1.156724376069711985e-01
1.101435376850617293e-01 1.090780236354982613e-01 1.095017939705007770e-01
1.101435376850617293e-01 1.090780236354982613e-01 1.095017939705007770e-01
1.061063814555743834e-01 1.037464205095357112e-01 1.034219948877910522e-01
1.061063814555743834e-01 1.037464205095357112e-01 1.034219948877910522e-01
1.067532675455139246e-01 1.035416126965725964e-01 1.028883441792873971e-01
1.067532675455139246e-01 1.035416126965725964e-01 1.028883441792873971e-01
1.137754854501538126e-01 1.079180448000675446e-01 1.065294118786695721e-01
1.137754854501538126e-01 1.079180448000675446e-01 1.065294118786695721e-01
1.209985111694171639e-01 1.121772236977409964e-01 1.099421942763380844e-01
1.209985111694171639e-01 1.121772236977409964e-01 1.099421942763380844e-01
1.283081993990866643e-01 1.163583286546535089e-01 1.132071903083055053e-01
1.283081993990866643e-01 1.163583286546535089e-01 1.132071903083055053e-01
1.356738375943442321e-01 1.204736328348118696e-01 1.163485113347164368e-01
1.356738375943442321e-01 1.204736328348118696e-01 1.163485113347164368e-01
1.430810385588095757e-01 1.245301473421982358e-01 1.193794033092548390e-01
1.430810385588095757e-01 1.245301473421982358e-01 1.193794033092548390e-01
1.505220945990277392e-01 1.285326394383032589e-01 1.223085784619270117e-01
1.505220945990277392e-01 1.285326394383032589e-01 1.223085784619270117e-01
1.579925876583542221e-01 1.324846908806288359e-01 1.251424271887666417e-01
1.579925876583542221e-01 1.324846908806288359e-01 1.251424271887666417e-01
1.654900260818814028e-01 1.363891189613597732e-01 1.278858871463869062e-01
1.654900260818814028e-01 1.363891189613597732e-01 1.278858871463869062e-01
1.730130320701571967e-01 1.402482402091724534e-01 1.305429877086012047e-01
1.730130320701571967e-01 1.402482402091724534e-01 1.305429877086012047e-01
1.805607792026826530e-01 1.440640694234816277e-01 1.331172625343856886e-01
1.805607792026826530e-01 1.440640694234816277e-01 1.331172625343856886e-01
1.881331205606746049e-01 1.478382563386443360e-01 1.356115961866158348e-01
1.881331205606746049e-01 1.478382563386443360e-01 1.356115961866158348e-01
1.957302386632762403e-01 1.515722184383893612e-01 1.380285005658108133e-01
1.957302386632762403e-01 1.515722184383893612e-01 1.380285005658108133e-01
2.033524135322445359e-01 1.552672386472978561e-01 1.403703164772240886e-01
2.033524135322445359e-01 1.552672386472978561e-01 1.403703164772240886e-01
2.110003059718202623e-01 1.589243445517651010e-01 1.426389454984633709e-01
2.110003059718202623e-01 1.589243445517651010e-01 1.426389454984633709e-01
2.186741405846877040e-01 1.625446665363837473e-01 1.448366214292987619e-01
2.186741405846877040e-01 1.625446665363837473e-01 1.448366214292987619e-01
2.263747355076292378e-01 1.661289930483355326e-01 1.469649390977980918e-01
2.263747355076292378e-01 1.661289930483355326e-01 1.469649390977980918e-01
2.341029000582869057e-01 1.696780328297131102e-01 1.490254201981480175e-01
2.341029000582869057e-01 1.696780328297131102e-01 1.490254201981480175e-01
2.418595303881224678e-01 1.731923770501208326e-01 1.510194270486132084e-01
2.418595303881224678e-01 1.731923770501208326e-01 1.510194270486132084e-01
2.496453122580163386e-01 1.766726401572613347e-01 1.529484676732559278e-01
2.496453122580163386e-01 1.766726401572613347e-01 1.529484676732559278e-01
2.574606195159139244e-01 1.801195221631563259e-01 1.548143227740968741e-01
2.574606195159139244e-01 1.801195221631563259e-01 1.548143227740968741e-01
2.653068577668282746e-01 1.835331610874086361e-01 1.566176617414569983e-01
2.653068577668282746e-01 1.835331610874086361e-01 1.566176617414569983e-01
2.731845925430251842e-01 1.869140382056083682e-01 1.583599758746595809e-01
2.731845925430251842e-01 1.869140382056083682e-01 1.583599758746595809e-01
2.810951937109659737e-01 1.902621740063886735e-01 1.600418705323946034e-01
2.810951937109659737e-01 1.902621740063886735e-01 1.600418705323946034e-01
2.890384866498693639e-01 1.935783101583840315e-01 1.616655683157519618e-01
2.890384866498693639e-01 1.935783101583840315e-01 1.616655683157519618e-01
2.970159782895208100e-01 1.968622827551721188e-01 1.632314724662145833e-01
2.970159782895208100e-01 1.968622827551721188e-01 1.632314724662145833e-01
3.050285771724567940e-01 2.001141761817795961e-01 1.647406068591146522e-01
3.050285771724567940e-01 2.001141761817795961e-01 1.647406068591146522e-01
3.130773597039688272e-01 2.033339304098025491e-01 1.661937970484947680e-01
3.130773597039688272e-01 2.033339304098025491e-01 1.661937970484947680e-01
3.211620479127518801e-01 2.065221667221852908e-01 1.675933757235946175e-01
3.211620479127518801e-01 2.065221667221852908e-01 1.675933757235946175e-01
3.292844634922869607e-01 2.096783254955481846e-01 1.689393421254607730e-01
3.292844634922869607e-01 2.096783254955481846e-01 1.689393421254607730e-01
3.374462286453946414e-01 2.128018901025497400e-01 1.702319146836557828e-01
3.374462286453946414e-01 2.128018901025497400e-01 1.702319146836557828e-01
3.456464076806311514e-01 2.158937265345992063e-01 1.714742349851038072e-01
3.456464076806311514e-01 2.158937265345992063e-01 1.714742349851038072e-01
3.538865974823155458e-01 2.189532421767420023e-01 1.726665983975106955e-01
3.538865974823155458e-01 2.189532421767420023e-01 1.726665983975106955e-01
3.621688673983536333e-01 2.219795062018578569e-01 1.738087809900465963e-01
3.621688673983536333e-01 2.219795062018578569e-01 1.738087809900465963e-01
3.704922261940009620e-01 2.249733220226510788e-01 1.749041441400270569e-01
3.704922261940009620e-01 2.249733220226510788e-01 1.749041441400270569e-01
3.788580437482886309e-01 2.279340758942744738e-01 1.759533680154142521e-01
3.788580437482886309e-01 2.279340758942744738e-01 1.759533680154142521e-01
3.872692277053941257e-01 2.308601622459750258e-01 1.769553964864035156e-01
3.872692277053941257e-01 2.308601622459750258e-01 1.769553964864035156e-01
3.957233857293469548e-01 2.337531461447944769e-01 1.779154751883006702e-01
3.957233857293469548e-01 2.337531461447944769e-01 1.779154751883006702e-01
4.042239951208492221e-01 2.366109545433253136e-01 1.788320146373983677e-01
4.042239951208492221e-01 2.366109545433253136e-01 1.788320146373983677e-01
4.127711645065887947e-01 2.394335453257108726e-01 1.797075342081588534e-01
4.127711645065887947e-01 2.394335453257108726e-01 1.797075342081588534e-01
4.213643638744895004e-01 2.422212517696398781e-01 1.805454115020667383e-01
4.213643638744895004e-01 2.422212517696398781e-01 1.805454115020667383e-01
4.300083444841188429e-01 2.449709529876131220e-01 1.813428831292232812e-01
4.300083444841188429e-01 2.449709529876131220e-01 1.813428831292232812e-01
4.386990865947550944e-01 2.476851727528460723e-01 1.821077989955594278e-01
4.386990865947550944e-01 2.476851727528460723e-01 1.821077989955594278e-01
4.474425555060803639e-01 2.503598191289846397e-01 1.828362445378706180e-01
4.474425555060803639e-01 2.503598191289846397e-01 1.828362445378706180e-01
4.562346152371034025e-01 2.529974817126919850e-01 1.835366003796310985e-01
4.562346152371034025e-01 2.529974817126919850e-01 1.835366003796310985e-01
4.650816116636769526e-01 2.555935947043011525e-01 1.842048982886523578e-01
4.650816116636769526e-01 2.555935947043011525e-01 1.842048982886523578e-01
4.739789144031070767e-01 2.581510669045148365e-01 1.848505730366333255e-01
4.739789144031070767e-01 2.581510669045148365e-01 1.848505730366333255e-01
4.829330895366881760e-01 2.606649541895557087e-01 1.854699356829850598e-01
4.829330895366881760e-01 2.606649541895557087e-01 1.854699356829850598e-01
4.919409863630951896e-01 2.631370660809814743e-01 1.860712106226995177e-01
4.919409863630951896e-01 2.631370660809814743e-01 1.860712106226995177e-01
5.010042309302452646e-01 2.655658069274438038e-01 1.866572878817322756e-01
5.010042309302452646e-01 2.655658069274438038e-01 1.866572878817322756e-01
5.101269387697645596e-01 2.679475956190246477e-01 1.872284682532742162e-01
5.101269387697645596e-01 2.679475956190246477e-01 1.872284682532742162e-01
5.193056512810683145e-01 2.702844033513869815e-01 1.877944961012288361e-01
5.193056512810683145e-01 2.702844033513869815e-01 1.877944961012288361e-01
5.285428390690320999e-01 2.725737374872553853e-01 1.883585684648878822e-01
5.285428390690320999e-01 2.725737374872553853e-01 1.883585684648878822e-01
5.378425194806234488e-01 2.748117269712533339e-01 1.889226811660805194e-01
5.378425194806234488e-01 2.748117269712533339e-01 1.889226811660805194e-01
5.472020635678930267e-01 2.769995478608138773e-01 1.894971897162256169e-01
5.472020635678930267e-01 2.769995478608138773e-01 1.894971897162256169e-01
5.566224202379572716e-01 2.791355518540170055e-01 1.900889545736895447e-01
5.566224202379572716e-01 2.791355518540170055e-01 1.900889545736895447e-01
5.661047641052017187e-01 2.812177885981188563e-01 1.907053667368636130e-01
5.661047641052017187e-01 2.812177885981188563e-01 1.907053667368636130e-01
5.756501175619976873e-01 2.832442962085216509e-01 1.913548911377584427e-01
5.756501175619976873e-01 2.832442962085216509e-01 1.913548911377584427e-01
5.852592865725264604e-01 2.852131513765047699e-01 1.920472469256587211e-01
5.852592865725264604e-01 2.852131513765047699e-01 1.920472469256587211e-01
5.949327841042391096e-01 2.871225337521106646e-01 1.927936068487891008e-01
5.949327841042391096e-01 2.871225337521106646e-01 1.927936068487891008e-01
6.046707398471869999e-01 2.889708071996510697e-01 1.936068139274884081e-01
6.046707398471869999e-01 2.889708071996510697e-01 1.936068139274884081e-01
6.144727950529020877e-01 2.907566206823546384e-01 1.945016117237297060e-01
6.144727950529020877e-01 2.907566206823546384e-01 1.945016117237297060e-01
6.243379816672639526e-01 2.924790315648973515e-01 1.954948819888936984e-01
6.243379816672639526e-01 2.924790315648973515e-01 1.954948819888936984e-01
6.342645854851066689e-01 2.941376539564996562e-01 1.966058802397241123e-01
6.342645854851066689e-01 2.941376539564996562e-01 1.966058802397241123e-01
6.442499938701162776e-01 2.957328342627876250e-01 1.978564558532968365e-01
6.442499938701162776e-01 2.957328342627876250e-01 1.978564558532968365e-01
6.542953791565531141e-01 2.972612238032529830e-01 1.992673400968765496e-01
6.542953791565531141e-01 2.972612238032529830e-01 1.992673400968765496e-01
6.643944031295997421e-01 2.987263796052782583e-01 2.008679134652734677e-01
6.643944031295997421e-01 2.987263796052782583e-01 2.008679134652734677e-01
6.745420515981402909e-01 3.001306703667934173e-01 2.026885932883693842e-01
6.745420515981402909e-01 3.001306703667934173e-01 2.026885932883693842e-01
6.847326017690539279e-01 3.014771032816356833e-01 2.047625276401365546e-01
6.847326017690539279e-01 3.014771032816356833e-01 2.047625276401365546e-01
6.949585207288871969e-01 3.027705490501926833e-01 2.071267593590376543e-01
6.949585207288871969e-01 3.027705490501926833e-01 2.071267593590376543e-01
7.052065665936481098e-01 3.040219041995667615e-01 2.098234118402953208e-01
7.052065665936481098e-01 3.040219041995667615e-01 2.098234118402953208e-01
7.154644490230311904e-01 3.052414987956557080e-01 2.128953603037578302e-01
7.154644490230311904e-01 3.052414987956557080e-01 2.128953603037578302e-01
7.257148790800559413e-01 3.064454924676041081e-01 2.163884655824186432e-01
7.257148790800559413e-01 3.064454924676041081e-01 2.163884655824186432e-01
7.359374676772288959e-01 3.076542354448398298e-01 2.203487369489606496e-01
7.359374676772288959e-01 3.076542354448398298e-01 2.203487369489606496e-01
7.461081785351884044e-01 3.088932366857518597e-01 2.248203577016049948e-01
7.461081785351884044e-01 3.088932366857518597e-01 2.248203577016049948e-01
7.562001672087036441e-01 3.101925990268037947e-01 2.298428703683198793e-01
7.562001672087036441e-01 3.101925990268037947e-01 2.298428703683198793e-01
7.661849325880375483e-01 3.115859877128238087e-01 2.354486606401810234e-01
7.661849325880375483e-01 3.115859877128238087e-01 2.354486606401810234e-01
7.760311210020208739e-01 3.131123432779557292e-01 2.416591017160863997e-01
7.760311210020208739e-01 3.131123432779557292e-01 2.416591017160863997e-01
7.857093132388045520e-01 3.148102180853010745e-01 2.484835318674840920e-01
7.857093132388045520e-01 3.148102180853010745e-01 2.484835318674840920e-01
7.951913748356154166e-01 3.167183979215283940e-01 2.559177459595406434e-01
7.951913748356154166e-01 3.167183979215283940e-01 2.559177459595406434e-01
8.044525167346466832e-01 3.188729652247951352e-01 2.639448437032659855e-01
8.044525167346466832e-01 3.188729652247951352e-01 2.639448437032659855e-01
8.134718059003360757e-01 3.213061152905651863e-01 2.725370288874848224e-01
8.134718059003360757e-01 3.213061152905651863e-01 2.725370288874848224e-01
8.222325168197679446e-01 3.240450190376900075e-01 2.816586132608492887e-01
8.222325168197679446e-01 3.240450190376900075e-01 2.816586132608492887e-01
8.307215976967609050e-01 3.271118620646465414e-01 2.912688351774426754e-01
8.307215976967609050e-01 3.271118620646465414e-01 2.912688351774426754e-01
8.389288354983673868e-01 3.305244166826558083e-01 3.013238622202917827e-01
8.389288354983673868e-01 3.305244166826558083e-01 3.013238622202917827e-01
8.468462974882956518e-01 3.342961905779299747e-01 3.117802942327694837e-01
8.468462974882956518e-01 3.342961905779299747e-01 3.117802942327694837e-01
8.544670528914770635e-01 3.384380362278497367e-01 3.225940007624014116e-01
8.544670528914770635e-01 3.384380362278497367e-01 3.225940007624014116e-01
8.617848187347169064e-01 3.429582139080639136e-01 3.337230534920624381e-01
8.617848187347169064e-01 3.429582139080639136e-01 3.337230534920624381e-01
8.687933517125010496e-01 3.478634359135983622e-01 3.451249645093064644e-01
8.687933517125010496e-01 3.478634359135983622e-01 3.451249645093064644e-01
8.754862924556781056e-01 3.531587733115963412e-01 3.567591767909865652e-01
8.754862924556781056e-01 3.531587733115963412e-01 3.567591767909865652e-01
8.818575664622867460e-01 3.588477805791108199e-01 3.685821874363160999e-01
8.818575664622867460e-01 3.588477805791108199e-01 3.685821874363160999e-01
8.879012794083324112e-01 3.649321249754746699e-01 3.805522569926068077e-01
8.879012794083324112e-01 3.649321249754746699e-01 3.805522569926068077e-01
8.936131622430866228e-01 3.714107606581247834e-01 3.926230770276965543e-01
8.936131622430866228e-01 3.714107606581247834e-01 3.926230770276965543e-01
8.989910627100607954e-01 3.782791776411708606e-01 4.047471268120250709e-01
8.989910627100607954e-01 3.782791776411708606e-01 4.047471268120250709e-01
9.040357952660234009e-01 3.855287215127186085e-01 4.168757631166254418e-01
9.040357952660234009e-01 3.855287215127186085e-01 4.168757631166254418e-01
9.087527451169246095e-01 3.931453557467928239e-01 4.289581177925556599e-01
9.087527451169246095e-01 3.931453557467928239e-01 4.289581177925556599e-01
9.131529545822433258e-01 4.011088811978116286e-01 4.409425919920959003e-01
9.131529545822433258e-01 4.011088811978116286e-01 4.409425919920959003e-01
9.172523279368119953e-01 4.093939145346343067e-01 4.527816094592391205e-01
9.172523279368119953e-01 4.093939145346343067e-01 4.527816094592391205e-01
9.210716847176922961e-01 4.179703791630762222e-01 4.644325616142674917e-01
9.210716847176922961e-01 4.179703791630762222e-01 4.644325616142674917e-01
9.246362023720700041e-01 4.268045567264570073e-01 4.758592725807753165e-01
9.246362023720700041e-01 4.268045567264570073e-01 4.758592725807753165e-01
9.279764566379612445e-01 4.358587984387210512e-01 4.870305069188197167e-01
9.279764566379612445e-01 4.358587984387210512e-01 4.870305069188197167e-01
9.311210573844822536e-01 4.450982621801876093e-01 4.979292287995025768e-01
9.311210573844822536e-01 4.450982621801876093e-01 4.979292287995025768e-01
9.340968372277662635e-01 4.544911002311889936e-01 5.085482599588212471e-01
9.340968372277662635e-01 4.544911002311889936e-01 5.085482599588212471e-01
9.369385295074477149e-01 4.640005977269414661e-01 5.188780994936587065e-01
9.369385295074477149e-01 4.640005977269414661e-01 5.188780994936587065e-01
9.396628153752947243e-01 4.736067915928584560e-01 5.289322985499034235e-01
9.396628153752947243e-01 4.736067915928584560e-01 5.289322985499034235e-01
9.423061335111174719e-01 4.832751788099225454e-01 5.387080320742967388e-01
9.423061335111174719e-01 4.832751788099225454e-01 5.387080320742967388e-01
9.448795650057717488e-01 4.929936165373519086e-01 5.482265735551826724e-01
9.448795650057717488e-01 4.929936165373519086e-01 5.482265735551826724e-01
9.474018165099692412e-01 5.027450073813458653e-01 5.575017068882061055e-01
9.474018165099692412e-01 5.027450073813458653e-01 5.575017068882061055e-01
9.498891023674228551e-01 5.125154620341838552e-01 5.665487064351977242e-01
9.498891023674228551e-01 5.125154620341838552e-01 5.665487064351977242e-01
9.523544304444179209e-01 5.222946252162502523e-01 5.753840756247726729e-01
9.523544304444179209e-01 5.222946252162502523e-01 5.753840756247726729e-01
9.548077217503146974e-01 5.320753342500018634e-01 5.840248074008738133e-01
9.548077217503146974e-01 5.320753342500018634e-01 5.840248074008738133e-01
9.572560449854810027e-01 5.418532069504354842e-01 5.924877898478704275e-01
9.572560449854810027e-01 5.418532069504354842e-01 5.924877898478704275e-01
9.597100138842721284e-01 5.516216909803336454e-01 6.007867426236074282e-01
9.597100138842721284e-01 5.516216909803336454e-01 6.007867426236074282e-01
9.621826343211177246e-01 5.613730313502979241e-01 6.089335956426671359e-01
9.621826343211177246e-01 5.613730313502979241e-01 6.089335956426671359e-01
9.646634462429858337e-01 5.711169642685020031e-01 6.169482937042584103e-01
9.646634462429858337e-01 5.711169642685020031e-01 6.169482937042584103e-01
9.671718778647445669e-01 5.808415905289031622e-01 6.248376805414679325e-01
9.671718778647445669e-01 5.808415905289031622e-01 6.248376805414679325e-01
9.697019724163022936e-01 5.905536006785631065e-01 6.326168909380318617e-01
9.697019724163022936e-01 5.905536006785631065e-01 6.326168909380318617e-01
9.722652422485881241e-01 6.002473194533294309e-01 6.402941311776113587e-01
9.722652422485881241e-01 6.002473194533294309e-01 6.402941311776113587e-01
9.748510554929662453e-01 6.099326420306190322e-01 6.478829795285339088e-01
9.748510554929662453e-01 6.099326420306190322e-01 6.478829795285339088e-01
9.774865256096473276e-01 6.195935155224644442e-01 6.553863835505420177e-01
9.774865256096473276e-01 6.195935155224644442e-01 6.553863835505420177e-01
9.801500445059020405e-01 6.292473125003837930e-01 6.628185793576241158e-01
9.801500445059020405e-01 6.292473125003837930e-01 6.628185793576241158e-01
9.828464806065637660e-01 6.388931615311604917e-01 6.701861890621850781e-01
9.828464806065637660e-01 6.388931615311604917e-01 6.701861890621850781e-01
9.855994685337039485e-01 6.485180655984097431e-01 6.774924154451403835e-01
9.855994685337039485e-01 6.485180655984097431e-01 6.774924154451403835e-01
9.883912117341923098e-01 6.581363958395665126e-01 6.847474806187996421e-01
9.883912117341923098e-01 6.581363958395665126e-01 6.847474806187996421e-01
9.912244635237819068e-01 6.677488277594556543e-01 6.919570166484404483e-01
9.912244635237819068e-01 6.677488277594556543e-01 6.919570166484404483e-01
9.941021307719093425e-01 6.773559751685693797e-01 6.991262649815489505e-01
9.941021307719093425e-01 6.773559751685693797e-01 6.991262649815489505e-01
9.970264836932546393e-01 6.869588176979922745e-01 7.062600976266047992e-01
9.970264836932546393e-01 6.869588176979922745e-01 7.062600976266047992e-01
1.000000000000000000e+00 6.965583446840211135e-01 7.133632237448268576e-01
1.000000000000000000e+00 6.965583446840211135e-01 7.133632237448268576e-01
