7.998091863327453366e-01 8.391326968835067790e-01 1.000000000000000000e+00
7.998091863327453366e-01 8.391326968835067790e-01 1.000000000000000000e+00
7.891012621340550703e-01 8.330772275942135430e-01 9.899602301579590868e-01
7.891012621340550703e-01 8.330772275942135430e-01 9.899602301579590868e-01
7.784580109840435469e-01 8.270464514899333874e-01 9.800219172246192878e-01
7.784580109840435469e-01 8.270464514899333874e-01 9.800219172246192878e-01
7.678752983406104127e-01 8.210411084578733698e-01 9.701833912423238893e-01
7.678752983406104127e-01 8.210411084578733698e-01 9.701833912423238893e-01
7.573488881265123540e-01 8.150619646768102466e-01 9.604428292355896568e-01
7.573488881265123540e-01 8.150619646768102466e-01 9.604428292355896568e-01
7.468745598739706670e-01 8.091097595968563816e-01 9.507983186175128498e-01
7.468745598739706670e-01 8.091097595968563816e-01 9.507983186175128498e-01
7.364480507360128270e-01 8.031852326828305966e-01 9.412478065678651085e-01
7.364480507360128270e-01 8.031852326828305966e-01 9.412478065678651085e-01
7.260632046964983211e-01 7.972899069252593618e-01 9.317879647907223450e-01
7.260632046964983211e-01 7.972899069252593618e-01 9.317879647907223450e-01
7.157153965145324204e-01 7.914246066098804544e-01 9.224163457517606801e-01
7.157153965145324204e-01 7.914246066098804544e-01 9.224163457517606801e-01
7.054022408268294519e-01 7.855892033860575330e-01 9.131316736971820669e-01
7.054022408268294519e-01 7.855892033860575330e-01 9.131316736971820669e-01
6.951194201002937056e-01 7.797843759209728276e-01 9.039313179459991243e-01
6.951194201002937056e-01 7.797843759209728276e-01 9.039313179459991243e-01
6.848627535990005066e-01 7.740107244606554415e-01 8.948125643815650898e-01
6.848627535990005066e-01 7.740107244606554415e-01 8.948125643815650898e-01
6.746238236617776440e-01 7.682705137446554922e-01 8.857702594112252248e-01
6.746238236617776440e-01 7.682705137446554922e-01 8.857702594112252248e-01
6.644014413526910801e-01 7.625630582558985404e-01 8.768030930233184916e-01
6.644014413526910801e-01 7.625630582558985404e-01 8.768030930233184916e-01
6.541922778604820632e-01 7.568885368993503171e-01 8.679083329465798746e-01
6.541922778604820632e-01 7.568885368993503171e-01 8.679083329465798746e-01
6.439919402688553118e-01 7.512475220301397805e-01 8.590825066660205955e-01
6.439919402688553118e-01 7.512475220301397805e-01 8.590825066660205955e-01
6.337913441138915971e-01 7.456423199968947868e-01 8.503197162351416871e-01
6.337913441138915971e-01 7.456423199968947868e-01 8.503197162351416871e-01
6.235916467667834695e-01 7.400712883596357594e-01 8.416190073567304530e-01
6.235916467667834695e-01 7.400712883596357594e-01 8.416190073567304530e-01
6.133895263754798322e-01 7.345344941019728013e-01 8.329769513263457492e-01
6.133895263754798322e-01 7.345344941019728013e-01 8.329769513263457492e-01
6.031745146692758519e-01 7.290345678442619048e-01 8.243867024932548526e-01
6.031745146692758519e-01 7.290345678442619048e-01 8.243867024932548526e-01
5.929486145629611071e-01 7.235695096739196419e-01 8.158471042829649189e-01
5.929486145629611071e-01 7.235695096739196419e-01 8.158471042829649189e-01
5.827080595235554217e-01 7.181394181112428221e-01 8.073541180059508049e-01
5.827080595235554217e-01 7.181394181112428221e-01 8.073541180059508049e-01
5.724437910001956009e-01 7.127461854728917023e-01 7.989013103307296415e-01
5.724437910001956009e-01 7.127461854728917023e-01 7.989013103307296415e-01
5.621593138899997344e-01 7.073872374052713186e-01 7.904876390293955613e-01
5.621593138899997344e-01 7.073872374052713186e-01 7.904876390293955613e-01
5.518451602084720742e-01 7.020644661467563274e-01 7.821063080191563710e-01
5.518451602084720742e-01 7.020644661467563274e-01 7.821063080191563710e-01
5.415018370829638439e-01 6.967762704543083441e-01 7.737547245679120556e-01
5.415018370829638439e-01 6.967762704543083441e-01 7.737547245679120556e-01
5.311248120399676420e-01 6.915227127774655758e-01 7.654280285422888630e-01
5.311248120399676420e-01 6.915227127774655758e-01 7.654280285422888630e-01
5.207104977862967443e-01 6.863034723497747347e-01 7.571216999331119579e-01
5.207104977862967443e-01 6.863034723497747347e-01 7.571216999331119579e-01
5.102571832745174119e-01 6.811175483638061134e-01 7.488318861794648340e-01
5.102571832745174119e-01 6.811175483638061134e-01 7.488318861794648340e-01
4.997610671631449453e-01 6.759645682636753472e-01 7.405538078840768756e-01
4.997610671631449453e-01 6.759645682636753472e-01 7.405538078840768756e-01
4.892191834534132533e-01 6.708438086666270728e-01 7.322829282161743558e-01
4.892191834534132533e-01 6.708438086666270728e-01 7.322829282161743558e-01
4.786321438816158458e-01 6.657533941059829985e-01 7.240161160954035058e-01
4.786321438816158458e-01 6.657533941059829985e-01 7.240161160954035058e-01
4.679909004199243050e-01 6.606943409687275892e-01 7.157461567273486480e-01
4.679909004199243050e-01 6.606943409687275892e-01 7.157461567273486480e-01
4.573013107301385216e-01 6.556630719165729149e-01 7.074719048007552802e-01
4.573013107301385216e-01 6.556630719165729149e-01 7.074719048007552802e-01
4.465562078666481804e-01 6.506598965313574734e-01 6.991867281303218995e-01
4.465562078666481804e-01 6.506598965313574734e-01 6.991867281303218995e-01
4.357540171282784369e-01 6.456833599896306675e-01 6.908861677130395673e-01
4.357540171282784369e-01 6.456833599896306675e-01 6.908861677130395673e-01
4.248971852242151570e-01 6.407308327354073185e-01 6.825673684783938322e-01
4.248971852242151570e-01 6.407308327354073185e-01 6.825673684783938322e-01
4.139836954433428473e-01 6.358009507317591291e-01 6.742254536196577996e-01
4.139836954433428473e-01 6.358009507317591291e-01 6.742254536196577996e-01
4.030075925727549802e-01 6.308933646020504771e-01 6.658535840341334167e-01
4.030075925727549802e-01 6.308933646020504771e-01 6.658535840341334167e-01
3.919739775011485960e-01 6.260046474239435721e-01 6.574495417932501029e-01
3.919739775011485960e-01 6.260046474239435721e-01 6.574495417932501029e-01
3.808832879438092123e-01 6.211326893406107219e-01 6.490088482833055172e-01
3.808832879438092123e-01 6.211326893406107219e-01 6.490088482833055172e-01
3.697364550368966163e-01 6.162752649824556617e-01 6.405269292144796234e-01
3.697364550368966163e-01 6.162752649824556617e-01 6.405269292144796234e-01
3.585354179711242595e-01 6.114299262633986487e-01 6.319992821505039382e-01
3.585354179711242595e-01 6.114299262633986487e-01 6.319992821505039382e-01
3.472833490508698828e-01 6.065939852276858169e-01 6.234215070526243352e-01
3.472833490508698828e-01 6.065939852276858169e-01 6.234215070526243352e-01
3.359849238228225232e-01 6.017644967716960780e-01 6.147893447098055075e-01
3.359849238228225232e-01 6.017644967716960780e-01 6.147893447098055075e-01
3.246466438337772820e-01 5.969382418630584386e-01 6.060987241519600888e-01
3.246466438337772820e-01 5.969382418630584386e-01 6.060987241519600888e-01
3.132772205010749822e-01 5.921117120417261903e-01 5.973458201161088166e-01
3.132772205010749822e-01 5.921117120417261903e-01 5.973458201161088166e-01
3.018880294704109346e-01 5.872810961384246076e-01 5.885271215193835781e-01
3.018880294704109346e-01 5.872810961384246076e-01 5.885271215193835781e-01
2.904936456263045308e-01 5.824422702476922398e-01 5.796395116363319833e-01
2.904936456263045308e-01 5.824422702476922398e-01 5.796395116363319833e-01
2.791120542930783377e-01 5.775908863790278902e-01 5.706800927142534618e-01
2.791120542930783377e-01 5.775908863790278902e-01 5.706800927142534618e-01
2.677614968642875182e-01 5.727232177065765262e-01 5.616436378793648876e-01
2.677614968642875182e-01 5.727232177065765262e-01 5.616436378793648876e-01
2.564745110791925575e-01 5.678332418669111981e-01 5.525310903523935613e-01
2.564745110791925575e-01 5.678332418669111981e-01 5.525310903523935613e-01
2.452860233078135443e-01 5.629155526494116213e-01 5.433417346279595384e-01
2.452860233078135443e-01 5.629155526494116213e-01 5.433417346279595384e-01
2.342329057521903568e-01 5.579656661860015188e-01 5.340711562342297380e-01
2.342329057521903568e-01 5.579656661860015188e-01 5.340711562342297380e-01
2.233731108665857334e-01 5.529761893279121487e-01 5.247253280940612497e-01
2.233731108665857334e-01 5.529761893279121487e-01 5.247253280940612497e-01
2.127628121689479901e-01 5.479421129731788520e-01 5.153013729264988019e-01
2.127628121689479901e-01 5.479421129731788520e-01 5.153013729264988019e-01
2.024794487612026628e-01 5.428561058237305614e-01 5.058065073359050423e-01
2.024794487612026628e-01 5.428561058237305614e-01 5.058065073359050423e-01
1.926077847377342944e-01 5.377118115688190869e-01 4.962452161886704571e-01
1.926077847377342944e-01 5.377118115688190869e-01 4.962452161886704571e-01
1.832456194432670327e-01 5.325027917019429236e-01 4.866237709476986528e-01
1.832456194432670327e-01 5.325027917019429236e-01 4.866237709476986528e-01
1.745035810795712850e-01 5.272223281620554980e-01 4.769533155239027988e-01
1.745035810795712850e-01 5.272223281620554980e-01 4.769533155239027988e-01
1.664992905671269230e-01 5.218643184378221056e-01 4.672457931558363087e-01
1.664992905671269230e-01 5.218643184378221056e-01 4.672457931558363087e-01
1.593531555386178411e-01 5.164231640230373399e-01 4.575159375345244084e-01
1.593531555386178411e-01 5.164231640230373399e-01 4.575159375345244084e-01
1.531801164975887253e-01 5.108940556403478439e-01 4.477808318012148070e-01
1.531801164975887253e-01 5.108940556403478439e-01 4.477808318012148070e-01
1.480791620570525158e-01 5.052732032821740660e-01 4.380598358778302615e-01
1.480791620570525158e-01 5.052732032821740660e-01 4.380598358778302615e-01
1.441217961514831281e-01 4.995580630177193782e-01 4.283741297728360098e-01
1.441217961514831281e-01 4.995580630177193782e-01 4.283741297728360098e-01
1.413417044415769541e-01 4.937475077498215681e-01 4.187460882404146489e-01
1.413417044415769541e-01 4.937475077498215681e-01 4.187460882404146489e-01
1.397279890379492517e-01 4.878419254871986799e-01 4.091986362153143819e-01
1.397279890379492517e-01 4.878419254871986799e-01 4.091986362153143819e-01
1.392240472095807036e-01 4.818432353346140951e-01 3.997545083850543857e-01
1.392240472095807036e-01 4.818432353346140951e-01 3.997545083850543857e-01
1.397329091034399673e-01 4.757548002750118799e-01 3.904353993733754580e-01
1.397329091034399673e-01 4.757548002750118799e-01 3.904353993733754580e-01
1.411272496971170687e-01 4.695812699668480694e-01 3.812613773631353675e-01
1.411272496971170687e-01 4.695812699668480694e-01 3.812613773631353675e-01
1.432615927279044243e-01 4.633283890258267923e-01 3.722505101024327634e-01
1.432615927279044243e-01 4.633283890258267923e-01 3.722505101024327634e-01
1.459854702898845391e-01 4.570026961821938571e-01 3.634181984770045171e-01
1.459854702898845391e-01 4.570026961821938571e-01 3.634181984770045171e-01
1.491535041064949163e-01 4.506112620883012121e-01 3.547771098331629069e-01
1.491535041064949163e-01 4.506112620883012121e-01 3.547771098331629069e-01
1.526323149106782739e-01 4.441614524088157712e-01 3.463372416374454477e-01
1.526323149106782739e-01 4.441614524088157712e-01 3.463372416374454477e-01
1.563046400329825558e-01 4.376606986042210767e-01 3.381059953021627318e-01
1.563046400329825558e-01 4.376606986042210767e-01 3.381059953021627318e-01
1.600708448519587157e-01 4.311163108221916507e-01 3.300883720613229655e-01
1.600708448519587157e-01 4.311163108221916507e-01 3.300883720613229655e-01
1.638486436140109692e-01 4.245353320580305678e-01 3.222872279734992351e-01
1.638486436140109692e-01 4.245353320580305678e-01 3.222872279734992351e-01
1.675717287483364515e-01 4.179244327099199130e-01 3.147035579508326575e-01
1.675717287483364515e-01 4.179244327099199130e-01 3.147035579508326575e-01
1.711871318613592541e-01 4.112899317368405305e-01 3.073369532863883813e-01
1.711871318613592541e-01 4.112899317368405305e-01 3.073369532863883813e-01
1.746535180439909019e-01 4.046377344458024772e-01 3.001857452626586764e-01
1.746535180439909019e-01 4.046377344458024772e-01 3.001857452626586764e-01
1.779410179404160852e-01 3.979730726312900591e-01 2.932468413486471470e-01
1.779410179404160852e-01 3.979730726312900591e-01 2.932468413486471470e-01
1.810271600732009378e-01 3.913007829843385688e-01 2.865164910072681703e-01
1.810271600732009378e-01 3.913007829843385688e-01 2.865164910072681703e-01
1.838959420690499669e-01 3.846252489901305083e-01 2.799903141067923706e-01
1.838959420690499669e-01 3.846252489901305083e-01 2.799903141067923706e-01
1.865338050171159168e-01 3.779508565653563190e-01 2.736638427138101681e-01
1.865338050171159168e-01 3.779508565653563190e-01 2.736638427138101681e-01
1.889369045242071388e-01 3.712807138295058373e-01 2.675312447652905545e-01
1.889369045242071388e-01 3.712807138295058373e-01 2.675312447652905545e-01
1.910991978295284166e-01 3.646184155644945912e-01 2.615872963038103904e-01
1.910991978295284166e-01 3.646184155644945912e-01 2.615872963038103904e-01
1.930200177658992766e-01 3.579667426468185476e-01 2.558260320026383150e-01
1.930200177658992766e-01 3.579667426468185476e-01 2.558260320026383150e-01
1.946999226030800834e-01 3.513282764686890824e-01 2.502414782923178538e-01
1.946999226030800834e-01 3.513282764686890824e-01 2.502414782923178538e-01
1.961416309109762224e-01 3.447051639050687788e-01 2.448274357795471590e-01
1.961416309109762224e-01 3.447051639050687788e-01 2.448274357795471590e-01
1.973456342811511777e-01 3.380999580269329341e-01 2.395778679769526853e-01
1.973456342811511777e-01 3.380999580269329341e-01 2.395778679769526853e-01
1.983200496683634184e-01 3.315135849221395592e-01 2.344862632958155113e-01
1.983200496683634184e-01 3.315135849221395592e-01 2.344862632958155113e-01
1.990654868835983748e-01 3.249484220084119523e-01 2.295464334507643089e-01
1.990654868835983748e-01 3.249484220084119523e-01 2.295464334507643089e-01
1.995878964739257466e-01 3.184056329279952857e-01 2.247519504994699435e-01
1.995878964739257466e-01 3.184056329279952857e-01 2.247519504994699435e-01
1.998942208907979190e-01 3.118859910684999015e-01 2.200964698869995184e-01
1.998942208907979190e-01 3.118859910684999015e-01 2.200964698869995184e-01
1.999894307106651337e-01 3.053905729919998424e-01 2.155736597841669544e-01
1.999894307106651337e-01 3.053905729919998424e-01 2.155736597841669544e-01
1.998778873864606453e-01 2.989204883320079054e-01 2.111770687773640576e-01
1.998778873864606453e-01 2.989204883320079054e-01 2.111770687773640576e-01
1.995644160424547564e-01 2.924766224740815157e-01 2.069001962245370640e-01
1.995644160424547564e-01 2.924766224740815157e-01 2.069001962245370640e-01
1.990562977718912108e-01 2.860590744911280514e-01 2.027368524988304166e-01
1.990562977718912108e-01 2.860590744911280514e-01 2.027368524988304166e-01
1.983589081903930906e-01 2.796682736822328486e-01 1.986807174375464224e-01
1.983589081903930906e-01 2.796682736822328486e-01 1.986807174375464224e-01
1.974776131630812392e-01 2.733045094293150012e-01 1.947254973040229986e-01
1.974776131630812392e-01 2.733045094293150012e-01 1.947254973040229986e-01
1.964177380931385331e-01 2.669679377615667426e-01 1.908649367541380426e-01
1.964177380931385331e-01 2.669679377615667426e-01 1.908649367541380426e-01
1.951845428885826406e-01 2.606585873472804793e-01 1.870928300613644013e-01
1.951845428885826406e-01 2.606585873472804793e-01 1.870928300613644013e-01
1.937832013635239492e-01 2.543763649898306278e-01 1.834030314721915300e-01
1.937832013635239492e-01 2.543763649898306278e-01 1.834030314721915300e-01
1.922187840943792858e-01 2.481210606932324203e-01 1.797894645012257930e-01
1.922187840943792858e-01 2.481210606932324203e-01 1.797894645012257930e-01
1.904962439773009164e-01 2.418923523475394466e-01 1.762461299187382813e-01
1.904962439773009164e-01 2.418923523475394466e-01 1.762461299187382813e-01
1.886192334084812183e-01 2.356902087507691257e-01 1.727665777547843784e-01
1.886192334084812183e-01 2.356902087507691257e-01 1.727665777547843784e-01
1.865922941116623102e-01 2.295141781228039191e-01 1.693447733146073164e-01
1.865922941116623102e-01 2.295141781228039191e-01 1.693447733146073164e-01
1.844209702271579487e-01 2.233633009125154112e-01 1.659753405946673699e-01
1.844209702271579487e-01 2.233633009125154112e-01 1.659753405946673699e-01
1.821096674772673951e-01 2.172368454171532404e-01 1.626525966784109212e-01
1.821096674772673951e-01 2.172368454171532404e-01 1.626525966784109212e-01
1.796623598067062788e-01 2.111340868929529879e-01 1.593707734903415107e-01
1.796623598067062788e-01 2.111340868929529879e-01 1.593707734903415107e-01
1.770806012579838884e-01 2.050550944944449228e-01 1.561226063327898206e-01
1.770806012579838884e-01 2.050550944944449228e-01 1.561226063327898206e-01
1.743702343893346884e-01 1.989981706462751465e-01 1.529036462573594157e-01
1.743702343893346884e-01 1.989981706462751465e-01 1.529036462573594157e-01
1.715356358117289537e-01 1.929619808938082826e-01 1.497088331059285016e-01
1.715356358117289537e-01 1.929619808938082826e-01 1.497088331059285016e-01
1.685772682294244540e-01 1.869466488331189558e-01 1.465301280530983408e-01
1.685772682294244540e-01 1.869466488331189558e-01 1.465301280530983408e-01
1.655006718541811306e-01 1.809500834956411230e-01 1.433634613180196360e-01
1.655006718541811306e-01 1.809500834956411230e-01 1.433634613180196360e-01
1.623093114243142898e-01 1.749708625558059338e-01 1.402032487932092231e-01
1.623093114243142898e-01 1.749708625558059338e-01 1.402032487932092231e-01
1.590038635564661185e-01 1.690086642511485215e-01 1.370411591076907687e-01
1.590038635564661185e-01 1.690086642511485215e-01 1.370411591076907687e-01
1.555909365959634583e-01 1.630603710993114019e-01 1.338742883876894163e-01
1.555909365959634583e-01 1.630603710993114019e-01 1.338742883876894163e-01
1.520709910103807960e-01 1.571254968886792169e-01 1.306933022639420461e-01
1.520709910103807960e-01 1.571254968886792169e-01 1.306933022639420461e-01
1.484508526117388483e-01 1.512004338386455649e-01 1.274950078175153267e-01
1.484508526117388483e-01 1.512004338386455649e-01 1.274950078175153267e-01
1.447328397384909648e-01 1.452835384061152701e-01 1.242705861647341731e-01
1.447328397384909648e-01 1.452835384061152701e-01 1.242705861647341731e-01
1.409256767606672789e-01 1.393697617680008383e-01 1.210183698130566782e-01
1.409256767606672789e-01 1.393697617680008383e-01 1.210183698130566782e-01
1.370348457867586189e-01 1.334551434330993325e-01 1.177345679901977693e-01
1.370348457867586189e-01 1.334551434330993325e-01 1.177345679901977693e-01
1.330697029275755283e-01 1.275323924397716302e-01 1.144297296489027033e-01
1.330697029275755283e-01 1.275323924397716302e-01 1.144297296489027033e-01
1.290280485052267001e-01 1.215968066319126767e-01 1.111309334246888547e-01
1.290280485052267001e-01 1.215968066319126767e-01 1.111309334246888547e-01
1.248737702945757200e-01 1.156552555077878935e-01 1.078881835041170245e-01
1.248737702945757200e-01 1.156552555077878935e-01 1.078881835041170245e-01
1.205208902414044991e-01 1.097385288599850017e-01 1.047288258503044633e-01
1.205208902414044991e-01 1.097385288599850017e-01 1.047288258503044633e-01
1.159079501344369156e-01 1.038817887689468394e-01 1.015494921560769065e-01
1.159079501344369156e-01 1.038817887689468394e-01 1.015494921560769065e-01
1.142383906529327309e-01 1.045317033478464774e-01 1.022324623066122040e-01
1.142383906529327309e-01 1.045317033478464774e-01 1.022324623066122040e-01
1.217675848141120953e-01 1.091711205565128184e-01 1.050026904225645208e-01
1.217675848141120953e-01 1.091711205565128184e-01 1.050026904225645208e-01
1.293381639940288375e-01 1.137459007188229149e-01 1.076095711841319746e-01
1.293381639940288375e-01 1.137459007188229149e-01 1.076095711841319746e-01
1.369498518877738935e-01 1.182559220416608547e-01 1.100858066320474921e-01
1.369498518877738935e-01 1.182559220416608547e-01 1.100858066320474921e-01
1.446021681833008221e-01 1.227024061382338410e-01 1.124500812820727197e-01
1.446021681833008221e-01 1.227024061382338410e-01 1.124500812820727197e-01
1.522960675703419475e-01 1.270864351655061342e-01 1.147139296510886614e-01
1.522960675703419475e-01 1.270864351655061342e-01 1.147139296510886614e-01
1.600301204216175721e-01 1.314099772929015475e-01 1.168892970313787361e-01
1.600301204216175721e-01 1.314099772929015475e-01 1.168892970313787361e-01
1.678045486801558184e-01 1.356744126132394257e-01 1.189847054536463111e-01
1.678045486801558184e-01 1.356744126132394257e-01 1.189847054536463111e-01
1.756210580626299533e-01 1.398804758928383907e-01 1.210059815543278183e-01
1.756210580626299533e-01 1.398804758928383907e-01 1.210059815543278183e-01
1.834798056622164997e-01 1.440293569771082804e-01 1.229603131389713222e-01
1.834798056622164997e-01 1.440293569771082804e-01 1.229603131389713222e-01
1.913828305558026854e-01 1.481213997449362663e-01 1.248522105878655669e-01
1.913828305558026854e-01 1.481213997449362663e-01 1.248522105878655669e-01
1.993296375059700198e-01 1.521578217683818290e-01 1.266889931366148858e-01
1.993296375059700198e-01 1.521578217683818290e-01 1.266889931366148858e-01
2.073207739420516449e-01 1.561393400355594596e-01 1.284764949644299492e-01
2.073207739420516449e-01 1.561393400355594596e-01 1.284764949644299492e-01
2.153585318271886151e-01 1.600658174601526096e-01 1.302183211628849258e-01
2.153585318271886151e-01 1.600658174601526096e-01 1.302183211628849258e-01
2.234450595840087317e-01 1.639370194919312074e-01 1.319182854724847698e-01
2.234450595840087317e-01 1.639370194919312074e-01 1.319182854724847698e-01
2.315778272804029647e-01 1.677546677049731594e-01 1.335856573921229973e-01
2.315778272804029647e-01 1.677546677049731594e-01 1.335856573921229973e-01
2.397598646202379336e-01 1.715179436141902602e-01 1.352230994232776484e-01
2.397598646202379336e-01 1.715179436141902602e-01 1.352230994232776484e-01
2.479936053976551369e-01 1.752261302956341082e-01 1.368341898166335335e-01
2.479936053976551369e-01 1.752261302956341082e-01 1.368341898166335335e-01
2.562756938909269144e-01 1.788811496020417668e-01 1.384291615752695770e-01
2.562756938909269144e-01 1.788811496020417668e-01 1.384291615752695770e-01
2.646108493312392396e-01 1.824809996171095905e-01 1.400090870165847379e-01
2.646108493312392396e-01 1.824809996171095905e-01 1.400090870165847379e-01
2.729981166855695029e-01 1.860263061105359439e-01 1.415817487163834043e-01
2.729981166855695029e-01 1.860263061105359439e-01 1.415817487163834043e-01
2.814364881434342491e-01 1.895176940658626630e-01 1.431549241819085605e-01
2.814364881434342491e-01 1.895176940658626630e-01 1.431549241819085605e-01
2.899307939770309206e-01 1.929526982225534537e-01 1.447303778914039440e-01
2.899307939770309206e-01 1.929526982225534537e-01 1.447303778914039440e-01
2.984756418939956135e-01 1.963340994480044510e-01 1.463209357314863845e-01
2.984756418939956135e-01 1.963340994480044510e-01 1.463209357314863845e-01
3.070774714147680995e-01 1.996583393180967614e-01 1.479272364481517554e-01
3.070774714147680995e-01 1.996583393180967614e-01 1.479272364481517554e-01
3.157307100096629071e-01 2.029282740567570631e-01 1.495625376621883551e-01
3.157307100096629071e-01 2.029282740567570631e-01 1.495625376621883551e-01
3.244394552860365155e-01 2.061413986666315590e-01 1.512305531560306782e-01
3.244394552860365155e-01 2.061413986666315590e-01 1.512305531560306782e-01
3.332017299874034943e-01 2.092985163342318822e-01 1.529412906202765599e-01
3.332017299874034943e-01 2.092985163342318822e-01 1.529412906202765599e-01
3.420156211958128578e-01 2.124004342341437868e-01 1.547048647879893379e-01
3.420156211958128578e-01 2.124004342341437868e-01 1.547048647879893379e-01
3.508849971758791209e-01 2.154444343950475405e-01 1.565263400946140804e-01
3.508849971758791209e-01 2.154444343950475405e-01 1.565263400946140804e-01
3.598047618036350759e-01 2.184331513562974003e-01 1.584192083647162075e-01
3.598047618036350759e-01 2.184331513562974003e-01 1.584192083647162075e-01
3.687738866826686945e-01 2.213668077086727026e-01 1.603933769167406598e-01
3.687738866826686945e-01 2.213668077086727026e-01 1.603933769167406598e-01
3.777950787222465467e-01 2.242431658418256313e-01 1.624560895014998951e-01
3.777950787222465467e-01 2.242431658418256313e-01 1.624560895014998951e-01
3.868637378555275230e-01 2.270646258899095549e-01 1.646207592526184316e-01
3.868637378555275230e-01 2.270646258899095549e-01 1.646207592526184316e-01
3.959774406635049870e-01 2.298322743151162695e-01 1.668990628746287452e-01
3.959774406635049870e-01 2.298322743151162695e-01 1.668990628746287452e-01
4.051342375984449129e-01 2.325469100642457154e-01 1.693024081814953619e-01
4.051342375984449129e-01 2.325469100642457154e-01 1.693024081814953619e-01
4.143317333890675358e-01 2.352096618745238565e-01 1.718426123562652730e-01
4.143317333890675358e-01 2.352096618745238565e-01 1.718426123562652730e-01
4.235671076184753803e-01 2.378220016844977691e-01 1.745317952175628740e-01
4.235671076184753803e-01 2.378220016844977691e-01 1.745317952175628740e-01
4.328376363923178149e-01 2.403853871961530997e-01 1.773820127941295455e-01
4.328376363923178149e-01 2.403853871961530997e-01 1.773820127941295455e-01
4.421385808568900067e-01 2.429028419575645081e-01 1.804062330536382042e-01
4.421385808568900067e-01 2.429028419575645081e-01 1.804062330536382042e-01
4.514655893780497586e-01 2.453772615812371549e-01 1.836168391238394149e-01
4.514655893780497586e-01 2.453772615812371549e-01 1.836168391238394149e-01
4.608140700395529366e-01 2.478118752605035779e-01 1.870258998382243187e-01
4.608140700395529366e-01 2.478118752605035779e-01 1.870258998382243187e-01
4.701791370245748114e-01 2.502103081259716699e-01 1.906450888277987921e-01
4.701791370245748114e-01 2.502103081259716699e-01 1.906450888277987921e-01
4.795559819922142752e-01 2.525763005382734572e-01 1.944854801259145172e-01
4.795559819922142752e-01 2.525763005382734572e-01 1.944854801259145172e-01
4.889384740602034096e-01 2.549148719133088603e-01 1.985577364450381022e-01
4.889384740602034096e-01 2.549148719133088603e-01 1.985577364450381022e-01
4.983205764851016961e-01 2.572312268566188664e-01 2.028715200675983710e-01
4.983205764851016961e-01 2.572312268566188664e-01 2.028715200675983710e-01
5.076961516640174921e-01 2.595309196218427150e-01 2.074354542321339145e-01
5.076961516640174921e-01 2.595309196218427150e-01 2.074354542321339145e-01
5.170589633317291822e-01 2.618198647551948088e-01 2.122570236543420696e-01
5.170589633317291822e-01 2.618198647551948088e-01 2.122570236543420696e-01
5.264027501171281154e-01 2.641042831425668980e-01 2.173424800463917561e-01
5.264027501171281154e-01 2.641042831425668980e-01 2.173424800463917561e-01
5.357218719290154363e-01 2.663901081691710249e-01 2.226969357666915006e-01
5.357218719290154363e-01 2.663901081691710249e-01 2.226969357666915006e-01
5.450099343212757574e-01 2.686842337058376051e-01 2.283240550904581945e-01
5.450099343212757574e-01 2.686842337058376051e-01 2.283240550904581945e-01
5.542605099986421813e-01 2.709938975767767211e-01 2.342259867208223156e-01
5.542605099986421813e-01 2.709938975767767211e-01 2.342259867208223156e-01
5.634679222865637271e-01 2.733259145946603241e-01 2.404036516318315553e-01
5.634679222865637271e-01 2.733259145946603241e-01 2.404036516318315553e-01
5.726271530870730153e-01 2.756866990672565687e-01 2.468569695463879443e-01
5.726271530870730153e-01 2.756866990672565687e-01 2.468569695463879443e-01
5.817327937942914362e-01 2.780832868162115279e-01 2.535842782556363417e-01
5.817327937942914362e-01 2.780832868162115279e-01 2.535842782556363417e-01
5.907799122105633627e-01 2.805224703720330948e-01 2.605828088853123781e-01
5.907799122105633627e-01 2.805224703720330948e-01 2.605828088853123781e-01
5.997642539762608749e-01 2.830105348878688143e-01 2.678490378957771867e-01
5.997642539762608749e-01 2.830105348878688143e-01 2.678490378957771867e-01
6.086818690037447688e-01 2.855536013697121400e-01 2.753785571124920395e-01
6.086818690037447688e-01 2.855536013697121400e-01 2.753785571124920395e-01
6.175289751801044114e-01 2.881577545811153107e-01 2.831659861161132108e-01
6.175289751801044114e-01 2.881577545811153107e-01 2.831659861161132108e-01
6.263023493753191451e-01 2.908285762197730939e-01 2.912055445606938076e-01
6.263023493753191451e-01 2.908285762197730939e-01 2.912055445606938076e-01
6.349990602353683400e-01 2.935713992491426616e-01 2.994909157734078620e-01
6.349990602353683400e-01 2.935713992491426616e-01 2.994909157734078620e-01
6.436164758504397954e-01 2.963912670637958158e-01 3.080153906941108799e-01
6.436164758504397954e-01 2.963912670637958158e-01 3.080153906941108799e-01
6.521522721804033917e-01 2.992928869240773504e-01 3.167720458290119168e-01
6.521522721804033917e-01 2.992928869240773504e-01 3.167720458290119168e-01
6.606042677379869721e-01 3.022808046459448117e-01 3.257535618252064280e-01
6.606042677379869721e-01 3.022808046459448117e-01 3.257535618252064280e-01
6.689706027243046416e-01 3.053591463932802119e-01 3.349527547284409379e-01
6.689706027243046416e-01 3.053591463932802119e-01 3.349527547284409379e-01
6.772495455943690068e-01 3.085318307136777349e-01 3.443623384297689882e-01
6.772495455943690068e-01 3.085318307136777349e-01 3.443623384297689882e-01
6.854394106963708211e-01 3.118026635445380612e-01 3.539747897958840372e-01
6.854394106963708211e-01 3.118026635445380612e-01 3.539747897958840372e-01
6.935386553452091984e-01 3.151751811463722186e-01 3.637827466645724428e-01
6.935386553452091984e-01 3.151751811463722186e-01 3.637827466645724428e-01
7.015458201321286280e-01 3.186526988008965833e-01 3.737790315363156424e-01
7.015458201321286280e-01 3.186526988008965833e-01 3.737790315363156424e-01
7.094593972195860632e-01 3.222384894606447614e-01 3.839562972422614906e-01
7.094593972195860632e-01 3.222384894606447614e-01 3.839562972422614906e-01
7.172778543004953988e-01 3.259357389060993926e-01 3.943071571089427074e-01
7.172778543004953988e-01 3.259357389060993926e-01 3.943071571089427074e-01
7.249996790044522799e-01 3.297474370357620366e-01 4.048245996059640084e-01
7.249996790044522799e-01 3.297474370357620366e-01 4.048245996059640084e-01
7.326232411892370511e-01 3.336765929493166194e-01 4.155014361498994835e-01
7.326232411892370511e-01 3.336765929493166194e-01 4.155014361498994835e-01
7.401468101739789862e-01 3.377261960389869033e-01 4.263304341265167219e-01
7.401468101739789862e-01 3.377261960389869033e-01 4.263304341265167219e-01
7.475685525137268916e-01 3.418991900399889761e-01 4.373044824499483507e-01
7.475685525137268916e-01 3.418991900399889761e-01 4.373044824499483507e-01
7.548864845415489411e-01 3.461985519962624269e-01 4.484163542461960250e-01
7.548864845415489411e-01 3.461985519962624269e-01 4.484163542461960250e-01
7.620984637666633477e-01 3.506272912318421642e-01 4.596587443306227039e-01
7.620984637666633477e-01 3.506272912318421642e-01 4.596587443306227039e-01
7.692021735328149479e-01 3.551884356302840717e-01 4.710244225594072964e-01
7.692021735328149479e-01 3.551884356302840717e-01 4.710244225594072964e-01
7.761950946393901818e-01 3.598851403996133347e-01 4.825056725755835774e-01
7.761950946393901818e-01 3.598851403996133347e-01 4.825056725755835774e-01
7.830745129903204926e-01 3.647206180611493043e-01 4.940946569486487916e-01
7.830745129903204926e-01 3.647206180611493043e-01 4.940946569486487916e-01
7.898374732482537075e-01 3.696981145880812725e-01 5.057838040150448577e-01
7.898374732482537075e-01 3.696981145880812725e-01 5.057838040150448577e-01
7.964808061627661750e-01 3.748210591195192953e-01 5.175646212178849348e-01
7.964808061627661750e-01 3.748210591195192953e-01 5.175646212178849348e-01
8.030011307297860723e-01 3.800929757024712474e-01 5.294281958595390414e-01
8.030011307297860723e-01 3.800929757024712474e-01 5.294281958595390414e-01
8.093947645704374638e-01 3.855174500718420161e-01 5.413658726142354105e-01
8.093947645704374638e-01 3.855174500718420161e-01 5.413658726142354105e-01
8.156577794905317536e-01 3.910982105705801404e-01 5.533683157416150467e-01
8.156577794905317536e-01 3.910982105705801404e-01 5.533683157416150467e-01
8.217861453921214698e-01 3.968391016493675871e-01 5.654247572138805245e-01
8.217861453921214698e-01 3.968391016493675871e-01 5.654247572138805245e-01
8.277754307216385055e-01 4.027440312465148664e-01 5.775250125456578010e-01
8.277754307216385055e-01 4.027440312465148664e-01 5.775250125456578010e-01
8.336209805215549773e-01 4.088170134086957508e-01 5.896580458063329644e-01
8.336209805215549773e-01 4.088170134086957508e-01 5.896580458063329644e-01
8.393182603177958834e-01 4.150620416938015089e-01 6.018107088502874236e-01
8.393182603177958834e-01 4.150620416938015089e-01 6.018107088502874236e-01
8.448621254786369272e-01 4.214832237159506501e-01 6.139710151126367421e-01
8.448621254786369272e-01 4.214832237159506501e-01 6.139710151126367421e-01
8.502476355337854619e-01 4.280845590960279945e-01 6.261247521564999863e-01
8.502476355337854619e-01 4.280845590960279945e-01 6.261247521564999863e-01
8.554700165036159820e-01 4.348698491676999955e-01 6.382562617244330605e-01
8.554700165036159820e-01 4.348698491676999955e-01 6.382562617244330605e-01
8.605236959804543062e-01 4.418430851542083371e-01 6.503513054621969935e-01
8.605236959804543062e-01 4.418430851542083371e-01 6.503513054621969935e-01
8.654044979286509287e-01 4.490074446750889070e-01 6.623911211319000181e-01
8.654044979286509287e-01 4.490074446750889070e-01 6.623911211319000181e-01
8.701074825088686016e-01 4.563662114293441374e-01 6.743586524721784103e-01
8.701074825088686016e-01 4.563662114293441374e-01 6.743586524721784103e-01
8.746287551672551341e-01 4.639218727255672303e-01 6.862342935801426513e-01
8.746287551672551341e-01 4.639218727255672303e-01 6.862342935801426513e-01
8.789649823197023260e-01 4.716762875044436254e-01 6.979976716854090490e-01
8.789649823197023260e-01 4.716762875044436254e-01 6.979976716854090490e-01
8.831133547136126305e-01 4.796306722143617862e-01 7.096280837922076534e-01
8.831133547136126305e-01 4.796306722143617862e-01 7.096280837922076534e-01
8.870728036837013386e-01 4.877848652611880276e-01 7.211030180727053818e-01
8.870728036837013386e-01 4.877848652611880276e-01 7.211030180727053818e-01
8.908428588772985268e-01 4.961379469477283921e-01 7.324006648613496928e-01
8.908428588772985268e-01 4.961379469477283921e-01 7.324006648613496928e-01
8.944254101007670377e-01 5.046871739884284391e-01 7.434980181861426951e-01
8.944254101007670377e-01 5.046871739884284391e-01 7.434980181861426951e-01
8.978236815471472010e-01 5.134285791933715926e-01 7.543730767757107492e-01
8.978236815471472010e-01 5.134285791933715926e-01 7.543730767757107492e-01
9.010431526932832780e-01 5.223564209949873582e-01 7.650043867272570131e-01
9.010431526932832780e-01 5.223564209949873582e-01 7.650043867272570131e-01
9.040919764536806680e-01 5.314629370028746136e-01 7.753715168964127047e-01
9.040919764536806680e-01 5.314629370028746136e-01 7.753715168964127047e-01
9.069793623871367227e-01 5.407394279637434131e-01 7.854570357823892346e-01
9.069793623871367227e-01 5.407394279637434131e-01 7.854570357823892346e-01
9.097192833514451404e-01 5.501739458831054197e-01 7.952443017942018022e-01
9.097192833514451404e-01 5.501739458831054197e-01 7.952443017942018022e-01
9.123244021100948009e-01 5.597552986243361506e-01 8.047221051846046302e-01
9.123244021100948009e-01 5.597552986243361506e-01 8.047221051846046302e-01
9.148130504606367674e-01 5.694686286075141268e-01 8.138805930652199816e-01
9.148130504606367674e-01 5.694686286075141268e-01 8.138805930652199816e-01
9.172022131082886442e-01 5.793000753493907640e-01 8.227153583316649810e-01
9.172022131082886442e-01 5.793000753493907640e-01 8.227153583316649810e-01
9.195100338275551399e-01 5.892352448402387033e-01 8.312256548626556496e-01
9.195100338275551399e-01 5.892352448402387033e-01 8.312256548626556496e-01
9.217602812068843576e-01 5.992563851638842420e-01 8.394134587450140517e-01
9.217602812068843576e-01 5.992563851638842420e-01 8.394134587450140517e-01
9.239691187600855837e-01 6.093511001410684136e-01 8.472864716484072023e-01
9.239691187600855837e-01 6.093511001410684136e-01 8.472864716484072023e-01
9.261561678051443147e-01 6.195051699286179270e-01 8.548544950790430974e-01
9.261561678051443147e-01 6.195051699286179270e-01 8.548544950790430974e-01
9.283422856335534767e-01 6.297040469958499198e-01 8.621301991459814351e-01
9.283422856335534767e-01 6.297040469958499198e-01 8.621301991459814351e-01
9.305467099005306775e-01 6.399347342487948787e-01 8.691289689749734926e-01
9.305467099005306775e-01 6.399347342487948787e-01 8.691289689749734926e-01
9.327835642706324704e-01 6.501880139401613468e-01 8.758677476779526128e-01
9.327835642706324704e-01 6.501880139401613468e-01 8.758677476779526128e-01
9.350682317631684448e-01 6.604542965824031775e-01 8.823645640856477845e-01
9.350682317631684448e-01 6.604542965824031775e-01 8.823645640856477845e-01
9.374145192514122815e-01 6.707254228992491907e-01 8.886381618188122777e-01
9.374145192514122815e-01 6.707254228992491907e-01 8.886381618188122777e-01
9.398345450136589285e-01 6.809946879372688056e-01 8.947075190797197930e-01
9.398345450136589285e-01 6.809946879372688056e-01 8.947075190797197930e-01
9.423387219290083605e-01 6.912567985787551050e-01 9.005914305859625824e-01
9.423387219290083605e-01 6.912567985787551050e-01 9.005914305859625824e-01
9.449358003455305965e-01 7.015077912938322280e-01 9.063081621793125375e-01
9.449358003455305965e-01 7.015077912938322280e-01 9.063081621793125375e-01
9.476347459031317921e-01 7.117438042203119153e-01 9.118758931455926975e-01
9.476347459031317921e-01 7.117438042203119153e-01 9.118758931455926975e-01
9.504463937415876806e-01 7.219600261778256201e-01 9.173135459785578538e-01
9.504463937415876806e-01 7.219600261778256201e-01 9.173135459785578538e-01
9.533704751099226771e-01 7.321587228560355598e-01 9.226350224332949823e-01
9.533704751099226771e-01 7.321587228560355598e-01 9.226350224332949823e-01
9.564101911775872988e-01 7.423400746990119758e-01 9.278546481222275100e-01
9.564101911775872988e-01 7.423400746990119758e-01 9.278546481222275100e-01
9.595755945867215919e-01 7.525001403002293809e-01 9.329898160330368784e-01
9.595755945867215919e-01 7.525001403002293809e-01 9.329898160330368784e-01
9.628687459524931658e-01 7.626399907865958339e-01 9.380536019769069034e-01
9.628687459524931658e-01 7.626399907865958339e-01 9.380536019769069034e-01
9.662837222150995053e-01 7.727655720050672361e-01 9.430534386739908292e-01
9.662837222150995053e-01 7.727655720050672361e-01 9.430534386739908292e-01
