1.223900232571051433e-01 1.246317478593272354e-01 1.343753616165150634e-02
1.223900232571051433e-01 1.246317478593272354e-01 1.343753616165150634e-02
1.234303600056416428e-01 1.283915650525002672e-01 1.472499675978318490e-02
1.234303600056416428e-01 1.283915650525002672e-01 1.472499675978318490e-02
1.244087392693752486e-01 1.321471954420120609e-01 1.608603282207796831e-02
1.244087392693752486e-01 1.321471954420120609e-01 1.608603282207796831e-02
1.253243085028307446e-01 1.358992218172191402e-01 1.752333827759549115e-02
1.253243085028307446e-01 1.358992218172191402e-01 1.752333827759549115e-02
1.261651153727307018e-01 1.396521808492276195e-01 1.903770203733593652e-02
1.261651153727307018e-01 1.396521808492276195e-01 1.903770203733593652e-02
1.269384266793741889e-01 1.434033863792698871e-01 2.063391809551927067e-02
1.269384266793741889e-01 1.434033863792698871e-01 2.063391809551927067e-02
1.276454568366935105e-01 1.471524519470571168e-01 2.231568702891733799e-02
1.276454568366935105e-01 1.471524519470571168e-01 2.231568702891733799e-02
1.282801629802741983e-01 1.509014640033747023e-01 2.408567716049061710e-02
1.282801629802741983e-01 1.509014640033747023e-01 2.408567716049061710e-02
1.288374490748738777e-01 1.546519908374997809e-01 2.594712254996781389e-02
1.288374490748738777e-01 1.546519908374997809e-01 2.594712254996781389e-02
1.293238625290472898e-01 1.584016547401311259e-01 2.790529709307103950e-02
1.293238625290472898e-01 1.584016547401311259e-01 2.790529709307103950e-02
1.297376250768728367e-01 1.621508960702618685e-01 2.996432900461998283e-02
1.297376250768728367e-01 1.621508960702618685e-01 2.996432900461998283e-02
1.300705085458629118e-01 1.659020896478476947e-01 3.212788170999311688e-02
1.300705085458629118e-01 1.659020896478476947e-01 3.212788170999311688e-02
1.303210176796113784e-01 1.696553246963709849e-01 3.440092958544521684e-02
1.303210176796113784e-01 1.696553246963709849e-01 3.440092958544521684e-02
1.304927054289244936e-01 1.734091467697388977e-01 3.678920759151715902e-02
1.304927054289244936e-01 1.734091467697388977e-01 3.678920759151715902e-02
1.305832097914598755e-01 1.771639049041832392e-01 3.928333178280411092e-02
1.305832097914598755e-01 1.771639049041832392e-01 3.928333178280411092e-02
1.305892865599191932e-01 1.809201267238200461e-01 4.179959946371533674e-02
1.305892865599191932e-01 1.809201267238200461e-01 4.179959946371533674e-02
1.304989746953964247e-01 1.846806496760075578e-01 4.434435090190036455e-02
1.304989746953964247e-01 1.846806496760075578e-01 4.434435090190036455e-02
1.303195487152436494e-01 1.884428169809477804e-01 4.691988927958951061e-02
1.303195487152436494e-01 1.884428169809477804e-01 4.691988927958951061e-02
1.300479717656427836e-01 1.922068723237165544e-01 4.952781866553174206e-02
1.300479717656427836e-01 1.922068723237165544e-01 4.952781866553174206e-02
1.296810081094964540e-01 1.959730310898994410e-01 5.216978821533228144e-02
1.296810081094964540e-01 1.959730310898994410e-01 5.216978821533228144e-02
1.292152113460807716e-01 1.997414789032743720e-01 5.484749296892926090e-02
1.292152113460807716e-01 1.997414789032743720e-01 5.484749296892926090e-02
1.286438600677264621e-01 2.035131086817936474e-01 5.756276631144238015e-02
1.286438600677264621e-01 2.035131086817936474e-01 5.756276631144238015e-02
1.279610406561216274e-01 2.072884532384021983e-01 6.031759837049257417e-02
1.279610406561216274e-01 2.072884532384021983e-01 6.031759837049257417e-02
1.271680579842478231e-01 2.110662467352537597e-01 6.311370224903498083e-02
1.271680579842478231e-01 2.110662467352537597e-01 6.311370224903498083e-02
1.262605183481599613e-01 2.148465359770879435e-01 6.595292694506035835e-02
1.262605183481599613e-01 2.148465359770879435e-01 6.595292694506035835e-02
1.252337322973212097e-01 2.186293288774210364e-01 6.883716403424493258e-02
1.252337322973212097e-01 2.186293288774210364e-01 6.883716403424493258e-02
1.240826887039505055e-01 2.224145921486604949e-01 7.176834562394329708e-02
1.240826887039505055e-01 2.224145921486604949e-01 7.176834562394329708e-02
1.228020245304638214e-01 2.262022488579804869e-01 7.474844163573073075e-02
1.228020245304638214e-01 2.262022488579804869e-01 7.474844163573073075e-02
1.213859892864984219e-01 2.299921758653731274e-01 7.777945633817638649e-02
1.213859892864984219e-01 2.299921758653731274e-01 7.777945633817638649e-02
1.198284028716655319e-01 2.337842011653961660e-01 8.086342404907585768e-02
1.198284028716655319e-01 2.337842011653961660e-01 8.086342404907585768e-02
1.181226051078920480e-01 2.375781011598460390e-01 8.400240392547955737e-02
1.181226051078920480e-01 2.375781011598460390e-01 8.400240392547955737e-02
1.162613947400802372e-01 2.413735978948363947e-01 8.719847376089542856e-02
1.162613947400802372e-01 2.413735978948363947e-01 8.719847376089542856e-02
1.142369549729942285e-01 2.451703563026161325e-01 9.045372271236128137e-02
1.142369549729942285e-01 2.451703563026161325e-01 9.045372271236128137e-02
1.120407616403674700e-01 2.489679814956974602e-01 9.377024288611554570e-02
1.120407616403674700e-01 2.489679814956974602e-01 9.377024288611554570e-02
1.096634687562111771e-01 2.527660161684732176e-01 9.715011971976543481e-02
1.096634687562111771e-01 2.527660161684732176e-01 9.715011971976543481e-02
1.070947643085639056e-01 2.565639381692442766e-01 1.005954211115204638e-01
1.070947643085639056e-01 2.565639381692442766e-01 1.005954211115204638e-01
1.043231864620454002e-01 2.603611583132493523e-01 1.041081852637477378e-01
1.043231864620454002e-01 2.603611583132493523e-01 1.041081852637477378e-01
1.013358864286302979e-01 2.641570185145601934e-01 1.076904072289002201e-01
1.013358864286302979e-01 2.641570185145601934e-01 1.076904072289002201e-01
9.811831849021140917e-02 2.679507903213588782e-01 1.113440241713068712e-01
9.811831849021140917e-02 2.679507903213588782e-01 1.113440241713068712e-01
9.465382893306467649e-02 2.717416739445187579e-01 1.150708993881173758e-01
9.465382893306467649e-02 2.717416739445187579e-01 1.150708993881173758e-01
9.092310215623203296e-02 2.755287978734085597e-01 1.188728051670872310e-01
9.092310215623203296e-02 2.755287978734085597e-01 1.188728051670872310e-01
8.690340075433923561e-02 2.793112191746523476e-01 1.227514045973582685e-01
8.690340075433923561e-02 2.793112191746523476e-01 1.227514045973582685e-01
8.256750117702219005e-02 2.830879245689366663e-01 1.267082324913776370e-01
8.256750117702219005e-02 2.830879245689366663e-01 1.267082324913776370e-01
7.788216675363045238e-02 2.868578323772211780e-01 1.307446756207889249e-01
7.788216675363045238e-02 2.868578323772211780e-01 1.307446756207889249e-01
7.280131967253743175e-02 2.906202003379801391e-01 1.348627535284382672e-01
7.280131967253743175e-02 2.906202003379801391e-01 1.348627535284382672e-01
6.726632262314841126e-02 2.943741618069721788e-01 1.390643726934607805e-01
6.726632262314841126e-02 2.943741618069721788e-01 1.390643726934607805e-01
6.121469334775897497e-02 2.981176440918167914e-01 1.433488580952014535e-01
6.121469334775897497e-02 2.981176440918167914e-01 1.433488580952014535e-01
5.454916306797665676e-02 3.018493110691695125e-01 1.477167580739443542e-01
5.454916306797665676e-02 3.018493110691695125e-01 1.477167580739443542e-01
4.712927616276066378e-02 3.055677850140844365e-01 1.521683667643590476e-01
4.712927616276066378e-02 3.055677850140844365e-01 1.521683667643590476e-01
3.873298768028624051e-02 3.092719538322507566e-01 1.567045154300445997e-01
3.873298768028624051e-02 3.092719538322507566e-01 1.567045154300445997e-01
2.953380778373041610e-02 3.129608154595637237e-01 1.613263457025778946e-01
2.953380778373041610e-02 3.129608154595637237e-01 1.613263457025778946e-01
2.029324887123197529e-02 3.166320431982168615e-01 1.660310180752510856e-01
2.029324887123197529e-02 3.166320431982168615e-01 1.660310180752510856e-01
1.104801875992027400e-02 3.202841827685591891e-01 1.708175930844879897e-01
1.104801875992027400e-02 3.202841827685591891e-01 1.708175930844879897e-01
1.828458755983669581e-03 3.239160599357646664e-01 1.756857451035933326e-01
1.828458755983669581e-03 3.239160599357646664e-01 1.756857451035933326e-01
0.000000000000000000e+00 3.275264290816169988e-01 1.806347182995873546e-01
0.000000000000000000e+00 3.275264290816169988e-01 1.806347182995873546e-01
0.000000000000000000e+00 3.311133161739723274e-01 1.856605575734394109e-01
0.000000000000000000e+00 3.311133161739723274e-01 1.856605575734394109e-01
0.000000000000000000e+00 3.346754156912599698e-01 1.907610102786937989e-01
0.000000000000000000e+00 3.346754156912599698e-01 1.907610102786937989e-01
0.000000000000000000e+00 3.382118556118506314e-01 1.959352241646130366e-01
0.000000000000000000e+00 3.382118556118506314e-01 1.959352241646130366e-01
0.000000000000000000e+00 3.417210246889779146e-01 2.011784750227224861e-01
0.000000000000000000e+00 3.417210246889779146e-01 2.011784750227224861e-01
0.000000000000000000e+00 3.452018204451193228e-01 2.064873798500000690e-01
0.000000000000000000e+00 3.452018204451193228e-01 2.064873798500000690e-01
0.000000000000000000e+00 3.486534005569366101e-01 2.118591490605798433e-01
0.000000000000000000e+00 3.486534005569366101e-01 2.118591490605798433e-01
0.000000000000000000e+00 3.520748090588703971e-01 2.172895260865524147e-01
0.000000000000000000e+00 3.520748090588703971e-01 2.172895260865524147e-01
0.000000000000000000e+00 3.554653028881343269e-01 2.227744508061101081e-01
0.000000000000000000e+00 3.554653028881343269e-01 2.227744508061101081e-01
0.000000000000000000e+00 3.588243056117682017e-01 2.283099039030212218e-01
0.000000000000000000e+00 3.588243056117682017e-01 2.283099039030212218e-01
0.000000000000000000e+00 3.621513547520953669e-01 2.338915622693438223e-01
0.000000000000000000e+00 3.621513547520953669e-01 2.338915622693438223e-01
0.000000000000000000e+00 3.654461938922731745e-01 2.395156006237201818e-01
0.000000000000000000e+00 3.654461938922731745e-01 2.395156006237201818e-01
0.000000000000000000e+00 3.687086290739300942e-01 2.451775274265199367e-01
0.000000000000000000e+00 3.687086290739300942e-01 2.451775274265199367e-01
0.000000000000000000e+00 3.719385981397597685e-01 2.508726424403258659e-01
0.000000000000000000e+00 3.719385981397597685e-01 2.508726424403258659e-01
0.000000000000000000e+00 3.751363094652516161e-01 2.565980329299938356e-01
0.000000000000000000e+00 3.751363094652516161e-01 2.565980329299938356e-01
0.000000000000000000e+00 3.783019806377657668e-01 2.623497942431179952e-01
0.000000000000000000e+00 3.783019806377657668e-01 2.623497942431179952e-01
0.000000000000000000e+00 3.814358428139860702e-01 2.681219575668449817e-01
0.000000000000000000e+00 3.814358428139860702e-01 2.681219575668449817e-01
0.000000000000000000e+00 3.845384813208990726e-01 2.739132760331883798e-01
0.000000000000000000e+00 3.845384813208990726e-01 2.739132760331883798e-01
0.000000000000000000e+00 3.876104207281059200e-01 2.797204834933906259e-01
0.000000000000000000e+00 3.876104207281059200e-01 2.797204834933906259e-01
0.000000000000000000e+00 3.906522347735727485e-01 2.855386344655296837e-01
0.000000000000000000e+00 3.906522347735727485e-01 2.855386344655296837e-01
0.000000000000000000e+00 3.936646458380840818e-01 2.913649958677974050e-01
0.000000000000000000e+00 3.936646458380840818e-01 2.913649958677974050e-01
0.000000000000000000e+00 3.966484190451500247e-01 2.971982436356931934e-01
0.000000000000000000e+00 3.966484190451500247e-01 2.971982436356931934e-01
0.000000000000000000e+00 3.996043340214264772e-01 3.030358327072361080e-01
0.000000000000000000e+00 3.996043340214264772e-01 3.030358327072361080e-01
0.000000000000000000e+00 4.025332605151851206e-01 3.088732448539308617e-01
0.000000000000000000e+00 4.025332605151851206e-01 3.088732448539308617e-01
0.000000000000000000e+00 4.054360836687828096e-01 3.147091096164253976e-01
0.000000000000000000e+00 4.054360836687828096e-01 3.147091096164253976e-01
0.000000000000000000e+00 4.083136643322472503e-01 3.205427345132547123e-01
0.000000000000000000e+00 4.083136643322472503e-01 3.205427345132547123e-01
0.000000000000000000e+00 4.111669001694209236e-01 3.263723158642062305e-01
0.000000000000000000e+00 4.111669001694209236e-01 3.263723158642062305e-01
0.000000000000000000e+00 4.139967022231996752e-01 3.321962155564047170e-01
0.000000000000000000e+00 4.139967022231996752e-01 3.321962155564047170e-01
0.000000000000000000e+00 4.168041897050029365e-01 3.380098730405514118e-01
0.000000000000000000e+00 4.168041897050029365e-01 3.380098730405514118e-01
0.000000000000000000e+00 4.195901276779432365e-01 3.438151303258492053e-01
0.000000000000000000e+00 4.195901276779432365e-01 3.438151303258492053e-01
0.000000000000000000e+00 4.223554314404392440e-01 3.496108511248319783e-01
0.000000000000000000e+00 4.223554314404392440e-01 3.496108511248319783e-01
0.000000000000000000e+00 4.251010122504814692e-01 3.553960238025139495e-01
0.000000000000000000e+00 4.251010122504814692e-01 3.553960238025139495e-01
0.000000000000000000e+00 4.278277733102701097e-01 3.611697691438638946e-01
0.000000000000000000e+00 4.278277733102701097e-01 3.611697691438638946e-01
0.000000000000000000e+00 4.305366178401263122e-01 3.669312274723492417e-01
0.000000000000000000e+00 4.305366178401263122e-01 3.669312274723492417e-01
0.000000000000000000e+00 4.332286513096932357e-01 3.726777152547567917e-01
0.000000000000000000e+00 4.332286513096932357e-01 3.726777152547567917e-01
0.000000000000000000e+00 4.359045125390915709e-01 3.784110253568570004e-01
0.000000000000000000e+00 4.359045125390915709e-01 3.784110253568570004e-01
0.000000000000000000e+00 4.385650431608668076e-01 3.841307468676737336e-01
0.000000000000000000e+00 4.385650431608668076e-01 3.841307468676737336e-01
0.000000000000000000e+00 4.412110664806855875e-01 3.898365661548298111e-01
0.000000000000000000e+00 4.412110664806855875e-01 3.898365661548298111e-01
0.000000000000000000e+00 4.438433862845502786e-01 3.955282609005551508e-01
0.000000000000000000e+00 4.438433862845502786e-01 3.955282609005551508e-01
6.934741016484049711e-03 4.464627858609889755e-01 4.012056943616623128e-01
6.934741016484049711e-03 4.464627858609889755e-01 4.012056943616623128e-01
2.025564333790662308e-02 4.490700272133901216e-01 4.068688098704065781e-01
2.025564333790662308e-02 4.490700272133901216e-01 4.068688098704065781e-01
3.421643544851287605e-02 4.516658504392724316e-01 4.125176255866353503e-01
3.421643544851287605e-02 4.516658504392724316e-01 4.125176255866353503e-01
4.796122506097880156e-02 4.542509732550144563e-01 4.181522295061429473e-01
4.796122506097880156e-02 4.542509732550144563e-01 4.181522295061429473e-01
5.999257772176582598e-02 4.568261543561047966e-01 4.237723899052993071e-01
5.999257772176582598e-02 4.568261543561047966e-01 4.237723899052993071e-01
7.084809596773583573e-02 4.593920919787768398e-01 4.293782042634930463e-01
7.084809596773583573e-02 4.593920919787768398e-01 4.293782042634930463e-01
8.086378329974291956e-02 4.619493321299111832e-01 4.349705705293612779e-01
8.086378329974291956e-02 4.619493321299111832e-01 4.349705705293612779e-01
9.024401073586027500e-02 4.644984993045520594e-01 4.405498047669212380e-01
9.024401073586027500e-02 4.644984993045520594e-01 4.405498047669212380e-01
9.912356860164664440e-02 4.670401951134506846e-01 4.461162712464529223e-01
9.912356860164664440e-02 4.670401951134506846e-01 4.461162712464529223e-01
1.075964782022634375e-01 4.695749983090362067e-01 4.516703789905830435e-01
1.075964782022634375e-01 4.695749983090362067e-01 4.516703789905830435e-01
1.157311660321854174e-01 4.721034648534353506e-01 4.572125785098148376e-01
1.157311660321854174e-01 4.721034648534353506e-01 4.572125785098148376e-01
1.235791226549895067e-01 4.746261280205893995e-01 4.627433587141318583e-01
1.235791226549895067e-01 4.746261280205893995e-01 4.627433587141318583e-01
1.311801579695216768e-01 4.771434985256625683e-01 4.682632439871214358e-01
1.311801579695216768e-01 4.771434985256625683e-01 4.682632439871214358e-01
1.385657509680494059e-01 4.796560646759913116e-01 4.737727914090576475e-01
1.385657509680494059e-01 4.796560646759913116e-01 4.737727914090576475e-01
1.457612719501201193e-01 4.821642925387725764e-01 4.792725881156085777e-01
1.457612719501201193e-01 4.821642925387725764e-01 4.792725881156085777e-01
1.527875065518857489e-01 4.846686261215537583e-01 4.847632487791870837e-01
1.527875065518857489e-01 4.846686261215537583e-01 4.847632487791870837e-01
1.596617307420322429e-01 4.871694875623233667e-01 4.902454132004553378e-01
1.596617307420322429e-01 4.871694875623233667e-01 4.902454132004553378e-01
1.663984875763936111e-01 4.896672773267135015e-01 4.957197439981016474e-01
1.663984875763936111e-01 4.896672773267135015e-01 4.957197439981016474e-01
1.730101603050313852e-01 4.921623744103740816e-01 5.011869243856345024e-01
1.730101603050313852e-01 4.921623744103740816e-01 5.011869243856345024e-01
1.795074030351325733e-01 4.946551365451157811e-01 5.066476560247011873e-01
1.795074030351325733e-01 4.946551365451157811e-01 5.066476560247011873e-01
1.858994696310337369e-01 4.971459004078591093e-01 5.121026569451394561e-01
1.858994696310337369e-01 4.971459004078591093e-01 5.121026569451394561e-01
1.921944685412218246e-01 4.996349818317811775e-01 5.175526595227786242e-01
1.921944685412218246e-01 4.996349818317811775e-01 5.175526595227786242e-01
1.983995628000526368e-01 5.021226760193657768e-01 5.229984085067452826e-01
1.983995628000526368e-01 5.021226760193657768e-01 5.229984085067452826e-01
2.045211288373975367e-01 5.046092577573328963e-01 5.284406590888182098e-01
2.045211288373975367e-01 5.046092577573328963e-01 5.284406590888182098e-01
2.105648839172898079e-01 5.070949816335826865e-01 5.338801750080907071e-01
2.105648839172898079e-01 5.070949816335826865e-01 5.338801750080907071e-01
2.165359893891570242e-01 5.095800822564728882e-01 5.393177266849334961e-01
2.165359893891570242e-01 5.095800822564728882e-01 5.393177266849334961e-01
2.224391350793925026e-01 5.120647744768371812e-01 5.447540893789085681e-01
2.224391350793925026e-01 5.120647744768371812e-01 5.447540893789085681e-01
2.282786088252066747e-01 5.145492536132152406e-01 5.501900413659203126e-01
2.282786088252066747e-01 5.145492536132152406e-01 5.501900413659203126e-01
2.340583541916815280e-01 5.170336956807939366e-01 5.556263621304491362e-01
2.340583541916815280e-01 5.170336956807939366e-01 5.556263621304491362e-01
2.397820187077533971e-01 5.195182576245751527e-01 5.610638305692464689e-01
2.397820187077533971e-01 5.195182576245751527e-01 5.610638305692464689e-01
2.454529944329991165e-01 5.220030775572235271e-01 5.665032232032863879e-01
2.454529944329991165e-01 5.220030775572235271e-01 5.665032232032863879e-01
2.510744522738158624e-01 5.244882750020223305e-01 5.719453123951622198e-01
2.510744522738158624e-01 5.244882750020223305e-01 5.719453123951622198e-01
2.566493297948250762e-01 5.269739629358117794e-01 5.773908202921657074e-01
2.566493297948250762e-01 5.269739629358117794e-01 5.773908202921657074e-01
2.621803836319731018e-01 5.294602411217922411e-01 5.828404444012842411e-01
2.621803836319731018e-01 5.294602411217922411e-01 5.828404444012842411e-01
2.676704141773850743e-01 5.319471367121777483e-01 5.882950771503568932e-01
2.676704141773850743e-01 5.319471367121777483e-01 5.882950771503568932e-01
2.731219622018857263e-01 5.344346963704319498e-01 5.937554594730762858e-01
2.731219622018857263e-01 5.344346963704319498e-01 5.937554594730762858e-01
2.785374570922162230e-01 5.369229495278221576e-01 5.992223190114374098e-01
2.785374570922162230e-01 5.369229495278221576e-01 5.992223190114374098e-01
2.839192307826141626e-01 5.394119086630621007e-01 6.046963683102999365e-01
2.839192307826141626e-01 5.394119086630621007e-01 6.046963683102999365e-01
2.892695299139007581e-01 5.419015695872099192e-01 6.101783029983036677e-01
2.892695299139007581e-01 5.419015695872099192e-01 6.101783029983036677e-01
2.945905264833909576e-01 5.443919117335123126e-01 6.156687999519022680e-01
2.945905264833909576e-01 5.443919117335123126e-01 6.156687999519022680e-01
2.998843272053909326e-01 5.468828984517583036e-01 6.211685154387859287e-01
2.998843272053909326e-01 5.468828984517583036e-01 6.211685154387859287e-01
3.051529817668374722e-01 5.493744773066256970e-01 6.266780832363489928e-01
3.051529817668374722e-01 5.493744773066256970e-01 6.266780832363489928e-01
3.103984901340064995e-01 5.518665803793911806e-01 6.321981127201442563e-01
3.103984901340064995e-01 5.518665803793911806e-01 6.321981127201442563e-01
3.156228090427107835e-01 5.543591245723470395e-01 6.377291869163751459e-01
3.156228090427107835e-01 5.543591245723470395e-01 6.377291869163751459e-01
3.208278577853109770e-01 5.568520119151746384e-01 6.432718605114546850e-01
3.208278577853109770e-01 5.568520119151746384e-01 6.432718605114546850e-01
3.260155233918095585e-01 5.593451298725431453e-01 6.488266578104909810e-01
3.260155233918095585e-01 5.593451298725431453e-01 6.488266578104909810e-01
3.311876652893215311e-01 5.618383516521745502e-01 6.543940706351955017e-01
3.311876652893215311e-01 5.618383516521745502e-01 6.543940706351955017e-01
3.363461195131051129e-01 5.643315365126763128e-01 6.599745561502006197e-01
3.363461195131051129e-01 5.643315365126763128e-01 6.599745561502006197e-01
3.414927025331662147e-01 5.668245300705045953e-01 6.655685346049950990e-01
3.414927025331662147e-01 5.668245300705045953e-01 6.655685346049950990e-01
3.466292147527791911e-01 5.693171646055528168e-01 6.711763869767706225e-01
3.466292147527791911e-01 5.693171646055528168e-01 6.711763869767706225e-01
3.517574437286244415e-01 5.718092593650059285e-01 6.767984524972554539e-01
3.517574437286244415e-01 5.718092593650059285e-01 6.767984524972554539e-01
3.568791671566408086e-01 5.743006208653511635e-01 6.824350260441041094e-01
3.568791671566408086e-01 5.743006208653511635e-01 6.824350260441041094e-01
3.619961556629371913e-01 5.767910431926932535e-01 6.880863553747048611e-01
3.619961556629371913e-01 5.767910431926932535e-01 6.880863553747048611e-01
3.671101867147069098e-01 5.792803039953979827e-01 6.937526524679112905e-01
3.671101867147069098e-01 5.792803039953979827e-01 6.937526524679112905e-01
3.722231987798691466e-01 5.817681061051558356e-01 6.994342832254293318e-01
3.722231987798691466e-01 5.817681061051558356e-01 6.994342832254293318e-01
3.773367873622384128e-01 5.842542719537198170e-01 7.051311214495413759e-01
3.773367873622384128e-01 5.842542719537198170e-01 7.051311214495413759e-01
3.824527154324869338e-01 5.867385505932384282e-01 7.108431883423966813e-01
3.824527154324869338e-01 5.867385505932384282e-01 7.108431883423966813e-01
3.875727504809260981e-01 5.892206804528957731e-01 7.165704399288918003e-01
3.875727504809260981e-01 5.892206804528957731e-01 7.165704399288918003e-01
3.926986666885252109e-01 5.917003896894583725e-01 7.223127626349807873e-01
3.926986666885252109e-01 5.917003896894583725e-01 7.223127626349807873e-01
3.978322470727386206e-01 5.941773965555809944e-01 7.280699684465801180e-01
3.978322470727386206e-01 5.941773965555809944e-01 7.280699684465801180e-01
4.029752856218135615e-01 5.966514097920898596e-01 7.338417895904851829e-01
4.029752856218135615e-01 5.966514097920898596e-01 7.338417895904851829e-01
4.081295894281622982e-01 5.991221290519979092e-01 7.396278726714271556e-01
4.081295894281622982e-01 5.991221290519979092e-01 7.396278726714271556e-01
4.132969808283649682e-01 6.015892453657409877e-01 7.454277721912201393e-01
4.132969808283649682e-01 6.015892453657409877e-01 7.454277721912201393e-01
4.184792995538077487e-01 6.040524416591859236e-01 7.512409433668710834e-01
4.184792995538077487e-01 6.040524416591859236e-01 7.512409433668710834e-01
4.236784048919972623e-01 6.065113933384104206e-01 7.570667341545200824e-01
4.236784048919972623e-01 6.065113933384104206e-01 7.570667341545200824e-01
4.288961778541036662e-01 6.089657689580308952e-01 7.629043763749747686e-01
4.288961778541036662e-01 6.089657689580308952e-01 7.629043763749747686e-01
4.341345233387614577e-01 6.114152309932496809e-01 7.687529758245155165e-01
4.341345233387614577e-01 6.114152309932496809e-01 7.687529758245155165e-01
4.393953722760680636e-01 6.138594367395805440e-01 7.746115012414319656e-01
4.393953722760680636e-01 6.138594367395805440e-01 7.746115012414319656e-01
4.446806837280783964e-01 6.162980393687560454e-01 7.804787719845075467e-01
4.446806837280783964e-01 6.162980393687560454e-01 7.804787719845075467e-01
4.499924469132505767e-01 6.187306891745132376e-01 7.863534442645185862e-01
4.499924469132505767e-01 6.187306891745132376e-01 7.863534442645185862e-01
4.553326831116314977e-01 6.211570350479886926e-01 7.922339957538768740e-01
4.553326831116314977e-01 6.211570350479886926e-01 7.922339957538768740e-01
4.607034879070598943e-01 6.235767090118546907e-01 7.981187549531194581e-01
4.607034879070598943e-01 6.235767090118546907e-01 7.981187549531194581e-01
4.661077869085600844e-01 6.259890071614823137e-01 8.040067302280329287e-01
4.661077869085600844e-01 6.259890071614823137e-01 8.040067302280329287e-01
4.715470549228683028e-01 6.283938627919076758e-01 8.098949734845375392e-01
4.715470549228683028e-01 6.283938627919076758e-01 8.098949734845375392e-01
4.770234847805914224e-01 6.307909284876730416e-01 8.157810667509790559e-01
4.770234847805914224e-01 6.307909284876730416e-01 8.157810667509790559e-01
4.825393085572305951e-01 6.331798676557464089e-01 8.216623021014348716e-01
4.825393085572305951e-01 6.331798676557464089e-01 8.216623021014348716e-01
4.880967967912673844e-01 6.355603588206535370e-01 8.275356510611533434e-01
4.880967967912673844e-01 6.355603588206535370e-01 8.275356510611533434e-01
4.936982566467130185e-01 6.379321007375053920e-01 8.333977306315845102e-01
4.936982566467130185e-01 6.379321007375053920e-01 8.333977306315845102e-01
4.993460287485351201e-01 6.402948184606986892e-01 8.392447656930404065e-01
4.993460287485351201e-01 6.402948184606986892e-01 8.392447656930404065e-01
5.050424823660215612e-01 6.426482705226252978e-01 8.450725475799341080e-01
5.050424823660215612e-01 6.426482705226252978e-01 8.450725475799341080e-01
5.107900085584744510e-01 6.449922573929323111e-01 8.508763886860549741e-01
5.107900085584744510e-01 6.449922573929323111e-01 8.508763886860549741e-01
5.165921332649131559e-01 6.473261589668615201e-01 8.566520618952152555e-01
5.165921332649131559e-01 6.473261589668615201e-01 8.566520618952152555e-01
5.224530713240954638e-01 6.496491378327291510e-01 8.623951773127980225e-01
5.224530713240954638e-01 6.496491378327291510e-01 8.623951773127980225e-01
5.283728547741078918e-01 6.519621881159122223e-01 8.680970566276872136e-01
5.283728547741078918e-01 6.519621881159122223e-01 8.680970566276872136e-01
5.343538599039617809e-01 6.542653921380148230e-01 8.737504910091866694e-01
5.343538599039617809e-01 6.542653921380148230e-01 8.737504910091866694e-01
5.403983918677128795e-01 6.565589477743681845e-01 8.793474920490046420e-01
5.403983918677128795e-01 6.565589477743681845e-01 8.793474920490046420e-01
5.465104803343779905e-01 6.588424410702264922e-01 8.848804725171072194e-01
5.465104803343779905e-01 6.588424410702264922e-01 8.848804725171072194e-01
5.526952598522708593e-01 6.611151346759230885e-01 8.903413945091050996e-01
5.526952598522708593e-01 6.611151346759230885e-01 8.903413945091050996e-01
5.589502790599845117e-01 6.633794994350248331e-01 8.957163132847867359e-01
5.589502790599845117e-01 6.633794994350248331e-01 8.957163132847867359e-01
5.652770626888282690e-01 6.656364790300475232e-01 9.009933457339751595e-01
5.652770626888282690e-01 6.656364790300475232e-01 9.009933457339751595e-01
5.716822469609060819e-01 6.678851224795829822e-01 9.061621882584570686e-01
5.716822469609060819e-01 6.678851224795829822e-01 9.061621882584570686e-01
5.781642367495736234e-01 6.701279081002117222e-01 9.112069551216013252e-01
5.781642367495736234e-01 6.701279081002117222e-01 9.112069551216013252e-01
5.847201321483235237e-01 6.723679019352689634e-01 9.161109169921962669e-01
5.847201321483235237e-01 6.723679019352689634e-01 9.161109169921962669e-01
5.913555396790696195e-01 6.746050029399794923e-01 9.208598948165450659e-01
5.913555396790696195e-01 6.746050029399794923e-01 9.208598948165450659e-01
5.980646536515876743e-01 6.768436141954532470e-01 9.254347685174536542e-01
5.980646536515876743e-01 6.768436141954532470e-01 9.254347685174536542e-01
6.048431526059976360e-01 6.790875815607868571e-01 9.298173290421902770e-01
6.048431526059976360e-01 6.790875815607868571e-01 9.298173290421902770e-01
6.116914139617412038e-01 6.813390653396400598e-01 9.339902132983025629e-01
6.116914139617412038e-01 6.813390653396400598e-01 9.339902132983025629e-01
6.185962388605796836e-01 6.836051387622806841e-01 9.379346672254428308e-01
6.185962388605796836e-01 6.836051387622806841e-01 9.379346672254428308e-01
6.255537980939605003e-01 6.858893555286664778e-01 9.416346233445110903e-01
6.255537980939605003e-01 6.858893555286664778e-01 9.416346233445110903e-01
6.325496890567062769e-01 6.881987931168747075e-01 9.450757527306086203e-01
6.325496890567062769e-01 6.881987931168747075e-01 9.450757527306086203e-01
6.395719990170793956e-01 6.905392972285686604e-01 9.482471651022508219e-01
6.395719990170793956e-01 6.905392972285686604e-01 9.482471651022508219e-01
6.466062956270287598e-01 6.929171367275009930e-01 9.511421159050293950e-01
6.466062956270287598e-01 6.929171367275009930e-01 9.511421159050293950e-01
6.536364468513626846e-01 6.953385906540374695e-01 9.537590117544504364e-01
6.536364468513626846e-01 6.953385906540374695e-01 9.537590117544504364e-01
6.606462582696427388e-01 6.978093287010573853e-01 9.561016704616256412e-01
6.606462582696427388e-01 6.978093287010573853e-01 9.561016704616256412e-01
6.676240634550399955e-01 7.003330220752307378e-01 9.581771563853145324e-01
6.676240634550399955e-01 7.003330220752307378e-01 9.581771563853145324e-01
6.745474256660158874e-01 7.029158645383889459e-01 9.600034651599075319e-01
6.745474256660158874e-01 7.029158645383889459e-01 9.600034651599075319e-01
6.814150810853226714e-01 7.055572951236711576e-01 9.615917882617592838e-01
6.814150810853226714e-01 7.055572951236711576e-01 9.615917882617592838e-01
6.882115147955756296e-01 7.082603701799642382e-01 9.629654076704611265e-01
6.882115147955756296e-01 7.082603701799642382e-01 9.629654076704611265e-01
6.949265238372482889e-01 7.110261083644859870e-01 9.641486685871140105e-01
6.949265238372482889e-01 7.110261083644859870e-01 9.641486685871140105e-01
7.015636287710791397e-01 7.138516883063251717e-01 9.651565735001489399e-01
7.015636287710791397e-01 7.138516883063251717e-01 9.651565735001489399e-01
7.081194759611684209e-01 7.167359825784297422e-01 9.660103801426414005e-01
7.081194759611684209e-01 7.167359825784297422e-01 9.660103801426414005e-01
7.145861612966275533e-01 7.196787318348606410e-01 9.667377921483606418e-01
7.145861612966275533e-01 7.196787318348606410e-01 9.667377921483606418e-01
7.209652424802940329e-01 7.226772932164901020e-01 9.673578332120822409e-01
7.209652424802940329e-01 7.226772932164901020e-01 9.673578332120822409e-01
7.272634308852374829e-01 7.257279829556678719e-01 9.678824564678062403e-01
7.272634308852374829e-01 7.257279829556678719e-01 9.678824564678062403e-01
7.334827470952595130e-01 7.288282977929616546e-01 9.683278805293862312e-01
7.334827470952595130e-01 7.288282977929616546e-01 9.683278805293862312e-01
7.396259426525407799e-01 7.319756694386057028e-01 9.687086261479254112e-01
7.396259426525407799e-01 7.319756694386057028e-01 9.687086261479254112e-01
7.456963295624902122e-01 7.351675322287184455e-01 9.690374735182571975e-01
7.456963295624902122e-01 7.351675322287184455e-01 9.690374735182571975e-01
7.516976264082907422e-01 7.384013758344246670e-01 9.693254903330132954e-01
7.516976264082907422e-01 7.384013758344246670e-01 9.693254903330132954e-01
7.576338239422232279e-01 7.416747842960041970e-01 9.695821123248377083e-01
7.576338239422232279e-01 7.416747842960041970e-01 9.695821123248377083e-01
7.635090711326879553e-01 7.449854631351529033e-01 9.698152596980661455e-01
7.635090711326879553e-01 7.449854631351529033e-01 9.698152596980661455e-01
7.693275812570996575e-01 7.483312564889982310e-01 9.700314753153225222e-01
7.693275812570996575e-01 7.483312564889982310e-01 9.700314753153225222e-01
7.750935566982615210e-01 7.517101561932271192e-01 9.702360732671118093e-01
7.750935566982615210e-01 7.517101561932271192e-01 9.702360732671118093e-01
7.808088705156793763e-01 7.551206360050251032e-01 9.704376130737816242e-01
7.808088705156793763e-01 7.551206360050251032e-01 9.704376130737816242e-01
7.864694411985785338e-01 7.585620874446473705e-01 9.706558151502288068e-01
7.864694411985785338e-01 7.585620874446473705e-01 9.706558151502288068e-01
7.920881768341778706e-01 7.620315507283715872e-01 9.708766625356514135e-01
7.920881768341778706e-01 7.620315507283715872e-01 9.708766625356514135e-01
7.976689655838311577e-01 7.655275601642483885e-01 9.711017947361837432e-01
7.976689655838311577e-01 7.655275601642483885e-01 9.711017947361837432e-01
8.032155090189908586e-01 7.690487829972364464e-01 9.713322628764765598e-01
8.032155090189908586e-01 7.690487829972364464e-01 9.713322628764765598e-01
8.087244021627375545e-01 7.725948368018002999e-01 9.715838769145682674e-01
8.087244021627375545e-01 7.725948368018002999e-01 9.715838769145682674e-01
8.141938461405542338e-01 7.761651146053171191e-01 9.718694704824105690e-01
8.141938461405542338e-01 7.761651146053171191e-01 9.718694704824105690e-01
8.196383494218804078e-01 7.797572028883622552e-01 9.721644680023838747e-01
8.196383494218804078e-01 7.797572028883622552e-01 9.721644680023838747e-01
8.250609799367122354e-01 7.833701841233936536e-01 9.724682232839231277e-01
8.250609799367122354e-01 7.833701841233936536e-01 9.724682232839231277e-01
8.304459999834317152e-01 7.870051345159957412e-01 9.728247265220245632e-01
8.304459999834317152e-01 7.870051345159957412e-01 9.728247265220245632e-01
8.358110680079841037e-01 7.906596074217937531e-01 9.731989475346271012e-01
8.358110680079841037e-01 7.906596074217937531e-01 9.731989475346271012e-01
8.411621519964246341e-01 7.943325532313080251e-01 9.735817118073966103e-01
8.411621519964246341e-01 7.943325532313080251e-01 9.735817118073966103e-01
8.464813540323686825e-01 7.980252133706350337e-01 9.740234269994484384e-01
8.464813540323686825e-01 7.980252133706350337e-01 9.740234269994484384e-01
8.517874462205312636e-01 8.017353487998420958e-01 9.744828081756155003e-01
8.517874462205312636e-01 8.017353487998420958e-01 9.744828081756155003e-01
8.570829599243504626e-01 8.054623636891716787e-01 9.749580130080662821e-01
8.570829599243504626e-01 8.054623636891716787e-01 9.749580130080662821e-01
8.623513030851694960e-01 8.092073010344903450e-01 9.754976568251165769e-01
8.623513030851694960e-01 8.092073010344903450e-01 9.754976568251165769e-01
8.676168875958160109e-01 8.129677051384441855e-01 9.760423246243633555e-01
8.676168875958160109e-01 8.129677051384441855e-01 9.760423246243633555e-01
8.728643070958310712e-01 8.167445223927424225e-01 9.766377176088195666e-01
8.728643070958310712e-01 8.167445223927424225e-01 9.766377176088195666e-01
8.781031294535867060e-01 8.205366364319230943e-01 9.772627201874506397e-01
8.781031294535867060e-01 8.205366364319230943e-01 9.772627201874506397e-01
8.833368763972245796e-01 8.243434690081852256e-01 9.779118614038018187e-01
8.833368763972245796e-01 8.243434690081852256e-01 9.779118614038018187e-01
8.885554623307605482e-01 8.281654921495141819e-01 9.786175639583506447e-01
8.885554623307605482e-01 8.281654921495141819e-01 9.786175639583506447e-01
8.937793368002008298e-01 8.320008619207748257e-01 9.793267086222842144e-01
8.937793368002008298e-01 8.320008619207748257e-01 9.793267086222842144e-01
8.989840610468674553e-01 8.358511307113508648e-01 9.801125197290335711e-01
8.989840610468674553e-01 8.358511307113508648e-01 9.801125197290335711e-01
9.041992197003012599e-01 8.397138159896651022e-01 9.808949394141608380e-01
9.041992197003012599e-01 8.397138159896651022e-01 9.808949394141608380e-01
9.093991652262531922e-01 8.435905494304983820e-01 9.817514469418858747e-01
9.093991652262531922e-01 8.435905494304983820e-01 9.817514469418858747e-01
9.146103265947245209e-01 8.474791028880926946e-01 9.826099137622337221e-01
9.146103265947245209e-01 8.474791028880926946e-01 9.826099137622337221e-01
9.198111959667125692e-01 8.513808085722107677e-01 9.835365850859062453e-01
9.198111959667125692e-01 8.513808085722107677e-01 9.835365850859062453e-01
9.250246488329442185e-01 8.552936813560327867e-01 9.844689404424387114e-01
9.250246488329442185e-01 8.552936813560327867e-01 9.844689404424387114e-01
9.302308893238693255e-01 8.592189555785449961e-01 9.854686777976345846e-01
9.302308893238693255e-01 8.592189555785449961e-01 9.854686777976345846e-01
9.354530672888016207e-01 8.631545639182867102e-01 9.864721923756355482e-01
9.354530672888016207e-01 8.631545639182867102e-01 9.864721923756355482e-01
9.406694466687265388e-01 8.671019493966463099e-01 9.875470326752155970e-01
9.406694466687265388e-01 8.671019493966463099e-01 9.875470326752155970e-01
9.459070320753812933e-01 8.710586276061778044e-01 9.886184188170475950e-01
9.459070320753812933e-01 8.710586276061778044e-01 9.886184188170475950e-01
9.511387010615023341e-01 8.750265853868867127e-01 9.897695113678295353e-01
9.511387010615023341e-01 8.750265853868867127e-01 9.897695113678295353e-01
9.563946913297246555e-01 8.790029103826046963e-01 9.909165745742734011e-01
9.563946913297246555e-01 8.790029103826046963e-01 9.909165745742734011e-01
9.616512969528198118e-01 8.829894222286168715e-01 9.921324429756683827e-01
9.616512969528198118e-01 8.829894222286168715e-01 9.921324429756683827e-01
9.669308971011000287e-01 8.869837256793429159e-01 9.933569177743805101e-01
9.669308971011000287e-01 8.869837256793429159e-01 9.933569177743805101e-01
9.722208773805163240e-01 8.909867137133632431e-01 9.946304526161245940e-01
9.722208773805163240e-01 8.909867137133632431e-01 9.946304526161245940e-01
9.775305343310153328e-01 8.949971305936718080e-01 9.959309296106104714e-01
9.775305343310153328e-01 8.949971305936718080e-01 9.959309296106104714e-01
9.828622679000738049e-01 8.990143504583215650e-01 9.972561968867376114e-01
9.828622679000738049e-01 8.990143504583215650e-01 9.972561968867376114e-01
9.882090160444726434e-01 9.030388683235361924e-01 9.986300280340197899e-01
9.882090160444726434e-01 9.030388683235361924e-01 9.986300280340197899e-01
9.935916392876192882e-01 9.070678194969886698e-01 1.000000000000000000e+00
9.935916392876192882e-01 9.070678194969886698e-01 1.000000000000000000e+00
