8.027766071012237825e-01 8.606836263261901099e-01 1.000000000000000000e+00
8.027766071012237825e-01 8.606836263261901099e-01 1.000000000000000000e+00
7.939010173153123739e-01 8.526704886442709741e-01 9.980869971406967078e-01
7.939010173153123739e-01 8.526704886442709741e-01 9.980869971406967078e-01
7.850442212263384345e-01 8.446998143478386956e-01 9.963086487739916119e-01
7.850442212263384345e-01 8.446998143478386956e-01 9.963086487739916119e-01
7.762021553449036659e-01 8.367708818066589282e-01 9.946695219245982322e-01
7.762021553449036659e-01 8.367708818066589282e-01 9.946695219245982322e-01
7.673704203392288647e-01 8.288830882725460869e-01 9.931738523976272326e-01
7.673704203392288647e-01 8.288830882725460869e-01 9.931738523976272326e-01
7.585441570073209183e-01 8.210359593519750421e-01 9.918257875357382458e-01
7.585441570073209183e-01 8.210359593519750421e-01 9.918257875357382458e-01
7.497179544465684131e-01 8.132291791317000085e-01 9.906293588606081002e-01
7.497179544465684131e-01 8.132291791317000085e-01 9.906293588606081002e-01
7.408857861255034871e-01 8.054626417513484071e-01 9.895882064590016958e-01
7.408857861255034871e-01 8.054626417513484071e-01 9.895882064590016958e-01
7.320409176327539180e-01 7.977365133260491126e-01 9.887053090249182663e-01
7.320409176327539180e-01 7.977365133260491126e-01 9.887053090249182663e-01
7.231757972219067243e-01 7.900513113864502390e-01 9.879826344947001404e-01
7.231757972219067243e-01 7.900513113864502390e-01 9.879826344947001404e-01
7.142819262099086020e-01 7.824080063519961437e-01 9.874206901713939999e-01
7.142819262099086020e-01 7.824080063519961437e-01 9.874206901713939999e-01
7.053497058643700690e-01 7.748081505929096391e-01 9.870179464129131830e-01
7.053497058643700690e-01 7.748081505929096391e-01 9.870179464129131830e-01
6.963676541647922935e-01 7.672539362462040824e-01 9.867724241047651779e-01
6.963676541647922935e-01 7.672539362462040824e-01 9.867724241047651779e-01
6.873235270583478718e-01 7.597486630876485458e-01 9.866753368801866042e-01
6.873235270583478718e-01 7.597486630876485458e-01 9.866753368801866042e-01
6.781924451226497563e-01 7.522951935558715997e-01 9.867515522755264668e-01
6.781924451226497563e-01 7.522951935558715997e-01 9.867515522755264668e-01
6.689498741654842373e-01 7.448991296763661785e-01 9.870032245368981494e-01
6.689498741654842373e-01 7.448991296763661785e-01 9.870032245368981494e-01
6.595805337847443495e-01 7.375701656666326933e-01 9.873800768729729116e-01
6.595805337847443495e-01 7.375701656666326933e-01 9.873800768729729116e-01
6.500262813810296914e-01 7.303171556064709247e-01 9.879386636947229405e-01
6.500262813810296914e-01 7.303171556064709247e-01 9.879386636947229405e-01
6.402493231347927694e-01 7.231576919483233556e-01 9.886225879395625915e-01
6.402493231347927694e-01 7.231576919483233556e-01 9.886225879395625915e-01
6.301813917585969982e-01 7.161152250201898717e-01 9.894036896839949469e-01
6.301813917585969982e-01 7.161152250201898717e-01 9.894036896839949469e-01
6.197283632529607678e-01 7.092250076673616288e-01 9.902272281104750329e-01
6.197283632529607678e-01 7.092250076673616288e-01 9.902272281104750329e-01
6.087672666271689570e-01 7.025407806172838665e-01 9.909716931861047851e-01
6.087672666271689570e-01 7.025407806172838665e-01 9.909716931861047851e-01
5.971278579743974912e-01 6.961444406493962900e-01 9.914217562938238970e-01
5.971278579743974912e-01 6.961444406493962900e-01 9.914217562938238970e-01
5.846731401223259628e-01 6.901451974301908709e-01 9.910996805459234560e-01
5.846731401223259628e-01 6.901451974301908709e-01 9.910996805459234560e-01
5.714527721642005398e-01 6.846348654355441932e-01 9.892473129289314215e-01
5.714527721642005398e-01 6.846348654355441932e-01 9.892473129289314215e-01
5.579055348689316851e-01 6.795775999347557494e-01 9.851599340537415816e-01
5.579055348689316851e-01 6.795775999347557494e-01 9.851599340537415816e-01
5.445884753980356763e-01 6.748034012224163325e-01 9.788175251430537571e-01
5.445884753980356763e-01 6.748034012224163325e-01 9.788175251430537571e-01
5.317949598761880781e-01 6.701445392150489067e-01 9.707555306637918324e-01
5.317949598761880781e-01 6.701445392150489067e-01 9.707555306637918324e-01
5.195367505393760910e-01 6.655159529759888670e-01 9.615376345257934387e-01
5.195367505393760910e-01 6.655159529759888670e-01 9.615376345257934387e-01
5.077468830027477287e-01 6.608808706234241548e-01 9.515606069101489872e-01
5.077468830027477287e-01 6.608808706234241548e-01 9.515606069101489872e-01
4.963542144733905093e-01 6.562235290864555370e-01 9.410846300149324772e-01
4.963542144733905093e-01 6.562235290864555370e-01 9.410846300149324772e-01
4.852880118328368186e-01 6.515417252676639626e-01 9.302726672699249688e-01
4.852880118328368186e-01 6.515417252676639626e-01 9.302726672699249688e-01
4.745000541968733554e-01 6.468335510558256285e-01 9.192389338767619211e-01
4.745000541968733554e-01 6.468335510558256285e-01 9.192389338767619211e-01
4.639434361911712879e-01 6.421025074801662846e-01 9.080546469800135911e-01
4.639434361911712879e-01 6.421025074801662846e-01 9.080546469800135911e-01
4.535872545063951433e-01 6.373494934159142922e-01 8.967760732329860263e-01
4.535872545063951433e-01 6.373494934159142922e-01 8.967760732329860263e-01
4.434051222298348582e-01 6.325762070685191363e-01 8.854436118803497013e-01
4.434051222298348582e-01 6.325762070685191363e-01 8.854436118803497013e-01
4.333744904013362431e-01 6.277846373326091411e-01 8.740867984303281046e-01
4.333744904013362431e-01 6.277846373326091411e-01 8.740867984303281046e-01
4.234759836928362331e-01 6.229767954730492940e-01 8.627276253439292164e-01
4.234759836928362331e-01 6.229767954730492940e-01 8.627276253439292164e-01
4.136928101461038176e-01 6.181545830570438493e-01 8.513827557177823246e-01
4.136928101461038176e-01 6.181545830570438493e-01 8.513827557177823246e-01
4.040102610448896292e-01 6.133197353129444807e-01 8.400650101957001237e-01
4.040102610448896292e-01 6.133197353129444807e-01 8.400650101957001237e-01
3.944152976792181242e-01 6.084738048634648067e-01 8.287843751914881762e-01
3.944152976792181242e-01 6.084738048634648067e-01 8.287843751914881762e-01
3.848962144198526669e-01 6.036181658826854646e-01 8.175486938706840734e-01
3.848962144198526669e-01 6.036181658826854646e-01 8.175486938706840734e-01
3.754425248826890882e-01 5.987539576541198727e-01 8.063643863585826521e-01
3.754425248826890882e-01 5.987539576541198727e-01 8.063643863585826521e-01
3.660458931652659231e-01 5.938816132202259235e-01 7.952385302716012960e-01
3.660458931652659231e-01 5.938816132202259235e-01 7.952385302716012960e-01
3.566948606618078332e-01 5.890030638388629169e-01 7.841714265057130318e-01
3.566948606618078332e-01 5.890030638388629169e-01 7.841714265057130318e-01
3.473807321683628491e-01 5.841191413664934551e-01 7.731657792578546795e-01
3.473807321683628491e-01 5.841191413664934551e-01 7.731657792578546795e-01
3.380953482777811492e-01 5.792305109228231830e-01 7.622237310885962014e-01
3.380953482777811492e-01 5.792305109228231830e-01 7.622237310885962014e-01
3.288312059197582293e-01 5.743375965241196424e-01 7.513472903485014509e-01
3.288312059197582293e-01 5.743375965241196424e-01 7.513472903485014509e-01
3.195793572878416478e-01 5.694414140695166493e-01 7.405352720668184618e-01
3.195793572878416478e-01 5.694414140695166493e-01 7.405352720668184618e-01
3.103322987742469508e-01 5.645423510607113782e-01 7.297879229134632828e-01
3.103322987742469508e-01 5.645423510607113782e-01 7.297879229134632828e-01
3.010824758172149229e-01 5.596407713419140340e-01 7.191047383455578812e-01
3.010824758172149229e-01 5.596407713419140340e-01 7.191047383455578812e-01
2.918220720718740502e-01 5.547370744423761879e-01 7.084842365219751192e-01
2.918220720718740502e-01 5.547370744423761879e-01 7.084842365219751192e-01
2.825438739444183778e-01 5.498313430788770440e-01 6.979253763914560205e-01
2.825438739444183778e-01 5.498313430788770440e-01 6.979253763914560205e-01
2.732406507374556259e-01 5.449235804462998489e-01 6.874266444838076362e-01
2.732406507374556259e-01 5.449235804462998489e-01 6.874266444838076362e-01
2.639042212347592065e-01 5.400140400895725445e-01 6.769846444719893608e-01
2.639042212347592065e-01 5.400140400895725445e-01 6.769846444719893608e-01
2.545277586892823463e-01 5.351023590349724968e-01 6.665976775662686427e-01
2.545277586892823463e-01 5.351023590349724968e-01 6.665976775662686427e-01
2.451044937651687405e-01 5.301880578558778589e-01 6.562636948875006926e-01
2.451044937651687405e-01 5.301880578558778589e-01 6.562636948875006926e-01
2.356274878805674489e-01 5.252706204001216239e-01 6.459798982057495254e-01
2.356274878805674489e-01 5.252706204001216239e-01 6.459798982057495254e-01
2.260888712060007411e-01 5.203497549441776782e-01 6.357414383420548765e-01
2.260888712060007411e-01 5.203497549441776782e-01 6.357414383420548765e-01
2.164824616252878087e-01 5.154245040240669207e-01 6.255453145614061627e-01
2.164824616252878087e-01 5.154245040240669207e-01 6.255453145614061627e-01
2.068030024433146485e-01 5.104935761574270758e-01 6.153889216940889861e-01
2.068030024433146485e-01 5.104935761574270758e-01 6.153889216940889861e-01
1.970453194595692126e-01 5.055556827092225758e-01 6.052683792514567118e-01
1.970453194595692126e-01 5.055556827092225758e-01 6.052683792514567118e-01
1.872053445430540419e-01 5.006092812904050504e-01 5.951795588365113021e-01
1.872053445430540419e-01 5.006092812904050504e-01 5.951795588365113021e-01
1.772806571786582908e-01 4.956525366287258261e-01 5.851181224948794890e-01
1.772806571786582908e-01 4.956525366287258261e-01 5.851181224948794890e-01
1.672712614125902442e-01 4.906832751718038788e-01 5.750795725297408456e-01
1.672712614125902442e-01 4.906832751718038788e-01 5.750795725297408456e-01
1.571807003649581258e-01 4.856989329902338670e-01 5.650593164990256323e-01
1.571807003649581258e-01 4.856989329902338670e-01 5.650593164990256323e-01
1.470176568864520750e-01 4.806964968845289787e-01 5.550527519514554253e-01
1.470176568864520750e-01 4.806964968845289787e-01 5.550527519514554253e-01
1.367982563448830180e-01 4.756724391954613718e-01 5.450553763155433495e-01
1.367982563448830180e-01 4.756724391954613718e-01 5.450553763155433495e-01
1.265493834029959852e-01 4.706226477834389299e-01 5.350629281160592665e-01
1.265493834029959852e-01 4.706226477834389299e-01 5.350629281160592665e-01
1.163134545213867499e-01 4.655423541136501919e-01 5.250715661557445735e-01
1.163134545213867499e-01 4.655423541136501919e-01 5.250715661557445735e-01
1.061552446599991623e-01 4.604260645067493884e-01 5.150780931511523830e-01
1.061552446599991623e-01 4.604260645067493884e-01 5.150780931511523830e-01
9.617173366158894565e-02 4.552676011325474392e-01 5.050792084771990043e-01
9.617173366158894565e-02 4.552676011325474392e-01 5.050792084771990043e-01
8.650768137414251158e-02 4.500603190549049004e-01 4.950681077624251025e-01
8.650768137414251158e-02 4.500603190549049004e-01 4.950681077624251025e-01
7.736894606898200855e-02 4.447955527702067702e-01 4.850511273439706561e-01
7.736894606898200855e-02 4.447955527702067702e-01 4.850511273439706561e-01
6.904796008499759774e-02 4.394648303966778857e-01 4.750246932536327793e-01
6.904796008499759774e-02 4.394648303966778857e-01 4.750246932536327793e-01
6.192444496996686587e-02 4.340583287387106415e-01 4.649963186990692665e-01
6.192444496996686587e-02 4.340583287387106415e-01 4.649963186990692665e-01
5.645978531700199948e-02 4.285660142019889762e-01 4.549716173855299917e-01
5.645978531700199948e-02 4.285660142019889762e-01 4.549716173855299917e-01
5.310882376166475849e-02 4.229777636037791444e-01 4.449662460461290547e-01
5.310882376166475849e-02 4.229777636037791444e-01 4.449662460461290547e-01
5.220174580534320263e-02 4.172843589252889784e-01 4.349973051863273987e-01
5.220174580534320263e-02 4.172843589252889784e-01 4.349973051863273987e-01
5.379561376329215772e-02 4.114783970399972790e-01 4.250886724734292965e-01
5.379561376329215772e-02 4.114783970399972790e-01 4.250886724734292965e-01
5.762394329288856448e-02 4.055556578715669991e-01 4.152703903352953363e-01
5.762394329288856448e-02 4.055556578715669991e-01 4.152703903352953363e-01
6.319397117581249113e-02 3.995160027545024972e-01 4.055739972617491418e-01
6.319397117581249113e-02 3.995160027545024972e-01 4.055739972617491418e-01
6.993434542814626342e-02 3.933639902176396808e-01 3.960308613601225547e-01
6.993434542814626342e-02 3.933639902176396808e-01 3.960308613601225547e-01
7.731881576438903725e-02 3.871086669499514965e-01 3.866684669979990052e-01
7.731881576438903725e-02 3.871086669499514965e-01 3.866684669979990052e-01
8.492677593814301762e-02 3.807625568700742646e-01 3.775073072053567458e-01
8.492677593814301762e-02 3.807625568700742646e-01 3.775073072053567458e-01
9.245378376923421571e-02 3.743401934252550411e-01 3.685593700472969969e-01
9.245378376923421571e-02 3.743401934252550411e-01 3.685593700472969969e-01
9.969068320985680076e-02 3.678570780663568129e-01 3.598296577602529966e-01
9.969068320985680076e-02 3.678570780663568129e-01 3.598296577602529966e-01
1.065121803119217087e-01 3.613278347510539001e-01 3.513149830389926676e-01
1.065121803119217087e-01 3.613278347510539001e-01 3.513149830389926676e-01
1.128548410617280229e-01 3.547652377976703852e-01 3.430058678080238344e-01
1.128548410617280229e-01 3.547652377976703852e-01 3.430058678080238344e-01
1.186794376536506185e-01 3.481815533227413106e-01 3.348926759761528538e-01
1.186794376536506185e-01 3.481815533227413106e-01 3.348926759761528538e-01
1.239885614112709172e-01 3.415857461571726317e-01 3.269601453705953675e-01
1.239885614112709172e-01 3.415857461571726317e-01 3.269601453705953675e-01
1.287823883817589554e-01 3.349868683589531382e-01 3.191963243097410974e-01
1.287823883817589554e-01 3.349868683589531382e-01 3.191963243097410974e-01
1.330917449641652595e-01 3.283901221804313431e-01 3.115844137080456266e-01
1.330917449641652595e-01 3.283901221804313431e-01 3.115844137080456266e-01
1.369316285307881909e-01 3.218017066708369622e-01 3.041126848734861943e-01
1.369316285307881909e-01 3.218017066708369622e-01 3.041126848734861943e-01
1.403242255533558025e-01 3.152262967411627037e-01 2.967690539638331848e-01
1.403242255533558025e-01 3.152262967411627037e-01 2.967690539638331848e-01
1.433011805770222358e-01 3.086664425855207838e-01 2.895401994703313275e-01
1.433011805770222358e-01 3.086664425855207838e-01 2.895401994703313275e-01
1.458855587934926312e-01 3.021249935954862798e-01 2.824154798073956196e-01
1.458855587934926312e-01 3.021249935954862798e-01 2.824154798073956196e-01
1.480997019999367448e-01 2.956041830554949068e-01 2.753850033212319470e-01
1.480997019999367448e-01 2.956041830554949068e-01 2.753850033212319470e-01
1.499647728955844639e-01 2.891057477128080588e-01 2.684396016981204780e-01
1.499647728955844639e-01 2.891057477128080588e-01 2.684396016981204780e-01
1.515005031962610160e-01 2.826310296747644446e-01 2.615707794441053946e-01
1.515005031962610160e-01 2.826310296747644446e-01 2.615707794441053946e-01
1.527250808693263184e-01 2.761810614548874665e-01 2.547706476138207887e-01
1.527250808693263184e-01 2.761810614548874665e-01 2.547706476138207887e-01
1.536551303397912793e-01 2.697566357624626154e-01 2.480318471497573729e-01
1.536551303397912793e-01 2.697566357624626154e-01 2.480318471497573729e-01
1.543057532309340951e-01 2.633583619277778398e-01 2.413474649130405436e-01
1.543057532309340951e-01 2.633583619277778398e-01 2.413474649130405436e-01
1.546906073227688194e-01 2.569867108454729210e-01 2.347109436409808292e-01
1.546906073227688194e-01 2.569867108454729210e-01 2.347109436409808292e-01
1.548205800670470755e-01 2.506423431761281573e-01 2.281163783489872088e-01
1.548205800670470755e-01 2.506423431761281573e-01 2.281163783489872088e-01
1.547069755864655671e-01 2.443255315254199977e-01 2.215576051614955577e-01
1.547069755864655671e-01 2.443255315254199977e-01 2.215576051614955577e-01
1.543616395225034243e-01 2.380361265230877543e-01 2.150280181476432462e-01
1.543616395225034243e-01 2.380361265230877543e-01 2.150280181476432462e-01
1.537936535613566857e-01 2.317742917119648693e-01 2.085213978762727183e-01
1.537936535613566857e-01 2.317742917119648693e-01 2.085213978762727183e-01
1.530111729581110636e-01 2.255401728633280867e-01 2.020313126183606034e-01
1.530111729581110636e-01 2.255401728633280867e-01 2.020313126183606034e-01
1.520205068589510489e-01 2.193341480195569737e-01 1.955513116032204235e-01
1.520205068589510489e-01 2.193341480195569737e-01 1.955513116032204235e-01
1.508302395563251019e-01 2.131559039042578152e-01 1.890734311641683041e-01
1.508302395563251019e-01 2.131559039042578152e-01 1.890734311641683041e-01
1.494476465256801279e-01 2.070052595621162117e-01 1.825891232777105133e-01
1.494476465256801279e-01 2.070052595621162117e-01 1.825891232777105133e-01
1.478793169700970689e-01 2.008820550671716609e-01 1.760889130586533458e-01
1.478793169700970689e-01 2.008820550671716609e-01 1.760889130586533458e-01
1.461320737363275557e-01 1.947859391070168589e-01 1.695619162896845056e-01
1.461320737363275557e-01 1.947859391070168589e-01 1.695619162896845056e-01
1.442146058524186869e-01 1.887159408898396451e-01 1.629949870490387809e-01
1.442146058524186869e-01 1.887159408898396451e-01 1.629949870490387809e-01
1.421360974474939753e-01 1.826707631275013566e-01 1.563732006811147102e-01
1.421360974474939753e-01 1.826707631275013566e-01 1.563732006811147102e-01
1.399077144077700841e-01 1.766483291861336569e-01 1.496793750438698556e-01
1.399077144077700841e-01 1.766483291861336569e-01 1.496793750438698556e-01
1.375434323453290364e-01 1.706454307578018359e-01 1.428940786922392459e-01
1.375434323453290364e-01 1.706454307578018359e-01 1.428940786922392459e-01
1.350598970805012011e-01 1.646575624665034543e-01 1.359965785905029867e-01
1.350598970805012011e-01 1.646575624665034543e-01 1.359965785905029867e-01
1.324767883218841980e-01 1.586785731875221817e-01 1.289659379778439197e-01
1.324767883218841980e-01 1.586785731875221817e-01 1.289659379778439197e-01
1.298163961603129302e-01 1.527005056701030150e-01 1.217826126040265078e-01
1.298163961603129302e-01 1.527005056701030150e-01 1.217826126040265078e-01
1.271000830926488356e-01 1.467143170301066779e-01 1.144320700929632173e-01
1.271000830926488356e-01 1.467143170301066779e-01 1.144320700929632173e-01
1.243460624243368368e-01 1.407104435320767621e-01 1.069064507395237756e-01
1.243460624243368368e-01 1.407104435320767621e-01 1.069064507395237756e-01
1.215659076629253960e-01 1.346799594250235321e-01 9.920556736565110112e-02
1.215659076629253960e-01 1.346799594250235321e-01 9.920556736565110112e-02
1.187617791195179767e-01 1.286157987155881754e-01 9.133606413818019798e-02
1.187617791195179767e-01 1.286157987155881754e-01 9.133606413818019798e-02
1.159237927168957905e-01 1.225140848577195712e-01 8.331076104588472364e-02
1.159237927168957905e-01 1.225140848577195712e-01 8.331076104588472364e-02
1.130330891119115805e-01 1.163738593534442284e-01 7.514331935408773144e-02
1.130330891119115805e-01 1.163738593534442284e-01 7.514331935408773144e-02
1.100642897349348448e-01 1.101967282764125255e-01 6.684529726749625922e-02
1.100642897349348448e-01 1.101967282764125255e-01 6.684529726749625922e-02
1.147609772877182938e-01 1.114554416341769771e-01 1.255080218353583910e-02
1.147609772877182938e-01 1.114554416341769771e-01 1.255080218353583910e-02
1.221873692105376885e-01 1.163948203120043629e-01 1.215083495202742489e-02
1.221873692105376885e-01 1.163948203120043629e-01 1.215083495202742489e-02
1.295947358329874177e-01 1.212914521232037884e-01 1.159176500353713626e-02
1.295947358329874177e-01 1.212914521232037884e-01 1.159176500353713626e-02
1.369808750531554264e-01 1.261506272284791674e-01 1.086807730856674710e-02
1.369808750531554264e-01 1.261506272284791674e-01 1.086807730856674710e-02
1.443429712134046417e-01 1.309775743260881975e-01 9.975815983344422239e-03
1.443429712134046417e-01 1.309775743260881975e-01 9.975815983344422239e-03
1.516793714954108863e-01 1.357769222315038937e-01 8.908796167922561349e-03
1.516793714954108863e-01 1.357769222315038937e-01 8.908796167922561349e-03
1.589877162366089558e-01 1.405533357282144347e-01 7.662110165569639350e-03
1.589877162366089558e-01 1.405533357282144347e-01 7.662110165569639350e-03
1.662650372380371500e-01 1.453115288415463280e-01 6.231991218141735671e-03
1.662650372380371500e-01 1.453115288415463280e-01 6.231991218141735671e-03
1.735085017145682196e-01 1.500560420938752137e-01 4.614029317315931737e-03
1.735085017145682196e-01 1.500560420938752137e-01 4.614029317315931737e-03
1.807142027497418146e-01 1.547916818243171289e-01 2.805959401744953074e-03
1.807142027497418146e-01 1.547916818243171289e-01 2.805959401744953074e-03
1.878780956102523714e-01 1.595232257945013998e-01 8.053952049175286745e-04
1.878780956102523714e-01 1.595232257945013998e-01 8.053952049175286745e-04
1.949964391925932405e-01 1.642552852252296136e-01 0.000000000000000000e+00
1.949964391925932405e-01 1.642552852252296136e-01 0.000000000000000000e+00
2.020634037717286002e-01 1.689931566432345822e-01 0.000000000000000000e+00
2.020634037717286002e-01 1.689931566432345822e-01 0.000000000000000000e+00
2.090731004406339022e-01 1.737421327465161480e-01 0.000000000000000000e+00
2.090731004406339022e-01 1.737421327465161480e-01 0.000000000000000000e+00
2.160194048921370291e-01 1.785075744777561702e-01 0.000000000000000000e+00
2.160194048921370291e-01 1.785075744777561702e-01 0.000000000000000000e+00
2.228958647433302021e-01 1.832949557212002478e-01 0.000000000000000000e+00
2.228958647433302021e-01 1.832949557212002478e-01 0.000000000000000000e+00
2.296937082582620471e-01 1.881105517312272324e-01 0.000000000000000000e+00
2.296937082582620471e-01 1.881105517312272324e-01 0.000000000000000000e+00
2.364041130626768072e-01 1.929606527400207494e-01 0.000000000000000000e+00
2.364041130626768072e-01 1.929606527400207494e-01 0.000000000000000000e+00
2.430174523625563965e-01 1.978518179309217140e-01 0.000000000000000000e+00
2.430174523625563965e-01 1.978518179309217140e-01 0.000000000000000000e+00
2.495231730104658374e-01 2.027909016827637856e-01 0.000000000000000000e+00
2.495231730104658374e-01 2.027909016827637856e-01 0.000000000000000000e+00
2.559097837253053731e-01 2.077850309385879113e-01 0.000000000000000000e+00
2.559097837253053731e-01 2.077850309385879113e-01 0.000000000000000000e+00
2.621648884508722133e-01 2.128415544765657752e-01 0.000000000000000000e+00
2.621648884508722133e-01 2.128415544765657752e-01 0.000000000000000000e+00
2.682752765342520940e-01 2.179679587821083953e-01 0.000000000000000000e+00
2.682752765342520940e-01 2.179679587821083953e-01 0.000000000000000000e+00
2.742270793174395038e-01 2.231717470292368388e-01 0.000000000000000000e+00
2.742270793174395038e-01 2.231717470292368388e-01 0.000000000000000000e+00
2.800059984307117777e-01 2.284602807778965405e-01 0.000000000000000000e+00
2.800059984307117777e-01 2.284602807778965405e-01 0.000000000000000000e+00
2.855976044314366691e-01 2.338405883331232948e-01 0.000000000000000000e+00
2.855976044314366691e-01 2.338405883331232948e-01 0.000000000000000000e+00
2.909876958449563733e-01 2.393191489043428044e-01 0.000000000000000000e+00
2.909876958449563733e-01 2.393191489043428044e-01 0.000000000000000000e+00
2.961626991793487318e-01 2.449016669766268806e-01 0.000000000000000000e+00
2.961626991793487318e-01 2.449016669766268806e-01 0.000000000000000000e+00
3.011100817487741277e-01 2.505928555793707768e-01 0.000000000000000000e+00
3.011100817487741277e-01 2.505928555793707768e-01 0.000000000000000000e+00
3.058185695931692205e-01 2.563963618412108403e-01 0.000000000000000000e+00
3.058185695931692205e-01 2.563963618412108403e-01 0.000000000000000000e+00
3.102788252957876525e-01 2.623143826752479812e-01 0.000000000000000000e+00
3.102788252957876525e-01 2.623143826752479812e-01 0.000000000000000000e+00
3.144837850169489579e-01 2.683475895401852829e-01 0.000000000000000000e+00
3.144837850169489579e-01 2.683475895401852829e-01 0.000000000000000000e+00
3.184283976727336762e-01 2.744953704214956325e-01 0.000000000000000000e+00
3.184283976727336762e-01 2.744953704214956325e-01 0.000000000000000000e+00
3.221097293298871844e-01 2.807558251886270173e-01 0.000000000000000000e+00
3.221097293298871844e-01 2.807558251886270173e-01 0.000000000000000000e+00
3.255271160752012394e-01 2.871257695086381068e-01 0.000000000000000000e+00
3.255271160752012394e-01 2.871257695086381068e-01 0.000000000000000000e+00
3.286816463209432104e-01 2.936010924897521357e-01 0.000000000000000000e+00
3.286816463209432104e-01 2.936010924897521357e-01 0.000000000000000000e+00
3.315757987560586373e-01 3.001770021560296597e-01 0.000000000000000000e+00
3.315757987560586373e-01 3.001770021560296597e-01 0.000000000000000000e+00
3.342137203826643366e-01 3.068479601288406355e-01 0.000000000000000000e+00
3.342137203826643366e-01 3.068479601288406355e-01 0.000000000000000000e+00
3.365998400113343059e-01 3.136083973961770188e-01 0.000000000000000000e+00
3.365998400113343059e-01 3.136083973961770188e-01 0.000000000000000000e+00
3.387390759577444954e-01 3.204526344700656670e-01 0.000000000000000000e+00
3.387390759577444954e-01 3.204526344700656670e-01 0.000000000000000000e+00
3.406367583282658429e-01 3.273749480496602748e-01 0.000000000000000000e+00
3.406367583282658429e-01 3.273749480496602748e-01 0.000000000000000000e+00
3.422987324707264523e-01 3.343695587441021244e-01 0.000000000000000000e+00
3.422987324707264523e-01 3.343695587441021244e-01 0.000000000000000000e+00
3.437305220363394698e-01 3.414310070850211654e-01 0.000000000000000000e+00
3.437305220363394698e-01 3.414310070850211654e-01 0.000000000000000000e+00
3.449367974399882297e-01 3.485543517481733411e-01 0.000000000000000000e+00
3.449367974399882297e-01 3.485543517481733411e-01 0.000000000000000000e+00
3.459225367567137499e-01 3.557346887721295481e-01 0.000000000000000000e+00
3.459225367567137499e-01 3.557346887721295481e-01 0.000000000000000000e+00
3.466925122633756073e-01 3.629673658581440976e-01 0.000000000000000000e+00
3.466925122633756073e-01 3.629673658581440976e-01 0.000000000000000000e+00
3.472513088173773133e-01 3.702479699974838279e-01 0.000000000000000000e+00
3.472513088173773133e-01 3.702479699974838279e-01 0.000000000000000000e+00
3.476036357440721591e-01 3.775722107925510995e-01 0.000000000000000000e+00
3.476036357440721591e-01 3.775722107925510995e-01 0.000000000000000000e+00
3.477537648853741836e-01 3.849361216109812855e-01 0.000000000000000000e+00
3.477537648853741836e-01 3.849361216109812855e-01 0.000000000000000000e+00
3.477057393658649076e-01 3.923359674013629506e-01 0.000000000000000000e+00
3.477057393658649076e-01 3.923359674013629506e-01 0.000000000000000000e+00
3.474640450429740124e-01 3.997680149618900725e-01 0.000000000000000000e+00
3.474640450429740124e-01 3.997680149618900725e-01 0.000000000000000000e+00
3.470335001153267984e-01 4.072286716344403756e-01 0.000000000000000000e+00
3.470335001153267984e-01 4.072286716344403756e-01 0.000000000000000000e+00
3.464187397744417640e-01 4.147140156320732740e-01 0.000000000000000000e+00
3.464187397744417640e-01 4.147140156320732740e-01 0.000000000000000000e+00
3.456261629912465438e-01 4.222209642181964928e-01 0.000000000000000000e+00
3.456261629912465438e-01 4.222209642181964928e-01 0.000000000000000000e+00
3.446617358756040583e-01 4.297456600664447124e-01 0.000000000000000000e+00
3.446617358756040583e-01 4.297456600664447124e-01 0.000000000000000000e+00
3.435326754356442525e-01 4.372844382500336025e-01 0.000000000000000000e+00
3.435326754356442525e-01 4.372844382500336025e-01 0.000000000000000000e+00
3.422470192908876885e-01 4.448336231347897463e-01 0.000000000000000000e+00
3.422470192908876885e-01 4.448336231347897463e-01 0.000000000000000000e+00
3.408144082004142539e-01 4.523893417801040928e-01 0.000000000000000000e+00
3.408144082004142539e-01 4.523893417801040928e-01 0.000000000000000000e+00
3.392460131022680403e-01 4.599475919530432444e-01 0.000000000000000000e+00
3.392460131022680403e-01 4.599475919530432444e-01 0.000000000000000000e+00
3.375547748498963774e-01 4.675042237507506804e-01 0.000000000000000000e+00
3.375547748498963774e-01 4.675042237507506804e-01 0.000000000000000000e+00
3.357557006800382382e-01 4.750549145418871411e-01 0.000000000000000000e+00
3.357557006800382382e-01 4.750549145418871411e-01 0.000000000000000000e+00
3.338661400150412240e-01 4.825951567616888482e-01 0.000000000000000000e+00
3.338661400150412240e-01 4.825951567616888482e-01 0.000000000000000000e+00
3.319060608013979508e-01 4.901202514814849698e-01 4.407510119285791214e-03
3.319060608013979508e-01 4.901202514814849698e-01 4.407510119285791214e-03
3.298980734302255358e-01 4.976255710409267508e-01 2.845652780523390962e-02
3.298980734302255358e-01 4.976255710409267508e-01 2.845652780523390962e-02
3.278674389769880015e-01 5.051057865306561867e-01 5.249867656291191953e-02
3.278674389769880015e-01 5.051057865306561867e-01 5.249867656291191953e-02
3.258443494587503486e-01 5.125556438196543496e-01 7.235014045672763516e-02
3.258443494587503486e-01 5.125556438196543496e-01 7.235014045672763516e-02
3.238616599347757807e-01 5.199697480170779595e-01 9.001098002070521964e-02
3.238616599347757807e-01 5.199697480170779595e-01 9.001098002070521964e-02
3.219557334731940612e-01 5.273426047584511833e-01 1.063993339714529862e-01
3.219557334731940612e-01 5.273426047584511833e-01 1.063993339714529862e-01
3.201661959218998210e-01 5.346686986627123828e-01 1.219802298230039106e-01
3.201661959218998210e-01 5.346686986627123828e-01 1.219802298230039106e-01
3.185353395487924844e-01 5.419426082495015784e-01 1.370233168591924178e-01
3.185353395487924844e-01 5.419426082495015784e-01 1.370233168591924178e-01
3.171100925555867533e-01 5.491586741509344449e-01 1.516955312693601399e-01
3.171100925555867533e-01 5.491586741509344449e-01 1.516955312693601399e-01
3.159387143927845920e-01 5.563115615187149698e-01 1.661075749837713222e-01
3.159387143927845920e-01 5.563115615187149698e-01 1.661075749837713222e-01
3.150707925684614885e-01 5.633961932463849021e-01 1.803346092893906294e-01
3.150707925684614885e-01 5.633961932463849021e-01 1.803346092893906294e-01
3.145559702202627150e-01 5.704078712732122414e-01 1.944287995330469809e-01
3.145559702202627150e-01 5.704078712732122414e-01 1.944287995330469809e-01
3.144441508358167825e-01 5.773421691130548039e-01 2.084245954894676234e-01
3.144441508358167825e-01 5.773421691130548039e-01 2.084245954894676234e-01
3.147827476634659782e-01 5.841952318827807744e-01 2.223453163855317605e-01
3.147827476634659782e-01 5.841952318827807744e-01 2.223453163855317605e-01
3.156156146530754159e-01 5.909637974639333491e-01 2.362058975799857796e-01
3.156156146530754159e-01 5.909637974639333491e-01 2.362058975799857796e-01
3.169821102192252882e-01 5.976452112532146810e-01 2.500143936499422681e-01
3.169821102192252882e-01 5.976452112532146810e-01 2.500143936499422681e-01
3.189154690381881263e-01 6.042375208071126824e-01 2.637742802133024034e-01
3.189154690381881263e-01 6.042375208071126824e-01 2.637742802133024034e-01
3.214419156460820437e-01 6.107394825582243003e-01 2.774855911477691062e-01
3.214419156460820437e-01 6.107394825582243003e-01 2.774855911477691062e-01
3.245801063538674702e-01 6.171505538242164635e-01 2.911456319407652593e-01
3.245801063538674702e-01 6.171505538242164635e-01 2.911456319407652593e-01
3.283410323197437641e-01 6.234708914472404384e-01 3.047485908048206404e-01
3.283410323197437641e-01 6.234708914472404384e-01 3.047485908048206404e-01
3.327271497417482182e-01 6.297013440279117802e-01 3.182890232967548472e-01
3.327271497417482182e-01 6.297013440279117802e-01 3.182890232967548472e-01
3.377334822478768039e-01 6.358433583913060128e-01 3.317604549785704293e-01
3.377334822478768039e-01 6.358433583913060128e-01 3.317604549785704293e-01
3.433482214621114137e-01 6.418989438955174931e-01 3.451556289533044275e-01
3.433482214621114137e-01 6.418989438955174931e-01 3.451556289533044275e-01
3.495534916581429230e-01 6.478706257819893954e-01 3.584669259219701032e-01
3.495534916581429230e-01 6.478706257819893954e-01 3.584669259219701032e-01
3.563261914767215099e-01 6.537614659484457524e-01 3.716856688262545894e-01
3.563261914767215099e-01 6.537614659484457524e-01 3.716856688262545894e-01
3.636394081443230508e-01 6.595747296589069553e-01 3.848060415890215413e-01
3.636394081443230508e-01 6.595747296589069553e-01 3.848060415890215413e-01
3.714634061816638466e-01 6.653140459866818679e-01 3.978213322428611476e-01
3.714634061816638466e-01 6.653140459866818679e-01 3.978213322428611476e-01
3.797665799902145700e-01 6.709833013125311441e-01 4.107250984078107403e-01
3.797665799902145700e-01 6.709833013125311441e-01 4.107250984078107403e-01
3.885163564531294855e-01 6.765865787056689618e-01 4.235113106444494124e-01
3.885163564531294855e-01 6.765865787056689618e-01 4.235113106444494124e-01
3.976799676300554198e-01 6.821281083740071693e-01 4.361743602818847765e-01
3.976799676300554198e-01 6.821281083740071693e-01 4.361743602818847765e-01
4.072250856047217038e-01 6.876122230154053661e-01 4.487090455323394234e-01
4.072250856047217038e-01 6.876122230154053661e-01 4.487090455323394234e-01
4.171200876252320611e-01 6.930433925875230106e-01 4.611101538528183941e-01
4.171200876252320611e-01 6.930433925875230106e-01 4.611101538528183941e-01
4.273348967211443306e-01 6.984260387657058589e-01 4.733733468823846380e-01
4.273348967211443306e-01 6.984260387657058589e-01 4.733733468823846380e-01
4.378411769937736175e-01 7.037645346246607092e-01 4.854948516189131480e-01
4.378411769937736175e-01 7.037645346246607092e-01 4.854948516189131480e-01
4.486120236031892472e-01 7.090633330297471115e-01 4.974707512614290339e-01
4.486120236031892472e-01 7.090633330297471115e-01 4.974707512614290339e-01
4.596222202714532745e-01 7.143268954224989420e-01 5.092973670611488091e-01
4.596222202714532745e-01 7.143268954224989420e-01 5.092973670611488091e-01
4.708482269461615743e-01 7.195596928613786636e-01 5.209712322508095461e-01
4.708482269461615743e-01 7.195596928613786636e-01 5.209712322508095461e-01
4.822681268757529893e-01 7.247662079556400627e-01 5.324890701200239995e-01
4.822681268757529893e-01 7.247662079556400627e-01 5.324890701200239995e-01
4.938615443476798150e-01 7.299509376623312118e-01 5.438477785599504788e-01
4.938615443476798150e-01 7.299509376623312118e-01 5.438477785599504788e-01
5.056095422397828276e-01 7.351183971817034646e-01 5.550444233638581748e-01
5.056095422397828276e-01 7.351183971817034646e-01 5.550444233638581748e-01
5.174945080822493937e-01 7.402731246463830628e-01 5.660762418161016107e-01
5.174945080822493937e-01 7.402731246463830628e-01 5.660762418161016107e-01
5.295000369817391972e-01 7.454196856964020457e-01 5.769406572342338224e-01
5.295000369817391972e-01 7.454196856964020457e-01 5.769406572342338224e-01
5.416108190613472262e-01 7.505626766544035711e-01 5.876353043634092721e-01
5.416108190613472262e-01 7.505626766544035711e-01 5.876353043634092721e-01
5.538116815005442728e-01 7.557069985414951452e-01 5.981574614539901802e-01
5.538116815005442728e-01 7.557069985414951452e-01 5.981574614539901802e-01
5.660893904776929109e-01 7.608572563915745324e-01 6.085055268011103635e-01
5.660893904776929109e-01 7.608572563915745324e-01 6.085055268011103635e-01
5.784315008378738687e-01 7.660180889085884681e-01 6.186781656162012588e-01
5.784315008378738687e-01 7.660180889085884681e-01 6.186781656162012588e-01
5.908261004813157857e-01 7.711942248440367687e-01 6.286742525001444148e-01
5.908261004813157857e-01 7.711942248440367687e-01 6.286742525001444148e-01
6.032620443790630560e-01 7.763903809060609396e-01 6.384931102097376465e-01
6.032620443790630560e-01 7.763903809060609396e-01 6.384931102097376465e-01
6.157289737360280846e-01 7.816112289191553542e-01 6.481345578357954329e-01
6.157289737360280846e-01 7.816112289191553542e-01 6.481345578357954329e-01
6.282173654436247201e-01 7.868613537897658494e-01 6.575989460207608550e-01
6.282173654436247201e-01 7.868613537897658494e-01 6.575989460207608550e-01
6.407141309040792487e-01 7.921467040803227277e-01 6.668852592096231602e-01
6.407141309040792487e-01 7.921467040803227277e-01 6.668852592096231602e-01
6.532134708291272851e-01 7.974709546209892697e-01 6.759961197901828145e-01
6.532134708291272851e-01 7.974709546209892697e-01 6.759961197901828145e-01
6.657094783846101427e-01 8.028379232706993607e-01 6.849339327029846380e-01
6.657094783846101427e-01 8.028379232706993607e-01 6.849339327029846380e-01
6.781963931024987957e-01 8.082514798091855468e-01 6.937010692636504938e-01
6.781963931024987957e-01 8.082514798091855468e-01 6.937010692636504938e-01
6.906593996465211216e-01 8.137186870440217268e-01 7.022973099720412060e-01
6.906593996465211216e-01 8.137186870440217268e-01 7.022973099720412060e-01
7.031034538683397228e-01 8.192399433283217292e-01 7.107286281608082845e-01
7.031034538683397228e-01 8.192399433283217292e-01 7.107286281608082845e-01
7.155244919603366283e-01 8.248187672653820579e-01 7.189976268974749285e-01
7.155244919603366283e-01 8.248187672653820579e-01 7.189976268974749285e-01
7.279111669288430564e-01 8.304612630359309300e-01 7.271055225952580692e-01
7.279111669288430564e-01 8.304612630359309300e-01 7.271055225952580692e-01
7.402765308059773286e-01 8.361651319640943658e-01 7.350578501091544759e-01
7.402765308059773286e-01 8.361651319640943658e-01 7.350578501091544759e-01
7.526049337207055823e-01 8.419380474085585986e-01 7.428548184787818753e-01
7.526049337207055823e-01 8.419380474085585986e-01 7.428548184787818753e-01
7.649154679043418392e-01 8.477756261701527851e-01 7.505005533095405745e-01
7.649154679043418392e-01 8.477756261701527851e-01 7.505005533095405745e-01
7.771937681975659151e-01 8.536851275756585089e-01 7.579953045311007553e-01
7.771937681975659151e-01 8.536851275756585089e-01 7.579953045311007553e-01
7.894642024512341649e-01 8.596602863620174118e-01 7.653405984815955243e-01
7.894642024512341649e-01 8.596602863620174118e-01 7.653405984815955243e-01
8.017150085863292697e-01 8.657074000665839764e-01 7.725366190476044004e-01
8.017150085863292697e-01 8.657074000665839764e-01 7.725366190476044004e-01
8.139686726821028229e-01 8.718207337366923326e-01 7.795824290117092659e-01
8.139686726821028229e-01 8.718207337366923326e-01 7.795824290117092659e-01
8.262389241849518173e-01 8.779975021496895238e-01 7.864758045179830459e-01
8.262389241849518173e-01 8.779975021496895238e-01 7.864758045179830459e-01
