8.286014344636248585e-02 1.188385375274455119e-01 1.202746796094233128e-01
8.286014344636248585e-02 1.188385375274455119e-01 1.202746796094233128e-01
8.344676146671517469e-02 1.220292247517835577e-01 1.237743114841895059e-01
8.344676146671517469e-02 1.220292247517835577e-01 1.237743114841895059e-01
8.397580919674536848e-02 1.252123953615729424e-01 1.273182595937785988e-01
8.397580919674536848e-02 1.252123953615729424e-01 1.273182595937785988e-01
8.444859637101875816e-02 1.283877229507935924e-01 1.309072642256987884e-01
8.444859637101875816e-02 1.283877229507935924e-01 1.309072642256987884e-01
8.486645791610485101e-02 1.315548902072926629e-01 1.345419402849162283e-01
8.486645791610485101e-02 1.315548902072926629e-01 1.345419402849162283e-01
8.523075474762872861e-02 1.347135893777658411e-01 1.382227862971258658e-01
8.523075474762872861e-02 1.347135893777658411e-01 1.382227862971258658e-01
8.554287398111973251e-02 1.378635227759492654e-01 1.419501934319218062e-01
8.554287398111973251e-02 1.378635227759492654e-01 1.419501934319218062e-01
8.580422887317100400e-02 1.410044032451612250e-01 1.457244545070257302e-01
8.580422887317100400e-02 1.410044032451612250e-01 1.457244545070257302e-01
8.601625874605271782e-02 1.441359545167632261e-01 1.495457729120237556e-01
8.601625874605271782e-02 1.441359545167632261e-01 1.495457729120237556e-01
8.618042909858690537e-02 1.472579114289693236e-01 1.534142713776469880e-01
8.618042909858690537e-02 1.472579114289693236e-01 1.534142713776469880e-01
8.629823206496432808e-02 1.503700199876294441e-01 1.573300005124575185e-01
8.629823206496432808e-02 1.503700199876294441e-01 1.573300005124575185e-01
8.637118734915597007e-02 1.534720372633970320e-01 1.612929470307528645e-01
8.637118734915597007e-02 1.534720372633970320e-01 1.612929470307528645e-01
8.640084373390256867e-02 1.565637311291085132e-01 1.653030416020360438e-01
8.640084373390256867e-02 1.565637311291085132e-01 1.653030416020360438e-01
8.638878123909436713e-02 1.596448798478489195e-01 1.693601662618954840e-01
8.638878123909436713e-02 1.596448798478489195e-01 1.693601662618954840e-01
8.633661398409812893e-02 1.627152715266463046e-01 1.734641613353838374e-01
8.633661398409812893e-02 1.627152715266463046e-01 1.734641613353838374e-01
8.624599379135872157e-02 1.657747034535140829e-01 1.776148318360646627e-01
8.624599379135872157e-02 1.657747034535140829e-01 1.776148318360646627e-01
8.611865042130217862e-02 1.688229761392226469e-01 1.818119336690917909e-01
8.611865042130217862e-02 1.688229761392226469e-01 1.818119336690917909e-01
8.595634732320932281e-02 1.718599003206751630e-01 1.860552050278948266e-01
8.595634732320932281e-02 1.718599003206751630e-01 1.860552050278948266e-01
8.576086850734677969e-02 1.748852982414691171e-01 1.903443823852747074e-01
8.576086850734677969e-02 1.748852982414691171e-01 1.903443823852747074e-01
8.553405926269119774e-02 1.778989974620772130e-01 1.946791864448669807e-01
8.553405926269119774e-02 1.778989974620772130e-01 1.946791864448669807e-01
8.527783208312099406e-02 1.809008301306523625e-01 1.990593265428768355e-01
8.527783208312099406e-02 1.809008301306523625e-01 1.990593265428768355e-01
8.499417496239505820e-02 1.838906320008431849e-01 2.034845036348490732e-01
8.499417496239505820e-02 1.838906320008431849e-01 2.034845036348490732e-01
8.468516036579196160e-02 1.868682414582029105e-01 2.079544127907825002e-01
8.468516036579196160e-02 1.868682414582029105e-01 2.079544127907825002e-01
8.435295483862276233e-02 1.898334985654448748e-01 2.124687452277586042e-01
8.435295483862276233e-02 1.898334985654448748e-01 2.124687452277586042e-01
8.399982920232060279e-02 1.927862441350971234e-01 2.170271899110795821e-01
8.399982920232060279e-02 1.927862441350971234e-01 2.170271899110795821e-01
8.362816927732236172e-02 1.957263188365329365e-01 2.216294347557320188e-01
8.362816927732236172e-02 1.957263188365329365e-01 2.216294347557320188e-01
8.324048705826779526e-02 1.986535623428860864e-01 2.262751674600328722e-01
8.324048705826779526e-02 1.986535623428860864e-01 2.262751674600328722e-01
8.283943225042192382e-02 2.015678125220968231e-01 2.309640760026971940e-01
8.283943225042192382e-02 2.015678125220968231e-01 2.309640760026971940e-01
8.242780405623616191e-02 2.044689046751981543e-01 2.356958488333703028e-01
8.242780405623616191e-02 2.044689046751981543e-01 2.356958488333703028e-01
8.200856307756153318e-02 2.073566708240025813e-01 2.404701747851723526e-01
8.200856307756153318e-02 2.073566708240025813e-01 2.404701747851723526e-01
8.158499097491475616e-02 2.102309274428173780e-01 2.452866484005096770e-01
8.158499097491475616e-02 2.102309274428173780e-01 2.452866484005096770e-01
8.116025028894556514e-02 2.130915115499684709e-01 2.501450557670727992e-01
8.116025028894556514e-02 2.130915115499684709e-01 2.501450557670727992e-01
8.073784143388804124e-02 2.159382424468562212e-01 2.550450933435200462e-01
8.073784143388804124e-02 2.159382424468562212e-01 2.550450933435200462e-01
8.032148165527225325e-02 2.187709328995665059e-01 2.599864488894838566e-01
8.032148165527225325e-02 2.187709328995665059e-01 2.599864488894838566e-01
7.991510451629398049e-02 2.215893895127810653e-01 2.649688065908699097e-01
7.991510451629398049e-02 2.215893895127810653e-01 2.649688065908699097e-01
7.952286786490210535e-02 2.243934123348979570e-01 2.699918457965087559e-01
7.952286786490210535e-02 2.243934123348979570e-01 2.699918457965087559e-01
7.914916000084334935e-02 2.271827945123067460e-01 2.750552396226170759e-01
7.914916000084334935e-02 2.271827945123067460e-01 2.750552396226170759e-01
7.879860360263271635e-02 2.299573219921681178e-01 2.801586534369953640e-01
7.879860360263271635e-02 2.299573219921681178e-01 2.801586534369953640e-01
7.847605693769114932e-02 2.327167732731288963e-01 2.853017432332717318e-01
7.847605693769114932e-02 2.327167732731288963e-01 2.853017432332717318e-01
7.818661185077595277e-02 2.354609192035653775e-01 2.904841539040877163e-01
7.818661185077595277e-02 2.354609192035653775e-01 2.904841539040877163e-01
7.793558801153054050e-02 2.381895228270876352e-01 2.957055174208199633e-01
7.793558801153054050e-02 2.381895228270876352e-01 2.957055174208199633e-01
7.772852290576166834e-02 2.409023392752810688e-01 3.009654509263416933e-01
7.772852290576166834e-02 2.409023392752810688e-01 3.009654509263416933e-01
7.757115708277502464e-02 2.435991157078620517e-01 3.062635547463594676e-01
7.757115708277502464e-02 2.435991157078620517e-01 3.062635547463594676e-01
7.746941422781962461e-02 2.462795913006987636e-01 3.115994103240884994e-01
7.746941422781962461e-02 2.462795913006987636e-01 3.115994103240884994e-01
7.742937571912909822e-02 2.489434972823955095e-01 3.169725780823949846e-01
7.742937571912909822e-02 2.489434972823955095e-01 3.169725780823949846e-01
7.745724945667931127e-02 2.515905570204214348e-01 3.223825952170918385e-01
7.745724945667931127e-02 2.515905570204214348e-01 3.223825952170918385e-01
7.755925601356301879e-02 2.542204868582980115e-01 3.278290377514713194e-01
7.755925601356301879e-02 2.542204868582980115e-01 3.278290377514713194e-01
7.774175934690030765e-02 2.568329936095989363e-01 3.333113786504938725e-01
7.774175934690030765e-02 2.568329936095989363e-01 3.333113786504938725e-01
7.801113140373171218e-02 2.594277771006189282e-01 3.388290520312229881e-01
7.801113140373171218e-02 2.594277771006189282e-01 3.388290520312229881e-01
7.837366615865055952e-02 2.620045304946966858e-01 3.443814799698535767e-01
7.837366615865055952e-02 2.620045304946966858e-01 3.443814799698535767e-01
7.883554911997989190e-02 2.645629402922311524e-01 3.499680492013801381e-01
7.883554911997989190e-02 2.645629402922311524e-01 3.499680492013801381e-01
7.940279878238171163e-02 2.671026867531898219e-01 3.555881085558135202e-01
7.940279878238171163e-02 2.671026867531898219e-01 3.555881085558135202e-01
8.008120697571376179e-02 2.696234443839767292e-01 3.612409663490521727e-01
8.008120697571376179e-02 2.696234443839767292e-01 3.612409663490521727e-01
8.087627969286531604e-02 2.721248824917144593e-01 3.669258877340473846e-01
8.087627969286531604e-02 2.721248824917144593e-01 3.669258877340473846e-01
8.179318009026571856e-02 2.746066658091824153e-01 3.726420920188355246e-01
8.179318009026571856e-02 2.746066658091824153e-01 3.726420920188355246e-01
8.283667538044604817e-02 2.770684551937072082e-01 3.783887499591205850e-01
8.283667538044604817e-02 2.770684551937072082e-01 3.783887499591205850e-01
8.401108926454614600e-02 2.795099084034190495e-01 3.841649810343278904e-01
8.401108926454614600e-02 2.795099084034190495e-01 3.841649810343278904e-01
8.532026138382550751e-02 2.819306809542617143e-01 3.899698507174518824e-01
8.532026138382550751e-02 2.819306809542617143e-01 3.899698507174518824e-01
8.676751500859473942e-02 2.843304270611027307e-01 3.958023677505415061e-01
8.676751500859473942e-02 2.843304270611027307e-01 3.958023677505415061e-01
8.835563384738082116e-02 2.867088006661774879e-01 4.016614814393367205e-01
8.835563384738082116e-02 2.867088006661774879e-01 4.016614814393367205e-01
9.008678809038059287e-02 2.890654477449922100e-01 4.075461884190561546e-01
9.008678809038059287e-02 2.890654477449922100e-01 4.075461884190561546e-01
9.196256179368113293e-02 2.914000040618559551e-01 4.134555267604042572e-01
9.196256179368113293e-02 2.914000040618559551e-01 4.134555267604042572e-01
9.398425697965887005e-02 2.937121500489170423e-01 4.193879654049668115e-01
9.398425697965887005e-02 2.937121500489170423e-01 4.193879654049668115e-01
9.615246568373449210e-02 2.960015499966641150e-01 4.253421875143554298e-01
9.615246568373449210e-02 2.960015499966641150e-01 4.253421875143554298e-01
9.846726393645024999e-02 2.982678745563001055e-01 4.313168036608439615e-01
9.846726393645024999e-02 2.982678745563001055e-01 4.313168036608439615e-01
1.009282400202548141e-01 3.005108023619426638e-01 4.373103496084029262e-01
1.009282400202548141e-01 3.005108023619426638e-01 4.373103496084029262e-01
1.035345278735508578e-01 3.027300217530331516e-01 4.433212842670518072e-01
1.035345278735508578e-01 3.027300217530331516e-01 4.433212842670518072e-01
1.062848442248197495e-01 3.049252325955554288e-01 4.493479878512052217e-01
1.062848442248197495e-01 3.049252325955554288e-01 4.493479878512052217e-01
1.091775280609209309e-01 3.070961481995148623e-01 4.553887602746979901e-01
1.091775280609209309e-01 3.070961481995148623e-01 4.553887602746979901e-01
1.122105811218340049e-01 3.092424973288007140e-01 4.614418198170102681e-01
1.122105811218340049e-01 3.092424973288007140e-01 4.614418198170102681e-01
1.153817082538768773e-01 3.113640262981599016e-01 4.675053020968574224e-01
1.153817082538768773e-01 3.113640262981599016e-01 4.675053020968574224e-01
1.186883654885363543e-01 3.134604554665662013e-01 4.735775426045380487e-01
1.186883654885363543e-01 3.134604554665662013e-01 4.735775426045380487e-01
1.221278288886340352e-01 3.155315502213659196e-01 4.796566027277470723e-01
1.221278288886340352e-01 3.155315502213659196e-01 4.796566027277470723e-01
1.256971451354369773e-01 3.175771798587060379e-01 4.857399933794837033e-01
1.256971451354369773e-01 3.175771798587060379e-01 4.857399933794837033e-01
1.293931986007651747e-01 3.195971843891781128e-01 4.918255088064844016e-01
1.293931986007651747e-01 3.195971843891781128e-01 4.918255088064844016e-01
1.332127468526724257e-01 3.215914331825702188e-01 4.979108610023244563e-01
1.332127468526724257e-01 3.215914331825702188e-01 4.979108610023244563e-01
1.371524459956429132e-01 3.235598273962426719e-01 5.039936814071662718e-01
1.371524459956429132e-01 3.235598273962426719e-01 5.039936814071662718e-01
1.412088727711270919e-01 3.255023023999185083e-01 5.100715231924899395e-01
1.412088727711270919e-01 3.255023023999185083e-01 5.100715231924899395e-01
1.453785435482941868e-01 3.274188301757933184e-01 5.161418641631624338e-01
1.453785435482941868e-01 3.274188301757933184e-01 5.161418641631624338e-01
1.496579304092790497e-01 3.293094216709696043e-01 5.222021103053300362e-01
1.496579304092790497e-01 3.293094216709696043e-01 5.222021103053300362e-01
1.540436932292414685e-01 3.311740099095747403e-01 5.282500923122857017e-01
1.540436932292414685e-01 3.311740099095747403e-01 5.282500923122857017e-01
1.585321139994585737e-01 3.330127801456772008e-01 5.342826706249637070e-01
1.585321139994585737e-01 3.330127801456772008e-01 5.342826706249637070e-01
1.631195388939945812e-01 3.348259071492680761e-01 5.402969246391652325e-01
1.631195388939945812e-01 3.348259071492680761e-01 5.402969246391652325e-01
1.678023618412342877e-01 3.366135832280488516e-01 5.462900134042690814e-01
1.678023618412342877e-01 3.366135832280488516e-01 5.462900134042690814e-01
1.725769783643026078e-01 3.383760500907391777e-01 5.522590527750270706e-01
1.725769783643026078e-01 3.383760500907391777e-01 5.522590527750270706e-01
1.774397904324404862e-01 3.401136003127686602e-01 5.582011232517206656e-01
1.774397904324404862e-01 3.401136003127686602e-01 5.582011232517206656e-01
1.823872104225211510e-01 3.418265785509705390e-01 5.641132784776488052e-01
1.823872104225211510e-01 3.418265785509705390e-01 5.641132784776488052e-01
1.874157363712602165e-01 3.435153509958494000e-01 5.699926522944999130e-01
1.874157363712602165e-01 3.435153509958494000e-01 5.699926522944999130e-01
1.925218887184213801e-01 3.451803368459382959e-01 5.758363570889037941e-01
1.925218887184213801e-01 3.451803368459382959e-01 5.758363570889037941e-01
1.977019202911300122e-01 3.468221325298517788e-01 5.816411391575925238e-01
1.977019202911300122e-01 3.468221325298517788e-01 5.816411391575925238e-01
2.029522996585586270e-01 3.484413021114319275e-01 5.874040383028138468e-01
2.029522996585586270e-01 3.484413021114319275e-01 5.874040383028138468e-01
2.082695201774327765e-01 3.500384630775837391e-01 5.931221195989222483e-01
2.082695201774327765e-01 3.500384630775837391e-01 5.931221195989222483e-01
2.136501028356753429e-01 3.516142854590267874e-01 5.987924847402102957e-01
2.136501028356753429e-01 3.516142854590267874e-01 5.987924847402102957e-01
2.190905992780871614e-01 3.531694905572789200e-01 6.044122835353741285e-01
2.190905992780871614e-01 3.531694905572789200e-01 6.044122835353741285e-01
2.245875782787065955e-01 3.547048561661920729e-01 6.099787092655717391e-01
2.245875782787065955e-01 3.547048561661920729e-01 6.099787092655717391e-01
2.301375528718557772e-01 3.562212456428904273e-01 6.154889432897379109e-01
2.301375528718557772e-01 3.562212456428904273e-01 6.154889432897379109e-01
2.357371900817634980e-01 3.577195209893089256e-01 6.209403661053786161e-01
2.357371900817634980e-01 3.577195209893089256e-01 6.209403661053786161e-01
2.413831913739852564e-01 3.592005911343683633e-01 6.263304405356702187e-01
2.413831913739852564e-01 3.592005911343683633e-01 6.263304405356702187e-01
2.470723094856746849e-01 3.606654035715690654e-01 6.316567347137606037e-01
2.470723094856746849e-01 3.606654035715690654e-01 6.316567347137606037e-01
2.528013529832543460e-01 3.621149408140514891e-01 6.369169319440235455e-01
2.528013529832543460e-01 3.621149408140514891e-01 6.369169319440235455e-01
2.585671909450464323e-01 3.635502165680075670e-01 6.421088398818943777e-01
2.585671909450464323e-01 3.635502165680075670e-01 6.421088398818943777e-01
2.643667001687162177e-01 3.649722950781673081e-01 6.472303582776089970e-01
2.643667001687162177e-01 3.649722950781673081e-01 6.472303582776089970e-01
2.701963503637864750e-01 3.663824578108653696e-01 6.522792123196010650e-01
2.701963503637864750e-01 3.663824578108653696e-01 6.522792123196010650e-01
2.760536799420774123e-01 3.677816004367004954e-01 6.572539796862039152e-01
2.760536799420774123e-01 3.677816004367004954e-01 6.572539796862039152e-01
2.819358510079832403e-01 3.691708178705812027e-01 6.621530529436085999e-01
2.819358510079832403e-01 3.691708178705812027e-01 6.621530529436085999e-01
2.878401112011734764e-01 3.705512135958919373e-01 6.669749818674318709e-01
2.878401112011734764e-01 3.705512135958919373e-01 6.669749818674318709e-01
2.937637977798291944e-01 3.719238950700132218e-01 6.717184766165047449e-01
2.937637977798291944e-01 3.719238950700132218e-01 6.717184766165047449e-01
2.997043413899239117e-01 3.732899691783468366e-01 6.763824097877915165e-01
2.997043413899239117e-01 3.732899691783468366e-01 6.763824097877915165e-01
3.056592694724726833e-01 3.746505377836763517e-01 6.809658173533476022e-01
3.056592694724726833e-01 3.746505377836763517e-01 6.809658173533476022e-01
3.116260889577284754e-01 3.760067429818754192e-01 6.854678413971655448e-01
3.116260889577284754e-01 3.760067429818754192e-01 6.854678413971655448e-01
3.176017132229693729e-01 3.773600011311953883e-01 6.898874871035703960e-01
3.176017132229693729e-01 3.773600011311953883e-01 6.898874871035703960e-01
3.235848431147894666e-01 3.787110177689505530e-01 6.942247146404227909e-01
3.235848431147894666e-01 3.787110177689505530e-01 6.942247146404227909e-01
3.295734310424809910e-01 3.800608286605798858e-01 6.984792106980798332e-01
3.295734310424809910e-01 3.800608286605798858e-01 6.984792106980798332e-01
3.355655371096241679e-01 3.814104448743069198e-01 7.026508132471668278e-01
3.355655371096241679e-01 3.814104448743069198e-01 7.026508132471668278e-01
3.415593295445658595e-01 3.827608497801388565e-01 7.067395064788415393e-01
3.415593295445658595e-01 3.827608497801388565e-01 7.067395064788415393e-01
3.475530846382052230e-01 3.841129963701880867e-01 7.107454150279958194e-01
3.475530846382052230e-01 3.841129963701880867e-01 7.107454150279958194e-01
3.535451862017959246e-01 3.854678049114108607e-01 7.146687975686617511e-01
3.535451862017959246e-01 3.854678049114108607e-01 7.146687975686617511e-01
3.595341245633391636e-01 3.868261609367552034e-01 7.185100398737916949e-01
3.595341245633391636e-01 3.868261609367552034e-01 7.185100398737916949e-01
3.655184951261967186e-01 3.881889135758980203e-01 7.222696474327324756e-01
3.655184951261967186e-01 3.881889135758980203e-01 7.222696474327324756e-01
3.714969965178994693e-01 3.895568742222407788e-01 7.259482377191918134e-01
3.714969965178994693e-01 3.895568742222407788e-01 7.259482377191918134e-01
3.774684283607303015e-01 3.909308155286860820e-01 7.295465322005074693e-01
3.774684283607303015e-01 3.909308155286860820e-01 7.295465322005074693e-01
3.834308501922810697e-01 3.923118243297268326e-01 7.330652047717826081e-01
3.834308501922810697e-01 3.923118243297268326e-01 7.330652047717826081e-01
3.893841118008791735e-01 3.937002340202294115e-01 7.365053468250368773e-01
3.893841118008791735e-01 3.937002340202294115e-01 7.365053468250368773e-01
3.953273322019376090e-01 3.950966840016076342e-01 7.398679450428203852e-01
3.953273322019376090e-01 3.950966840016076342e-01 7.398679450428203852e-01
4.012596938644378275e-01 3.965017846863779782e-01 7.431540515730210572e-01
4.012596938644378275e-01 3.965017846863779782e-01 7.431540515730210572e-01
4.071804637548784300e-01 3.979161075553112603e-01 7.463647808762691183e-01
4.071804637548784300e-01 3.979161075553112603e-01 7.463647808762691183e-01
4.130889895701418402e-01 3.993401858184889019e-01 7.495013019443268476e-01
4.130889895701418402e-01 3.993401858184889019e-01 7.495013019443268476e-01
4.189846958614643624e-01 4.007745152719722759e-01 7.525648307550473204e-01
4.189846958614643624e-01 4.007745152719722759e-01 7.525648307550473204e-01
4.248670800825527505e-01 4.022195553276137758e-01 7.555566230046015797e-01
4.248670800825527505e-01 4.022195553276137758e-01 7.555566230046015797e-01
4.307357085928337215e-01 4.036757301937151654e-01 7.584779671507458909e-01
4.307357085928337215e-01 4.036757301937151654e-01 7.584779671507458909e-01
4.365902126445159182e-01 4.051434301847699482e-01 7.613301777941211546e-01
4.365902126445159182e-01 4.051434301847699482e-01 7.613301777941211546e-01
4.424302843796604767e-01 4.066230131392892799e-01 7.641145894182223008e-01
4.424302843796604767e-01 4.066230131392892799e-01 7.641145894182223008e-01
4.482556728608903529e-01 4.081148059257447280e-01 7.668325505027258071e-01
4.482556728608903529e-01 4.081148059257447280e-01 7.668325505027258071e-01
4.540661801567938416e-01 4.096191060177886700e-01 7.694854180193972937e-01
4.540661801567938416e-01 4.096191060177886700e-01 7.694854180193972937e-01
4.598616575003923179e-01 4.111361831212955176e-01 7.720745523148261347e-01
4.598616575003923179e-01 4.111361831212955176e-01 7.720745523148261347e-01
4.656420015366284915e-01 4.126662808370687441e-01 7.746013123798555222e-01
4.656420015366284915e-01 4.126662808370687441e-01 7.746013123798555222e-01
4.714071506722497529e-01 4.142096183445871382e-01 7.770670515016334656e-01
4.714071506722497529e-01 4.142096183445871382e-01 7.770670515016334656e-01
4.771570815391729115e-01 4.157663920936067736e-01 7.794731132909183957e-01
4.771570815391729115e-01 4.157663920936067736e-01 7.794731132909183957e-01
4.828918055802074449e-01 4.173367774918876338e-01 7.818208280743963456e-01
4.828918055802074449e-01 4.173367774918876338e-01 7.818208280743963456e-01
4.886113657639036267e-01 4.189209305787922055e-01 7.841115096394292161e-01
4.886113657639036267e-01 4.189209305787922055e-01 7.841115096394292161e-01
4.943158334335111537e-01 4.205189896758269041e-01 7.863464523167703613e-01
4.943158334335111537e-01 4.205189896758269041e-01 7.863464523167703613e-01
5.000053052931245912e-01 4.221310770066132312e-01 7.885269283853243438e-01
5.000053052931245912e-01 4.221310770066132312e-01 7.885269283853243438e-01
5.056799005327589080e-01 4.237573002799132627e-01 7.906541857819276986e-01
5.056799005327589080e-01 4.237573002799132627e-01 7.906541857819276986e-01
5.113397580924854413e-01 4.253977542306155990e-01 7.927294460984449787e-01
5.113397580924854413e-01 4.253977542306155990e-01 7.927294460984449787e-01
5.169850340647506037e-01 4.270525221145426986e-01 7.947539028479939649e-01
5.169850340647506037e-01 4.270525221145426986e-01 7.947539028479939649e-01
5.226158992327226693e-01 4.287216771540448002e-01 7.967287199820249910e-01
5.226158992327226693e-01 4.287216771540448002e-01 7.967287199820249910e-01
5.282325367418165829e-01 4.304052839321202417e-01 7.986550306400145294e-01
5.282325367418165829e-01 4.304052839321202417e-01 7.986550306400145294e-01
5.338347531095043452e-01 4.321035639816194207e-01 8.005341021712930605e-01
5.338347531095043452e-01 4.321035639816194207e-01 8.005341021712930605e-01
5.394228052269337548e-01 4.338165445426980238e-01 8.023670040936670134e-01
5.394228052269337548e-01 4.338165445426980238e-01 8.023670040936670134e-01
5.449972342608548903e-01 4.355441302298886930e-01 8.041546357350117802e-01
5.449972342608548903e-01 4.355441302298886930e-01 8.041546357350117802e-01
5.505582590670411447e-01 4.372863608918857725e-01 8.058979948797588833e-01
5.505582590670411447e-01 4.372863608918857725e-01 8.058979948797588833e-01
5.561061009928162102e-01 4.390432739563891462e-01 8.075980445606252278e-01
5.561061009928162102e-01 4.390432739563891462e-01 8.075980445606252278e-01
5.616409822158446863e-01 4.408149055244892089e-01 8.092557128743325112e-01
5.616409822158446863e-01 4.408149055244892089e-01 8.092557128743325112e-01
5.671631241824574010e-01 4.426012914147118837e-01 8.108718929196242486e-01
5.671631241824574010e-01 4.426012914147118837e-01 8.108718929196242486e-01
5.726727461392338014e-01 4.444024681587420700e-01 8.124474428442974849e-01
5.726727461392338014e-01 4.444024681587420700e-01 8.124474428442974849e-01
5.781700637515186925e-01 4.462184739510347553e-01 8.139831859888723153e-01
5.781700637515186925e-01 4.462184739510347553e-01 8.139831859888723153e-01
5.836552878026028957e-01 4.480493495547219207e-01 8.154799111154843461e-01
5.836552878026028957e-01 4.480493495547219207e-01 8.154799111154843461e-01
5.891286229672300090e-01 4.498951391663738586e-01 8.169383727114517546e-01
5.891286229672300090e-01 4.498951391663738586e-01 8.169383727114517546e-01
5.945902666532949521e-01 4.517558912422457440e-01 8.183592913578886519e-01
5.945902666532949521e-01 4.517558912422457440e-01 8.183592913578886519e-01
6.000404079055813300e-01 4.536316592887376098e-01 8.197433541545792179e-01
6.000404079055813300e-01 4.536316592887376098e-01 8.197433541545792179e-01
6.054786319386440407e-01 4.555227498704140787e-01 8.210916446337483965e-01
6.054786319386440407e-01 4.555227498704140787e-01 8.210916446337483965e-01
6.109056346635372003e-01 4.574290085329024702e-01 8.224044328929820402e-01
6.109056346635372003e-01 4.574290085329024702e-01 8.224044328929820402e-01
6.163217151360250723e-01 4.593504496293127626e-01 8.236822050547850660e-01
6.163217151360250723e-01 4.593504496293127626e-01 8.236822050547850660e-01
6.217270236220299173e-01 4.612871523817455022e-01 8.249255109423621057e-01
6.217270236220299173e-01 4.612871523817455022e-01 8.249255109423621057e-01
6.271216968713397844e-01 4.632392047788920775e-01 8.261348694756612820e-01
6.271216968713397844e-01 4.632392047788920775e-01 8.261348694756612820e-01
6.325058572542914259e-01 4.652067042193357427e-01 8.273107693361703152e-01
6.325058572542914259e-01 4.652067042193357427e-01 8.273107693361703152e-01
6.378796119213693272e-01 4.671897581383932518e-01 8.284536696484636753e-01
6.378796119213693272e-01 4.671897581383932518e-01 8.284536696484636753e-01
6.432430519805022451e-01 4.691884846212318050e-01 8.295640006754617657e-01
6.432430519805022451e-01 4.691884846212318050e-01 8.295640006754617657e-01
6.485962516868815086e-01 4.712030130049584820e-01 8.306421645249452146e-01
6.485962516868815086e-01 4.712030130049584820e-01 8.306421645249452146e-01
6.539391189411094540e-01 4.732335446847096283e-01 8.316886751529978250e-01
6.539391189411094540e-01 4.732335446847096283e-01 8.316886751529978250e-01
6.592716167347424383e-01 4.752802628896483084e-01 8.327039639702271678e-01
6.592716167347424383e-01 4.752802628896483084e-01 8.327039639702271678e-01
6.645940870838492609e-01 4.773432033041614120e-01 8.336880511734526822e-01
6.645940870838492609e-01 4.773432033041614120e-01 8.336880511734526822e-01
6.699065300494884134e-01 4.794225460874835809e-01 8.346412249701968822e-01
6.699065300494884134e-01 4.794225460874835809e-01 8.346412249701968822e-01
6.752089242589299767e-01 4.815184858604017459e-01 8.355637493063522436e-01
6.752089242589299767e-01 4.815184858604017459e-01 8.355637493063522436e-01
6.805012260467215857e-01 4.836312323040373173e-01 8.364558646749669091e-01
6.805012260467215857e-01 4.836312323040373173e-01 8.364558646749669091e-01
6.857833685726917317e-01 4.857610107654620202e-01 8.373177889371138383e-01
6.857833685726917317e-01 4.857610107654620202e-01 8.373177889371138383e-01
6.910552609117968093e-01 4.879080628725424584e-01 8.381497181570326527e-01
6.910552609117968093e-01 4.879080628725424584e-01 8.381497181570326527e-01
6.963167871105763185e-01 4.900726471603995549e-01 8.389518274543484866e-01
6.963167871105763185e-01 4.900726471603995549e-01 8.389518274543484866e-01
7.015677751458124778e-01 4.922550513549669993e-01 8.397243072705232736e-01
7.015677751458124778e-01 4.922550513549669993e-01 8.397243072705232736e-01
7.068081665416923176e-01 4.944555269838428191e-01 8.404671627392307220e-01
7.068081665416923176e-01 4.944555269838428191e-01 8.404671627392307220e-01
7.120377816030797336e-01 4.966743811894698268e-01 8.411804827143896102e-01
7.120377816030797336e-01 4.966743811894698268e-01 8.411804827143896102e-01
7.172563908708416980e-01 4.989119487427987609e-01 8.418643622576972296e-01
7.172563908708416980e-01 4.989119487427987609e-01 8.418643622576972296e-01
7.224637337823207606e-01 5.011685850211098359e-01 8.425188808996153522e-01
7.224637337823207606e-01 5.011685850211098359e-01 8.425188808996153522e-01
7.276595173945956674e-01 5.034446667536037756e-01 8.431441037803425465e-01
7.276595173945956674e-01 5.034446667536037756e-01 8.431441037803425465e-01
7.328434150350469078e-01 5.057405927921631017e-01 8.437400828555932097e-01
7.328434150350469078e-01 5.057405927921631017e-01 8.437400828555932097e-01
7.380150648731668150e-01 5.080567849087286314e-01 8.443068581777180004e-01
7.380150648731668150e-01 5.080567849087286314e-01 8.443068581777180004e-01
7.431741654861665491e-01 5.103936534312414341e-01 8.448443197407066174e-01
7.431741654861665491e-01 5.103936534312414341e-01 8.448443197407066174e-01
7.483204173234722090e-01 5.127516204500864871e-01 8.453522747952287864e-01
7.483204173234722090e-01 5.127516204500864871e-01 8.453522747952287864e-01
7.534531815086924489e-01 5.151312420564709837e-01 8.458309540351655054e-01
7.534531815086924489e-01 5.151312420564709837e-01 8.458309540351655054e-01
7.585719324542715691e-01 5.175330439627054968e-01 8.462803653890232924e-01
7.585719324542715691e-01 5.175330439627054968e-01 8.462803653890232924e-01
7.636761002258314335e-01 5.199575794621573710e-01 8.467005142073132928e-01
7.636761002258314335e-01 5.199575794621573710e-01 8.467005142073132928e-01
7.687650685282522156e-01 5.224054303748296713e-01 8.470914054177191010e-01
7.687650685282522156e-01 5.224054303748296713e-01 8.470914054177191010e-01
7.738381725805763001e-01 5.248772080118199179e-01 8.474530458823382739e-01
7.738381725805763001e-01 5.248772080118199179e-01 8.474530458823382739e-01
7.788946968773926560e-01 5.273735541542335925e-01 8.477854469829846362e-01
7.788946968773926560e-01 5.273735541542335925e-01 8.477854469829846362e-01
7.839338728356741726e-01 5.298951420407077562e-01 8.480886274631765920e-01
7.839338728356741726e-01 5.298951420407077562e-01 8.480886274631765920e-01
7.889550477625182356e-01 5.324426232989116770e-01 8.483623017674701838e-01
7.889550477625182356e-01 5.324426232989116770e-01 8.483623017674701838e-01
7.939574871907455478e-01 5.350166952353753169e-01 8.486062045990780955e-01
7.939574871907455478e-01 5.350166952353753169e-01 8.486062045990780955e-01
7.989399482155518095e-01 5.376182291318495343e-01 8.488209235371300121e-01
7.989399482155518095e-01 5.376182291318495343e-01 8.488209235371300121e-01
8.039014142527969309e-01 5.402480380878127431e-01 8.490065523662317926e-01
8.039014142527969309e-01 5.402480380878127431e-01 8.490065523662317926e-01
8.088408020472011017e-01 5.429069712917966584e-01 8.491632132940054589e-01
8.088408020472011017e-01 5.429069712917966584e-01 8.491632132940054589e-01
8.137569588500660478e-01 5.455959147380402552e-01 8.492910621472714583e-01
8.137569588500660478e-01 5.455959147380402552e-01 8.492910621472714583e-01
8.186486595764763674e-01 5.483157918292560495e-01 8.493902940850536210e-01
8.186486595764763674e-01 5.483157918292560495e-01 8.493902940850536210e-01
8.235146039761251924e-01 5.510675638328750292e-01 8.494611498712021369e-01
8.235146039761251924e-01 5.510675638328750292e-01 8.494611498712021369e-01
8.283534138607513420e-01 5.538522301524620994e-01 8.495039227485713385e-01
8.283534138607513420e-01 5.538522301524620994e-01 8.495039227485713385e-01
8.331636304411891292e-01 5.566708283697452408e-01 8.495189659542543570e-01
8.331636304411891292e-01 5.566708283697452408e-01 8.495189659542543570e-01
8.379437118388105565e-01 5.595244340058542765e-01 8.495067009110435219e-01
8.379437118388105565e-01 5.595244340058542765e-01 8.495067009110435219e-01
8.426921974545803495e-01 5.624141280110905861e-01 8.494671723332029023e-01
8.426921974545803495e-01 5.624141280110905861e-01 8.494671723332029023e-01
8.474073765189842344e-01 5.653410684341750869e-01 8.494008907507551998e-01
8.474073765189842344e-01 5.653410684341750869e-01 8.494008907507551998e-01
8.520872337899437765e-01 5.683064834991693459e-01 8.493090939186761501e-01
8.520872337899437765e-01 5.683064834991693459e-01 8.493090939186761501e-01
8.567298711430840763e-01 5.713115906980472669e-01 8.491925923288695666e-01
8.567298711430840763e-01 5.713115906980472669e-01 8.491925923288695666e-01
8.613333019148327052e-01 5.743576369451439678e-01 8.490523170436282685e-01
8.613333019148327052e-01 5.743576369451439678e-01 8.490523170436282685e-01
8.658954518257117039e-01 5.774458950768123211e-01 8.488893318369107321e-01
8.658954518257117039e-01 5.774458950768123211e-01 8.488893318369107321e-01
8.704141609675312141e-01 5.805776595131869611e-01 8.487048458246477800e-01
8.704141609675312141e-01 5.805776595131869611e-01 8.487048458246477800e-01
8.748871870470853462e-01 5.837542409837672697e-01 8.485002264474370559e-01
8.748871870470853462e-01 5.837542409837672697e-01 8.485002264474370559e-01
8.793122100920135464e-01 5.869769602204474301e-01 8.482770126225575025e-01
8.793122100920135464e-01 5.869769602204474301e-01 8.482770126225575025e-01
8.836868388327845381e-01 5.902471405281757288e-01 8.480369278292965163e-01
8.836868388327845381e-01 5.902471405281757288e-01 8.480369278292965163e-01
8.880086189767046889e-01 5.935660991556769295e-01 8.477818928329591275e-01
8.880086189767046889e-01 5.935660991556769295e-01 8.477818928329591275e-01
8.922750435826191096e-01 5.969351374080604788e-01 8.475140376899676919e-01
8.922750435826191096e-01 5.969351374080604788e-01 8.475140376899676919e-01
8.964835657264007551e-01 6.003555294707600964e-01 8.472357126113022607e-01
8.964835657264007551e-01 6.003555294707600964e-01 8.472357126113022607e-01
9.006316136144334461e-01 6.038285099512609166e-01 8.469494971974830255e-01
9.006316136144334461e-01 6.038285099512609166e-01 8.469494971974830255e-01
9.047166082527844377e-01 6.073552601921274885e-01 8.466582074994996043e-01
9.047166082527844377e-01 6.073552601921274885e-01 8.466582074994996043e-01
9.087359837110908778e-01 6.109368934663029771e-01 8.463649003120811143e-01
9.087359837110908778e-01 6.109368934663029771e-01 8.463649003120811143e-01
9.126872099314731202e-01 6.145744392327175953e-01 8.460728740746864540e-01
9.126872099314731202e-01 6.145744392327175953e-01 8.460728740746864540e-01
9.165678179233922585e-01 6.182688267055674869e-01 8.457856657488950214e-01
9.165678179233922585e-01 6.182688267055674869e-01 8.457856657488950214e-01
9.203754270571413709e-01 6.220208680712294713e-01 8.455070430658040426e-01
9.203754270571413709e-01 6.220208680712294713e-01 8.455070430658040426e-01
9.241077740251875117e-01 6.258312417686223705e-01 8.452409916006927704e-01
9.241077740251875117e-01 6.258312417686223705e-01 8.452409916006927704e-01
9.277627455737340600e-01 6.297004546725712970e-01 8.449918289485243150e-01
9.277627455737340600e-01 6.297004546725712970e-01 8.449918289485243150e-01
9.313384174369723212e-01 6.336288479283355146e-01 8.447640083997737248e-01
9.313384174369723212e-01 6.336288479283355146e-01 8.447640083997737248e-01
9.348330766581245399e-01 6.376165959360868829e-01 8.445620373590416730e-01
9.348330766581245399e-01 6.376165959360868829e-01 8.445620373590416730e-01
9.382452511811344431e-01 6.416636754310590662e-01 8.443905685720392018e-01
9.382452511811344431e-01 6.416636754310590662e-01 8.443905685720392018e-01
9.415737369540825297e-01 6.457698612965325768e-01 8.442543283497963014e-01
9.415737369540825297e-01 6.457698612965325768e-01 8.442543283497963014e-01
9.448176213459180683e-01 6.499347213479462759e-01 8.441580704575243344e-01
9.448176213459180683e-01 6.499347213479462759e-01 8.441580704575243344e-01
9.479763018556430776e-01 6.541576151681041118e-01 8.441065260280394833e-01
9.479763018556430776e-01 6.541576151681041118e-01 8.441065260280394833e-01
9.510494990723934450e-01 6.584376973862835492e-01 8.441043507610812568e-01
9.510494990723934450e-01 6.584376973862835492e-01 8.441043507610812568e-01
9.540372630085903749e-01 6.627739256246086841e-01 8.441560709227560189e-01
9.540372630085903749e-01 6.627739256246086841e-01 8.441560709227560189e-01
9.569399721662716907e-01 6.671650731324757500e-01 8.442660298463972035e-01
9.569399721662716907e-01 6.671650731324757500e-01 8.442660298463972035e-01
9.597583249981911369e-01 6.716097459067877917e-01 8.444383367348751168e-01
9.597583249981911369e-01 6.716097459067877917e-01 8.444383367348751168e-01
9.624933237722274049e-01 6.761064038683973765e-01 8.446768195582732286e-01
9.624933237722274049e-01 6.761064038683973765e-01 8.446768195582732286e-01
9.651462512149110440e-01 6.806533854519438709e-01 8.449849837224158167e-01
9.651462512149110440e-01 6.806533854519438709e-01 8.449849837224158167e-01
9.677186406690274634e-01 6.852489347852851465e-01 8.453659779559352661e-01
9.677186406690274634e-01 6.852489347852851465e-01 8.453659779559352661e-01
9.702122408212492388e-01 6.898912305021903668e-01 8.458225685406576266e-01
9.702122408212492388e-01 6.898912305021903668e-01 8.458225685406576266e-01
9.726308317183446350e-01 6.945767767597583742e-01 8.463609627339936381e-01
9.726308317183446350e-01 6.945767767597583742e-01 8.463609627339936381e-01
9.749765347975812846e-01 6.993038027027564940e-01 8.469823566489850242e-01
9.749765347975812846e-01 6.993038027027564940e-01 8.469823566489850242e-01
9.772508326403850365e-01 7.040711420385249442e-01 8.476864143254654316e-01
9.772508326403850365e-01 7.040711420385249442e-01 8.476864143254654316e-01
9.794561067630619400e-01 7.088769041247381386e-01 8.484742922939864096e-01
9.794561067630619400e-01 7.088769041247381386e-01 8.484742922939864096e-01
9.815947439079125703e-01 7.137192735107705799e-01 8.493467473128353262e-01
9.815947439079125703e-01 7.137192735107705799e-01 8.493467473128353262e-01
9.836690942681690641e-01 7.185965310222116598e-01 8.503041615454788316e-01
9.836690942681690641e-01 7.185965310222116598e-01 8.503041615454788316e-01
9.856836182181408779e-01 7.235054180883674357e-01 8.513494929081732998e-01
9.856836182181408779e-01 7.235054180883674357e-01 8.513494929081732998e-01
9.876458543720447736e-01 7.284405770606818820e-01 8.524886419044919172e-01
9.876458543720447736e-01 7.284405770606818820e-01 8.524886419044919172e-01
9.895525251282225598e-01 7.334048443813248053e-01 8.537131237516791815e-01
9.895525251282225598e-01 7.334048443813248053e-01 8.537131237516791815e-01
9.914056662502216399e-01 7.383969681413686814e-01 8.550220447502814292e-01
9.914056662502216399e-01 7.383969681413686814e-01 8.550220447502814292e-01
9.932071229393106826e-01 7.434158520889083688e-01 8.564143057930468927e-01
9.932071229393106826e-01 7.434158520889083688e-01 8.564143057930468927e-01
9.949697658066187778e-01 7.484528209296607004e-01 8.578996335717773425e-01
9.949697658066187778e-01 7.484528209296607004e-01 8.578996335717773425e-01
9.966906184792423407e-01 7.535104482731417308e-01 8.594706884451203122e-01
9.966906184792423407e-01 7.535104482731417308e-01 8.594706884451203122e-01
9.983669997044600786e-01 7.585908848415632288e-01 8.611216636211483921e-01
9.983669997044600786e-01 7.585908848415632288e-01 8.611216636211483921e-01
1.000000000000000000e+00 7.636936234380583555e-01 8.628508545343841485e-01
1.000000000000000000e+00 7.636936234380583555e-01 8.628508545343841485e-01
