7.775114156241940133e-01 8.707231787713879401e-01 1.000000000000000000e+00
7.775114156241940133e-01 8.707231787713879401e-01 1.000000000000000000e+00
7.675615408833275088e-01 8.634091260037706217e-01 9.929202583067581189e-01
7.675615408833275088e-01 8.634091260037706217e-01 9.929202583067581189e-01
7.576451707527109836e-01 8.561450266110013363e-01 9.858963471555119984e-01
7.576451707527109836e-01 8.561450266110013363e-01 9.858963471555119984e-01
7.477592847009004728e-01 8.489306509434453307e-01 9.789283215997605092e-01
7.477592847009004728e-01 8.489306509434453307e-01 9.789283215997605092e-01
7.379001064596169002e-01 8.417659665695028659e-01 9.720166131040132163e-01
7.379001064596169002e-01 8.417659665695028659e-01 9.720166131040132163e-01
7.280729878048427528e-01 8.346484647608454210e-01 9.651570858375991824e-01
7.280729878048427528e-01 8.346484647608454210e-01 9.651570858375991824e-01
7.182694864343027730e-01 8.275793846401799936e-01 9.583525146969191777e-01
7.182694864343027730e-01 8.275793846401799936e-01 9.583525146969191777e-01
7.084894783212735137e-01 8.205577019467326094e-01 9.516015049831156869e-01
7.084894783212735137e-01 8.205577019467326094e-01 9.516015049831156869e-01
6.987210210745971040e-01 8.135855199901206314e-01 9.449085058633059919e-01
6.987210210745971040e-01 8.135855199901206314e-01 9.449085058633059919e-01
6.890009865431750979e-01 8.066559664148645892e-01 9.382220877794636982e-01
6.890009865431750979e-01 8.066559664148645892e-01 9.382220877794636982e-01
6.793057274902583043e-01 7.997749499856575683e-01 9.315474500042795203e-01
6.793057274902583043e-01 7.997749499856575683e-01 9.315474500042795203e-01
6.696303367368239279e-01 7.929437586185401621e-01 9.248773333987184708e-01
6.696303367368239279e-01 7.929437586185401621e-01 9.248773333987184708e-01
6.599891553318290027e-01 7.861583127872228127e-01 9.181985833641546080e-01
6.599891553318290027e-01 7.861583127872228127e-01 9.181985833641546080e-01
6.503652768669569983e-01 7.794229811180983791e-01 9.115100093924459745e-01
6.503652768669569983e-01 7.794229811180983791e-01 9.115100093924459745e-01
6.407642823985134628e-01 7.727364394935514191e-01 9.047987826032507508e-01
6.407642823985134628e-01 7.727364394935514191e-01 9.047987826032507508e-01
6.311999687660250213e-01 7.660963571348700096e-01 8.980402666772239195e-01
6.311999687660250213e-01 7.660963571348700096e-01 8.980402666772239195e-01
6.216861679022880338e-01 7.595011745130810787e-01 8.912047368247543178e-01
6.216861679022880338e-01 7.595011745130810787e-01 8.912047368247543178e-01
6.122284377904547714e-01 7.529515758304063944e-01 8.842658615309765269e-01
6.122284377904547714e-01 7.529515758304063944e-01 8.842658615309765269e-01
6.028655843366600431e-01 7.464418517289342914e-01 8.771687927362451509e-01
6.028655843366600431e-01 7.464418517289342914e-01 8.771687927362451509e-01
5.936609118997305812e-01 7.399636276116809963e-01 8.698243678943202717e-01
5.936609118997305812e-01 7.399636276116809963e-01 8.698243678943202717e-01
5.847424140927527381e-01 7.334932348519253020e-01 8.621174164166720555e-01
5.847424140927527381e-01 7.334932348519253020e-01 8.621174164166720555e-01
5.762857583390960103e-01 7.269938084230560538e-01 8.539350345598689662e-01
5.762857583390960103e-01 7.269938084230560538e-01 8.539350345598689662e-01
5.685524097848436709e-01 7.203997242152041514e-01 8.452034737331984848e-01
5.685524097848436709e-01 7.203997242152041514e-01 8.452034737331984848e-01
5.615636887133919064e-01 7.136864349975979849e-01 8.360894789232324875e-01
5.615636887133919064e-01 7.136864349975979849e-01 8.360894789232324875e-01
5.552253428617737185e-01 7.068611255074817024e-01 8.267673353515544443e-01
5.552253428617737185e-01 7.068611255074817024e-01 8.267673353515544443e-01
5.493209917694309441e-01 6.999663330148711005e-01 8.174034199608888329e-01
5.493209917694309441e-01 6.999663330148711005e-01 8.174034199608888329e-01
5.437192911249030258e-01 6.930324362307189734e-01 8.080567300306447098e-01
5.437192911249030258e-01 6.930324362307189734e-01 8.080567300306447098e-01
5.383491917485809797e-01 6.860763707908182907e-01 7.987514196468676886e-01
5.383491917485809797e-01 6.860763707908182907e-01 7.987514196468676886e-01
5.331294792874284871e-01 6.791174698291392309e-01 7.895156354064609694e-01
5.331294792874284871e-01 6.791174698291392309e-01 7.895156354064609694e-01
5.280425224348574975e-01 6.721611323232474788e-01 7.803405354566826935e-01
5.280425224348574975e-01 6.721611323232474788e-01 7.803405354566826935e-01
5.230398338388765334e-01 6.652182141874057875e-01 7.712462239232595884e-01
5.230398338388765334e-01 6.652182141874057875e-01 7.712462239232595884e-01
5.181240472160029142e-01 6.582894954649785024e-01 7.622136475666504429e-01
5.181240472160029142e-01 6.582894954649785024e-01 7.622136475666504429e-01
5.132849128376685277e-01 6.513773029245136792e-01 7.532418824855767747e-01
5.132849128376685277e-01 6.513773029245136792e-01 7.532418824855767747e-01
5.084989265429528116e-01 6.444866626570799895e-01 7.443398722917323740e-01
5.084989265429528116e-01 6.444866626570799895e-01 7.443398722917323740e-01
5.037604650540471463e-01 6.376188852787771921e-01 7.355043981855633461e-01
5.037604650540471463e-01 6.376188852787771921e-01 7.355043981855633461e-01
4.990696154042013610e-01 6.307742191688889832e-01 7.267272445653348845e-01
4.990696154042013610e-01 6.307742191688889832e-01 7.267272445653348845e-01
4.944091054457240841e-01 6.239555321007291822e-01 7.180208742955731527e-01
4.944091054457240841e-01 6.239555321007291822e-01 7.180208742955731527e-01
4.897836202566849262e-01 6.171621453360558451e-01 7.093738080434338622e-01
4.897836202566849262e-01 6.171621453360558451e-01 7.093738080434338622e-01
4.851891891462475903e-01 6.103946506598061372e-01 7.007851790106987000e-01
4.851891891462475903e-01 6.103946506598061372e-01 7.007851790106987000e-01
4.806232442913674907e-01 6.036532787087964813e-01 6.922537804552387763e-01
4.806232442913674907e-01 6.036532787087964813e-01 6.922537804552387763e-01
4.760927128896873528e-01 5.969362165604412684e-01 6.837720087825011062e-01
4.760927128896873528e-01 5.969362165604412684e-01 6.837720087825011062e-01
4.715817102992422294e-01 5.902464094361516977e-01 6.753490745434788112e-01
4.715817102992422294e-01 5.902464094361516977e-01 6.753490745434788112e-01
4.670865587328824065e-01 5.835842753999339605e-01 6.669853072424882789e-01
4.670865587328824065e-01 5.835842753999339605e-01 6.669853072424882789e-01
4.626074352487563046e-01 5.769495324579975160e-01 6.586773573533999393e-01
4.626074352487563046e-01 5.769495324579975160e-01 6.586773573533999393e-01
4.581447058425833219e-01 5.703416746393291659e-01 6.504232933211172574e-01
4.581447058425833219e-01 5.703416746393291659e-01 6.504232933211172574e-01
4.537125021426941518e-01 5.637573397798490982e-01 6.422104102080476995e-01
4.537125021426941518e-01 5.637573397798490982e-01 6.422104102080476995e-01
4.492886310067407685e-01 5.572007920611758980e-01 6.340535607215632696e-01
4.492886310067407685e-01 5.572007920611758980e-01 6.340535607215632696e-01
4.448725616471762567e-01 5.506717996150012340e-01 6.259509956812965292e-01
4.448725616471762567e-01 5.506717996150012340e-01 6.259509956812965292e-01
4.404757543527189623e-01 5.441673567914456777e-01 6.178937465032128262e-01
4.404757543527189623e-01 5.441673567914456777e-01 6.178937465032128262e-01
4.360923699052840496e-01 5.376883822858392614e-01 6.098837520290272263e-01
4.360923699052840496e-01 5.376883822858392614e-01 6.098837520290272263e-01
4.317101174478455428e-01 5.312370927177473279e-01 6.019287872363607850e-01
4.317101174478455428e-01 5.312370927177473279e-01 6.019287872363607850e-01
4.273469617666835751e-01 5.248092044713460469e-01 5.940137994101114538e-01
4.273469617666835751e-01 5.248092044713460469e-01 5.940137994101114538e-01
4.229950485962732376e-01 5.184059608938770269e-01 5.861433667532958136e-01
4.229950485962732376e-01 5.184059608938770269e-01 5.861433667532958136e-01
4.186414677793717232e-01 5.120297584985956663e-01 5.783257184972045994e-01
4.186414677793717232e-01 5.120297584985956663e-01 5.783257184972045994e-01
4.143127779616958550e-01 5.056743465330421072e-01 5.705396685914764232e-01
4.143127779616958550e-01 5.056743465330421072e-01 5.705396685914764232e-01
4.099812331017270162e-01 4.993452560472691482e-01 5.628056522567972397e-01
4.099812331017270162e-01 4.993452560472691482e-01 5.628056522567972397e-01
4.056514028838739683e-01 4.930410628021238972e-01 5.551189914123868530e-01
4.056514028838739683e-01 4.930410628021238972e-01 5.551189914123868530e-01
4.013383140570011554e-01 4.867580634239237480e-01 5.474665794322048917e-01
4.013383140570011554e-01 4.867580634239237480e-01 5.474665794322048917e-01
3.970189700732147942e-01 4.805009401648584477e-01 5.398643553757549451e-01
3.970189700732147942e-01 4.805009401648584477e-01 5.398643553757549451e-01
3.927228670165156532e-01 4.742626572428151333e-01 5.322889762475996323e-01
3.927228670165156532e-01 4.742626572428151333e-01 5.322889762475996323e-01
3.884141442748540451e-01 4.680505657738345815e-01 5.247682584106753145e-01
3.884141442748540451e-01 4.680505657738345815e-01 5.247682584106753145e-01
3.841159094842144239e-01 4.618592172148200392e-01 5.172820973731312444e-01
3.841159094842144239e-01 4.618592172148200392e-01 5.172820973731312444e-01
3.798223084251869386e-01 4.556894832919740623e-01 5.098336706822373943e-01
3.798223084251869386e-01 4.556894832919740623e-01 5.098336706822373943e-01
3.755307760458195809e-01 4.495414626884869369e-01 5.024240502366734695e-01
3.755307760458195809e-01 4.495414626884869369e-01 5.024240502366734695e-01
3.712412412059857281e-01 4.434145066551962167e-01 4.950540087725195937e-01
3.712412412059857281e-01 4.434145066551962167e-01 4.950540087725195937e-01
3.669479707255539624e-01 4.373096746835879456e-01 4.877250965435846464e-01
3.669479707255539624e-01 4.373096746835879456e-01 4.877250965435846464e-01
3.626717634629868514e-01 4.312217719112358960e-01 4.804199756587665404e-01
3.626717634629868514e-01 4.312217719112358960e-01 4.804199756587665404e-01
3.583947378953863394e-01 4.251545229657755498e-01 4.731503697146507981e-01
3.583947378953863394e-01 4.251545229657755498e-01 4.731503697146507981e-01
3.541089548050689317e-01 4.191092741577512881e-01 4.659216032151363707e-01
3.541089548050689317e-01 4.191092741577512881e-01 4.659216032151363707e-01
3.498282179395492686e-01 4.130826535348984807e-01 4.587194955677942332e-01
3.498282179395492686e-01 4.130826535348984807e-01 4.587194955677942332e-01
3.455345035097299733e-01 4.070779364709045112e-01 4.515607866311919238e-01
3.455345035097299733e-01 4.070779364709045112e-01 4.515607866311919238e-01
3.412507154613220739e-01 4.010898076397237388e-01 4.444223400613918629e-01
3.412507154613220739e-01 4.010898076397237388e-01 4.444223400613918629e-01
3.369545986195908727e-01 3.951224494256208586e-01 4.373250808315169991e-01
3.369545986195908727e-01 3.951224494256208586e-01 4.373250808315169991e-01
3.326590868830016645e-01 3.891726197336855542e-01 4.302555405197449612e-01
3.326590868830016645e-01 3.891726197336855542e-01 4.302555405197449612e-01
3.283590865916792279e-01 3.832408822004212956e-01 4.232178843269265855e-01
3.283590865916792279e-01 3.832408822004212956e-01 4.232178843269265855e-01
3.240570503731253216e-01 3.773261914673989859e-01 4.162088584879600206e-01
3.240570503731253216e-01 3.773261914673989859e-01 4.162088584879600206e-01
3.197506394411842590e-01 3.714285203724636553e-01 4.092299199618033012e-01
3.197506394411842590e-01 3.714285203724636553e-01 4.092299199618033012e-01
3.154355962684014525e-01 3.655482585549306163e-01 4.022844421096558043e-01
3.154355962684014525e-01 3.655482585549306163e-01 4.022844421096558043e-01
3.111226794669615381e-01 3.596825379748831986e-01 3.953608726752821934e-01
3.111226794669615381e-01 3.596825379748831986e-01 3.953608726752821934e-01
3.067978295152819501e-01 3.538338630861189715e-01 3.884723148898840961e-01
3.067978295152819501e-01 3.538338630861189715e-01 3.884723148898840961e-01
3.024723359651954047e-01 3.479992220094638156e-01 3.816066241895439970e-01
3.024723359651954047e-01 3.479992220094638156e-01 3.816066241895439970e-01
2.981365406260971795e-01 3.421801649376084442e-01 3.747725463757790587e-01
2.981365406260971795e-01 3.421801649376084442e-01 3.747725463757790587e-01
2.937945626091079121e-01 3.363752209026771856e-01 3.679650455333020598e-01
2.937945626091079121e-01 3.363752209026771856e-01 3.679650455333020598e-01
2.894512409726285318e-01 3.305827328928310216e-01 3.611782968638602154e-01
2.894512409726285318e-01 3.305827328928310216e-01 3.611782968638602154e-01
2.850945793046190668e-01 3.248047686004875700e-01 3.544234323612588944e-01
2.850945793046190668e-01 3.248047686004875700e-01 3.544234323612588944e-01
2.807343080473507779e-01 3.190385623033440976e-01 3.476896537504741147e-01
2.807343080473507779e-01 3.190385623033440976e-01 3.476896537504741147e-01
2.763637473260678878e-01 3.132849890579836871e-01 3.409827216744467093e-01
2.763637473260678878e-01 3.132849890579836871e-01 3.409827216744467093e-01
2.719829504976888912e-01 3.075434140998357657e-01 3.343015776544061568e-01
2.719829504976888912e-01 3.075434140998357657e-01 3.343015776544061568e-01
2.675964005638708509e-01 3.018121820003796807e-01 3.276406069911108609e-01
2.675964005638708509e-01 3.018121820003796807e-01 3.276406069911108609e-01
2.631982183323499092e-01 2.960919645855517590e-01 3.210047376314940637e-01
2.631982183323499092e-01 2.960919645855517590e-01 3.210047376314940637e-01
2.587904111160049814e-01 2.903816341263541490e-01 3.143908250586865960e-01
2.587904111160049814e-01 2.903816341263541490e-01 3.143908250586865960e-01
2.543757196513275476e-01 2.846798673401425006e-01 3.077949131971218777e-01
2.543757196513275476e-01 2.846798673401425006e-01 3.077949131971218777e-01
2.499448536965913070e-01 2.789880880657452100e-01 3.012254115330484372e-01
2.499448536965913070e-01 2.789880880657452100e-01 3.012254115330484372e-01
2.455032444556985993e-01 2.733043221100271980e-01 2.946755425401289541e-01
2.455032444556985993e-01 2.733043221100271980e-01 2.946755425401289541e-01
2.410520302705231044e-01 2.676275511527795858e-01 2.881428885898544290e-01
2.410520302705231044e-01 2.676275511527795858e-01 2.881428885898544290e-01
2.365857362708627676e-01 2.619582776376585542e-01 2.816318692372351551e-01
2.365857362708627676e-01 2.619582776376585542e-01 2.816318692372351551e-01
2.321046603028871502e-01 2.562956479767513063e-01 2.751408968343941885e-01
2.321046603028871502e-01 2.562956479767513063e-01 2.751408968343941885e-01
2.276113748126321612e-01 2.506382506748791039e-01 2.686659621841866463e-01
2.276113748126321612e-01 2.506382506748791039e-01 2.686659621841866463e-01
2.231054776098118364e-01 2.449853550650102352e-01 2.622061250578480163e-01
2.231054776098118364e-01 2.449853550650102352e-01 2.622061250578480163e-01
2.185797577611572617e-01 2.393378522494927496e-01 2.557676154962424953e-01
2.185797577611572617e-01 2.393378522494927496e-01 2.557676154962424953e-01
2.140388723920352843e-01 2.336938370212852667e-01 2.493442303571737628e-01
2.140388723920352843e-01 2.336938370212852667e-01 2.493442303571737628e-01
2.094823536673333930e-01 2.280526627011712215e-01 2.429352149993677379e-01
2.094823536673333930e-01 2.280526627011712215e-01 2.429352149993677379e-01
2.049097504932304026e-01 2.224137755559247032e-01 2.365399580248913058e-01
2.049097504932304026e-01 2.224137755559247032e-01 2.365399580248913058e-01
2.003190510814253089e-01 2.167771742691326498e-01 2.301598002355553230e-01
2.003190510814253089e-01 2.167771742691326498e-01 2.301598002355553230e-01
1.957074509896104264e-01 2.111433454631586326e-01 2.237974291085307599e-01
1.957074509896104264e-01 2.111433454631586326e-01 2.237974291085307599e-01
1.910789270928897332e-01 2.055115742043494842e-01 2.174490455996134219e-01
1.910789270928897332e-01 2.055115742043494842e-01 2.174490455996134219e-01
1.864329806094000286e-01 1.998829119282993783e-01 2.111167544503881055e-01
1.864329806094000286e-01 1.998829119282993783e-01 2.111167544503881055e-01
1.817736714023255040e-01 1.942582789329439230e-01 2.047994187919030262e-01
1.817736714023255040e-01 1.942582789329439230e-01 2.047994187919030262e-01
1.771012462517868868e-01 1.886409388515535857e-01 1.985023484001195437e-01
1.771012462517868868e-01 1.886409388515535857e-01 1.985023484001195437e-01
1.724195753402665288e-01 1.830351906653663596e-01 1.922301847284161869e-01
1.724195753402665288e-01 1.830351906653663596e-01 1.922301847284161869e-01
1.677344145472834946e-01 1.774474365217926231e-01 1.859898371023222252e-01
1.677344145472834946e-01 1.774474365217926231e-01 1.859898371023222252e-01
1.630558639909637786e-01 1.718863190493375437e-01 1.797890709659127340e-01
1.630558639909637786e-01 1.718863190493375437e-01 1.797890709659127340e-01
1.583962504060217047e-01 1.663641041049318536e-01 1.736402344722919044e-01
1.583962504060217047e-01 1.663641041049318536e-01 1.736402344722919044e-01
1.537696119897027924e-01 1.608977322773141871e-01 1.675623762546006035e-01
1.537696119897027924e-01 1.608977322773141871e-01 1.675623762546006035e-01
1.492007114521274047e-01 1.555074210729660567e-01 1.615728607099978509e-01
1.492007114521274047e-01 1.555074210729660567e-01 1.615728607099978509e-01
1.447126012862114675e-01 1.502206588652269525e-01 1.557024052854037166e-01
1.447126012862114675e-01 1.502206588652269525e-01 1.557024052854037166e-01
1.403423701950428926e-01 1.450687712019182729e-01 1.499787452496953721e-01
1.403423701950428926e-01 1.450687712019182729e-01 1.499787452496953721e-01
1.361254487913991507e-01 1.400912696244808742e-01 1.444444883005341074e-01
1.361254487913991507e-01 1.400912696244808742e-01 1.444444883005341074e-01
1.321070762459782000e-01 1.353327349176800809e-01 1.391441694713607957e-01
1.321070762459782000e-01 1.353327349176800809e-01 1.391441694713607957e-01
1.283379230529404502e-01 1.308432319263332366e-01 1.341278883450483794e-01
1.283379230529404502e-01 1.308432319263332366e-01 1.341278883450483794e-01
1.248760942759473552e-01 1.266764044430137015e-01 1.294467381707082310e-01
1.248760942759473552e-01 1.266764044430137015e-01 1.294467381707082310e-01
1.217730963097672925e-01 1.228911663238093782e-01 1.251651753056702288e-01
1.217730963097672925e-01 1.228911663238093782e-01 1.251651753056702288e-01
1.190935478182273410e-01 1.195437255126551579e-01 1.213342013567500349e-01
1.190935478182273410e-01 1.195437255126551579e-01 1.213342013567500349e-01
1.168920159714284673e-01 1.166905295326451514e-01 1.180120462939886206e-01
1.168920159714284673e-01 1.166905295326451514e-01 1.180120462939886206e-01
1.152164590282143131e-01 1.143837923010210533e-01 1.152543142880354393e-01
1.152164590282143131e-01 1.143837923010210533e-01 1.152543142880354393e-01
1.141125096831831082e-01 1.126666684156007736e-01 1.131028984674684185e-01
1.141125096831831082e-01 1.126666684156007736e-01 1.131028984674684185e-01
1.136104755631164309e-01 1.115734498152800014e-01 1.115951860504766496e-01
1.136104755631164309e-01 1.115734498152800014e-01 1.115951860504766496e-01
1.137213810494831084e-01 1.111279817831806738e-01 1.107641257201840285e-01
1.137213810494831084e-01 1.111279817831806738e-01 1.107641257201840285e-01
1.143556007943069969e-01 1.113975913243441113e-01 1.104152389798820078e-01
1.143556007943069969e-01 1.113975913243441113e-01 1.104152389798820078e-01
1.155938016629267789e-01 1.123598109865565353e-01 1.103491782324040882e-01
1.155938016629267789e-01 1.123598109865565353e-01 1.103491782324040882e-01
1.174801797014310284e-01 1.139384164476592159e-01 1.108215122351207949e-01
1.174801797014310284e-01 1.139384164476592159e-01 1.108215122351207949e-01
1.199764325097174567e-01 1.161000055912197043e-01 1.118167816732725250e-01
1.199764325097174567e-01 1.161000055912197043e-01 1.118167816732725250e-01
1.230342062027560690e-01 1.188010360891911810e-01 1.133078028461875497e-01
1.230342062027560690e-01 1.188010360891911810e-01 1.133078028461875497e-01
1.266010404119337907e-01 1.219903966107883653e-01 1.152454984187202408e-01
1.266010404119337907e-01 1.219903966107883653e-01 1.152454984187202408e-01
1.306201160954618412e-01 1.256122406011050407e-01 1.175741894372202417e-01
1.306201160954618412e-01 1.256122406011050407e-01 1.175741894372202417e-01
1.350303490904976866e-01 1.296088533112859653e-01 1.202452787158849734e-01
1.350303490904976866e-01 1.296088533112859653e-01 1.202452787158849734e-01
1.397758176356355408e-01 1.339230621947421485e-01 1.231930645652666301e-01
1.397758176356355408e-01 1.339230621947421485e-01 1.231930645652666301e-01
1.447987402023116488e-01 1.385005621709508861e-01 1.263728726858306117e-01
1.447987402023116488e-01 1.385005621709508861e-01 1.263728726858306117e-01
1.500501574387255732e-01 1.432913070550781154e-01 1.297273030888205780e-01
1.500501574387255732e-01 1.432913070550781154e-01 1.297273030888205780e-01
1.554818204680959159e-01 1.482508572393067270e-01 1.332233302585541235e-01
1.554818204680959159e-01 1.482508572393067270e-01 1.332233302585541235e-01
1.610560996528030975e-01 1.533406424929265877e-01 1.368163681937319132e-01
1.610560996528030975e-01 1.533406424929265877e-01 1.368163681937319132e-01
1.667403097298492398e-01 1.585282656745850838e-01 1.404730640921212359e-01
1.667403097298492398e-01 1.585282656745850838e-01 1.404730640921212359e-01
1.725060729636914980e-01 1.637873117041514781e-01 1.441726155577465751e-01
1.725060729636914980e-01 1.637873117041514781e-01 1.441726155577465751e-01
1.783316556968936040e-01 1.690967429236280017e-01 1.478952164486871668e-01
1.783316556968936040e-01 1.690967429236280017e-01 1.478952164486871668e-01
1.842012362024404992e-01 1.744402404493271830e-01 1.516217114506477337e-01
1.842012362024404992e-01 1.744402404493271830e-01 1.516217114506477337e-01
1.901011923402904369e-01 1.798056402409347887e-01 1.553445177316566950e-01
1.901011923402904369e-01 1.798056402409347887e-01 1.553445177316566950e-01
1.960233428098224484e-01 1.851840011231638550e-01 1.590513756052704952e-01
1.960233428098224484e-01 1.851840011231638550e-01 1.590513756052704952e-01
2.019615786508194288e-01 1.905690641670924612e-01 1.627351242317987834e-01
2.019615786508194288e-01 1.905690641670924612e-01 1.627351242317987834e-01
2.079096903403013785e-01 1.959567599839303342e-01 1.663991825314498352e-01
2.079096903403013785e-01 1.959567599839303342e-01 1.663991825314498352e-01
2.138667855718076605e-01 2.013443243304164076e-01 1.700338617404056341e-01
2.138667855718076605e-01 2.013443243304164076e-01 1.700338617404056341e-01
2.198310928165666533e-01 2.067302365360178529e-01 1.736384741583621438e-01
2.198310928165666533e-01 2.067302365360178529e-01 1.736384741583621438e-01
2.258002485095279011e-01 2.121138726523649765e-01 1.772185825276083593e-01
2.258002485095279011e-01 2.121138726523649765e-01 1.772185825276083593e-01
2.317750712832421234e-01 2.174949708593327535e-01 1.807700320589480381e-01
2.317750712832421234e-01 2.174949708593327535e-01 1.807700320589480381e-01
2.377556087148924024e-01 2.228737075579113325e-01 1.842934673983369631e-01
2.377556087148924024e-01 2.228737075579113325e-01 1.842934673983369631e-01
2.437421346315141735e-01 2.282504902495582910e-01 1.877897908873274457e-01
2.437421346315141735e-01 2.282504902495582910e-01 1.877897908873274457e-01
2.497352231274862222e-01 2.336258534908698947e-01 1.912594240598642636e-01
2.497352231274862222e-01 2.336258534908698947e-01 1.912594240598642636e-01
2.557349062654438732e-01 2.390004622553662250e-01 1.947052952007397586e-01
2.557349062654438732e-01 2.390004622553662250e-01 1.947052952007397586e-01
2.617416533293429048e-01 2.443749912237480615e-01 1.981288206906408889e-01
2.617416533293429048e-01 2.443749912237480615e-01 1.981288206906408889e-01
2.677581616885938431e-01 2.497499344075694017e-01 2.015227842453190810e-01
2.677581616885938431e-01 2.497499344075694017e-01 2.015227842453190810e-01
2.737837199322184500e-01 2.551260775028017513e-01 2.048932812660225755e-01
2.737837199322184500e-01 2.551260775028017513e-01 2.048932812660225755e-01
2.798183460757019403e-01 2.605041404235186042e-01 2.082435161323884787e-01
2.798183460757019403e-01 2.605041404235186042e-01 2.082435161323884787e-01
2.858628948837508288e-01 2.658847540711267166e-01 2.115733575253754550e-01
2.858628948837508288e-01 2.658847540711267166e-01 2.115733575253754550e-01
2.919183566831435317e-01 2.712685173336569222e-01 2.148820663489947047e-01
2.919183566831435317e-01 2.712685173336569222e-01 2.148820663489947047e-01
2.979869900257406945e-01 2.766558827516593655e-01 2.181638606205250908e-01
2.979869900257406945e-01 2.766558827516593655e-01 2.181638606205250908e-01
3.040669573526735836e-01 2.820476863591229177e-01 2.214289004386725823e-01
3.040669573526735836e-01 2.820476863591229177e-01 2.214289004386725823e-01
3.101589598500784639e-01 2.874445050207125041e-01 2.246773435891048221e-01
3.101589598500784639e-01 2.874445050207125041e-01 2.246773435891048221e-01
3.162647171466448359e-01 2.928467916755071454e-01 2.279052872471229452e-01
3.162647171466448359e-01 2.928467916755071454e-01 2.279052872471229452e-01
3.223856150854209623e-01 2.982550110645108554e-01 2.311100621209496997e-01
3.223856150854209623e-01 2.982550110645108554e-01 2.311100621209496997e-01
3.285197684503990412e-01 3.036699632656085224e-01 2.343017489803385367e-01
3.285197684503990412e-01 3.036699632656085224e-01 2.343017489803385367e-01
3.346681824820841311e-01 3.090921337897849508e-01 2.374790523514248852e-01
3.346681824820841311e-01 3.090921337897849508e-01 2.374790523514248852e-01
3.408345508806572277e-01 3.145216902868598896e-01 2.406300754015026078e-01
3.408345508806572277e-01 3.145216902868598896e-01 2.406300754015026078e-01
3.470153984553270288e-01 3.199595843966839825e-01 2.437709765607619650e-01
3.470153984553270288e-01 3.199595843966839825e-01 2.437709765607619650e-01
3.532111831813272707e-01 3.254063298429089035e-01 2.469024543650876202e-01
3.532111831813272707e-01 3.254063298429089035e-01 2.469024543650876202e-01
3.594270139124525199e-01 3.308618835088796839e-01 2.500069005448418147e-01
3.594270139124525199e-01 3.308618835088796839e-01 2.500069005448418147e-01
3.656591624425825082e-01 3.363272159429825381e-01 2.531013511068075927e-01
3.656591624425825082e-01 3.363272159429825381e-01 2.531013511068075927e-01
3.719080946100799534e-01 3.418028105679021267e-01 2.561863493651608259e-01
3.719080946100799534e-01 3.418028105679021267e-01 2.561863493651608259e-01
3.781787458189604934e-01 3.472885943283323118e-01 2.592448279304885306e-01
3.781787458189604934e-01 3.472885943283323118e-01 2.592448279304885306e-01
3.844667369114335709e-01 3.527856158695063526e-01 2.622962989400764444e-01
3.844667369114335709e-01 3.527856158695063526e-01 2.622962989400764444e-01
3.907740471269661731e-01 3.582941479289012965e-01 2.653352535084941843e-01
3.907740471269661731e-01 3.582941479289012965e-01 2.653352535084941843e-01
3.971020853672065365e-01 3.638145198564590177e-01 2.683583893536222731e-01
3.971020853672065365e-01 3.638145198564590177e-01 2.683583893536222731e-01
4.034500349518359563e-01 3.693477899535400066e-01 2.713653161476089481e-01
4.034500349518359563e-01 3.693477899535400066e-01 2.713653161476089481e-01
4.098096022529544857e-01 3.748967588770655834e-01 2.743751856636263975e-01
4.098096022529544857e-01 3.748967588770655834e-01 2.743751856636263975e-01
4.161855202739892512e-01 3.804610764582565530e-01 2.773746859744943283e-01
4.161855202739892512e-01 3.804610764582565530e-01 2.773746859744943283e-01
4.225819058200260270e-01 3.860403523116659463e-01 2.803541253012476475e-01
4.225819058200260270e-01 3.860403523116659463e-01 2.803541253012476475e-01
4.289897256462116837e-01 3.916373841300313519e-01 2.833370245072694416e-01
4.289897256462116837e-01 3.916373841300313519e-01 2.833370245072694416e-01
4.354165034889664887e-01 3.972509789505724309e-01 2.863046391925513912e-01
4.354165034889664887e-01 3.972509789505724309e-01 2.863046391925513912e-01
4.418646577220095018e-01 4.028812589479927042e-01 2.892498563934827183e-01
4.418646577220095018e-01 4.028812589479927042e-01 2.892498563934827183e-01
4.483245950485207909e-01 4.085309820292327143e-01 2.922002033622917994e-01
4.483245950485207909e-01 4.085309820292327143e-01 2.922002033622917994e-01
4.548026161159251513e-01 4.141993087991706068e-01 2.951388797011021969e-01
4.548026161159251513e-01 4.141993087991706068e-01 2.951388797011021969e-01
4.613002337544869769e-01 4.198864421167489147e-01 2.980628079871117664e-01
4.613002337544869769e-01 4.198864421167489147e-01 2.980628079871117664e-01
4.678145082412254463e-01 4.255937558610667915e-01 3.009793422139246943e-01
4.678145082412254463e-01 4.255937558610667915e-01 3.009793422139246943e-01
4.743416825821509808e-01 4.313227704939307516e-01 3.038988473995159478e-01
4.743416825821509808e-01 4.313227704939307516e-01 3.038988473995159478e-01
4.808877036323275789e-01 4.370727028390529734e-01 3.068052911054173770e-01
4.808877036323275789e-01 4.370727028390529734e-01 3.068052911054173770e-01
4.874517325679578184e-01 4.428443710510348019e-01 3.097010933559359303e-01
4.874517325679578184e-01 4.428443710510348019e-01 3.097010933559359303e-01
4.940332746789232732e-01 4.486385855205424766e-01 3.125867518471457385e-01
4.940332746789232732e-01 4.486385855205424766e-01 3.125867518471457385e-01
5.006246617844859470e-01 4.544578691932699699e-01 3.154826229390870762e-01
5.006246617844859470e-01 4.544578691932699699e-01 3.154826229390870762e-01
5.072323809120945493e-01 4.603013559415493061e-01 3.183702365222003117e-01
5.072323809120945493e-01 4.603013559415493061e-01 3.183702365222003117e-01
5.138564005307378890e-01 4.661699268658917039e-01 3.212463250391016101e-01
5.138564005307378890e-01 4.661699268658917039e-01 3.212463250391016101e-01
5.204946674975053922e-01 4.720646857515795602e-01 3.241168454453557390e-01
5.204946674975053922e-01 4.720646857515795602e-01 3.241168454453557390e-01
5.271454911693012058e-01 4.779867442313434078e-01 3.269855386130831598e-01
5.271454911693012058e-01 4.779867442313434078e-01 3.269855386130831598e-01
5.338073107035175013e-01 4.839372620721217322e-01 3.298547505161479876e-01
5.338073107035175013e-01 4.839372620721217322e-01 3.298547505161479876e-01
5.404788119244856581e-01 4.899174731404142835e-01 3.327243127750812435e-01
5.404788119244856581e-01 4.899174731404142835e-01 3.327243127750812435e-01
5.471594375269308586e-01 4.959287373405459887e-01 3.355875845059899665e-01
5.471594375269308586e-01 4.959287373405459887e-01 3.355875845059899665e-01
5.538447287072602032e-01 5.019726088836490296e-01 3.384594485972848843e-01
5.538447287072602032e-01 5.019726088836490296e-01 3.384594485972848843e-01
5.605332737686671285e-01 5.080507460868979308e-01 3.413344563563275313e-01
5.605332737686671285e-01 5.080507460868979308e-01 3.413344563563275313e-01
5.672221783549163954e-01 5.141650498080978515e-01 3.442129515115493477e-01
5.672221783549163954e-01 5.141650498080978515e-01 3.442129515115493477e-01
5.739073194314997517e-01 5.203176146619583609e-01 3.471002689612176506e-01
5.739073194314997517e-01 5.203176146619583609e-01 3.471002689612176506e-01
5.805847343383421233e-01 5.265108856282066929e-01 3.499957545398957315e-01
5.805847343383421233e-01 5.265108856282066929e-01 3.499957545398957315e-01
5.872464369517128580e-01 5.327488364735887272e-01 3.529022900026380083e-01
5.872464369517128580e-01 5.327488364735887272e-01 3.529022900026380083e-01
5.938781796324401618e-01 5.390365395689648009e-01 3.558467859877275652e-01
5.938781796324401618e-01 5.390365395689648009e-01 3.558467859877275652e-01
6.004797036757589801e-01 5.453764499905796592e-01 3.588046083432717692e-01
6.004797036757589801e-01 5.453764499905796592e-01 3.588046083432717692e-01
6.070199383734394827e-01 5.517793195353378755e-01 3.618277390561109863e-01
6.070199383734394827e-01 5.517793195353378755e-01 3.618277390561109863e-01
6.134877978160612200e-01 5.582513298421261094e-01 3.649059691576114761e-01
6.134877978160612200e-01 5.582513298421261094e-01 3.649059691576114761e-01
6.198428806483337050e-01 5.648079334535367479e-01 3.680813116933023266e-01
6.198428806483337050e-01 5.648079334535367479e-01 3.680813116933023266e-01
6.260296778341347679e-01 5.714687594912277735e-01 3.714299929036900538e-01
6.260296778341347679e-01 5.714687594912277735e-01 3.714299929036900538e-01
6.319697828147022856e-01 5.782615755330138274e-01 3.750522827539733428e-01
6.319697828147022856e-01 5.782615755330138274e-01 3.750522827539733428e-01
6.375504901499213783e-01 5.852197498384837937e-01 3.791787758155016896e-01
6.375504901499213783e-01 5.852197498384837937e-01 3.791787758155016896e-01
6.426912333259504617e-01 5.923552309994962739e-01 3.841343189852719497e-01
6.426912333259504617e-01 5.923552309994962739e-01 3.841343189852719497e-01
6.474833052244819420e-01 5.996114602588569209e-01 3.901394775404725679e-01
6.474833052244819420e-01 5.996114602588569209e-01 3.901394775404725679e-01
6.521465055677132527e-01 6.069025120481214008e-01 3.970366467590639714e-01
6.521465055677132527e-01 6.069025120481214008e-01 3.970366467590639714e-01
6.568287607511290593e-01 6.141848578321040808e-01 4.045251103232675449e-01
6.568287607511290593e-01 6.141848578321040808e-01 4.045251103232675449e-01
6.615792639740064596e-01 6.214529912495981856e-01 4.123848223038794614e-01
6.615792639740064596e-01 6.214529912495981856e-01 4.123848223038794614e-01
6.664090772423064690e-01 6.287112484724809436e-01 4.204965280395212557e-01
6.664090772423064690e-01 6.287112484724809436e-01 4.204965280395212557e-01
6.713114081111437592e-01 6.359682391709069460e-01 4.287908482410666688e-01
6.713114081111437592e-01 6.359682391709069460e-01 4.287908482410666688e-01
6.762898352997814833e-01 6.432274390290420030e-01 4.372105203625374914e-01
6.762898352997814833e-01 6.432274390290420030e-01 4.372105203625374914e-01
6.813277351889281963e-01 6.504961413428422823e-01 4.457644713788134760e-01
6.813277351889281963e-01 6.504961413428422823e-01 4.457644713788134760e-01
6.864352064112091423e-01 6.577751261182497311e-01 4.543958716683704768e-01
6.864352064112091423e-01 6.577751261182497311e-01 4.543958716683704768e-01
6.916010066101785370e-01 6.650694783466010174e-01 4.631126519069759806e-01
6.916010066101785370e-01 6.650694783466010174e-01 4.631126519069759806e-01
6.968168074671042822e-01 6.723831032232642224e-01 4.719210640516186550e-01
6.968168074671042822e-01 6.723831032232642224e-01 4.719210640516186550e-01
7.020760779748906888e-01 6.797216766134438481e-01 4.807920262683351709e-01
7.020760779748906888e-01 6.797216766134438481e-01 4.807920262683351709e-01
7.073688392008755654e-01 6.870920931794620712e-01 4.896991543569875205e-01
7.073688392008755654e-01 6.870920931794620712e-01 4.896991543569875205e-01
7.126924321009894259e-01 6.944958762105686301e-01 4.986484556985369410e-01
7.126924321009894259e-01 6.944958762105686301e-01 4.986484556985369410e-01
7.180520444880440500e-01 7.019322641019262177e-01 5.076337908084295192e-01
7.180520444880440500e-01 7.019322641019262177e-01 5.076337908084295192e-01
7.234462933589034250e-01 7.094024199502975137e-01 5.166591900880463939e-01
7.234462933589034250e-01 7.094024199502975137e-01 5.166591900880463939e-01
7.288744604376334868e-01 7.169073059212297538e-01 5.257276498235692319e-01
7.288744604376334868e-01 7.169073059212297538e-01 5.257276498235692319e-01
7.343396602108410720e-01 7.244468000497775728e-01 5.348362510401437619e-01
7.343396602108410720e-01 7.244468000497775728e-01 5.348362510401437619e-01
7.398423086745039567e-01 7.320215618563832294e-01 5.439862467727580864e-01
7.398423086745039567e-01 7.320215618563832294e-01 5.439862467727580864e-01
7.453806703100628317e-01 7.396328514416842248e-01 5.531822131915079543e-01
7.453806703100628317e-01 7.396328514416842248e-01 5.531822131915079543e-01
7.509628532796289724e-01 7.472792097461326000e-01 5.624135419248600387e-01
7.509628532796289724e-01 7.472792097461326000e-01 5.624135419248600387e-01
7.565806306015926408e-01 7.549637038099197284e-01 5.716948367378241747e-01
7.565806306015926408e-01 7.549637038099197284e-01 5.716948367378241747e-01
7.622444854345129528e-01 7.626842690614316078e-01 5.810118294099507752e-01
7.622444854345129528e-01 7.626842690614316078e-01 5.810118294099507752e-01
7.679477197648870712e-01 7.704435455162509383e-01 5.903767783745360598e-01
7.679477197648870712e-01 7.704435455162509383e-01 5.903767783745360598e-01
7.736939563373298467e-01 7.782413693609976368e-01 5.997860148925073798e-01
7.736939563373298467e-01 7.782413693609976368e-01 5.997860148925073798e-01
7.794854625751659327e-01 7.860779680619748300e-01 6.092379623392739640e-01
7.794854625751659327e-01 7.860779680619748300e-01 6.092379623392739640e-01
7.853224984504152406e-01 7.939541177022858554e-01 6.187341509584862731e-01
7.853224984504152406e-01 7.939541177022858554e-01 6.187341509584862731e-01
7.912036890052518423e-01 8.018710260207339013e-01 6.282786543077385488e-01
7.912036890052518423e-01 8.018710260207339013e-01 6.282786543077385488e-01
7.971338551995044153e-01 8.098282919711469185e-01 6.378659467421643470e-01
7.971338551995044153e-01 8.098282919711469185e-01 6.378659467421643470e-01
8.031113398611590126e-01 8.178272192639645111e-01 6.475005485252044446e-01
8.031113398611590126e-01 8.178272192639645111e-01 6.475005485252044446e-01
8.091369358865971861e-01 8.258684795528047351e-01 6.571831896843250975e-01
8.091369358865971861e-01 8.258684795528047351e-01 6.571831896843250975e-01
8.152123854864670172e-01 8.339525160504308587e-01 6.669131248589817984e-01
8.152123854864670172e-01 8.339525160504308587e-01 6.669131248589817984e-01
8.213391940935380608e-01 8.420798504866442435e-01 6.766899733487639068e-01
8.213391940935380608e-01 8.420798504866442435e-01 6.766899733487639068e-01
8.275177064828462825e-01 8.502513111935029455e-01 6.865151657665621299e-01
8.275177064828462825e-01 8.502513111935029455e-01 6.865151657665621299e-01
8.337471132858180756e-01 8.584680210552261270e-01 6.963919484682170591e-01
8.337471132858180756e-01 8.584680210552261270e-01 6.963919484682170591e-01
8.400294727606694156e-01 8.667304007939481414e-01 7.063190852346898918e-01
8.400294727606694156e-01 8.667304007939481414e-01 7.063190852346898918e-01
8.463610784397211928e-01 8.750402979368920864e-01 7.163043952495048439e-01
8.463610784397211928e-01 8.750402979368920864e-01 7.163043952495048439e-01
8.527145101313545750e-01 8.834052735509423382e-01 7.263931326659560650e-01
8.527145101313545750e-01 8.834052735509423382e-01 7.263931326659560650e-01
