1.000000000000000000e+00 9.820936985017797438e-01 9.791402660875700992e-01
1.000000000000000000e+00 9.820936985017797438e-01 9.791402660875700992e-01
9.946271189826232373e-01 9.768572944039647377e-01 9.739148812849419690e-01
9.946271189826232373e-01 9.768572944039647377e-01 9.739148812849419690e-01
9.892751246737464532e-01 9.716418416913131795e-01 9.687107195923801983e-01
9.892751246737464532e-01 9.716418416913131795e-01 9.687107195923801983e-01
9.839438176972201688e-01 9.664471797185494317e-01 9.635275441848281108e-01
9.839438176972201688e-01 9.664471797185494317e-01 9.635275441848281108e-01
9.786330119788312354e-01 9.612731444037424522e-01 9.583651240767933066e-01
9.786330119788312354e-01 9.612731444037424522e-01 9.583651240767933066e-01
9.733425321583901724e-01 9.561195691235965244e-01 9.532232351791843916e-01
9.733425321583901724e-01 9.561195691235965244e-01 9.532232351791843916e-01
9.680722112914917910e-01 9.509862855549970906e-01 9.481016607569145993e-01
9.680722112914917910e-01 9.509862855549970906e-01 9.481016607569145993e-01
9.628218889063498986e-01 9.458731244194888976e-01 9.430001914509462679e-01
9.628218889063498986e-01 9.458731244194888976e-01 9.430001914509462679e-01
9.575914094233198837e-01 9.407799161125729448e-01 9.379186250093795030e-01
9.575914094233198837e-01 9.407799161125729448e-01 9.379186250093795030e-01
9.523806209099098252e-01 9.357064912166958015e-01 9.328567658436508481e-01
9.523806209099098252e-01 9.357064912166958015e-01 9.328567658436508481e-01
9.471893741271011358e-01 9.306526809066980599e-01 9.278144244962436282e-01
9.471893741271011358e-01 9.306526809066980599e-01 9.278144244962436282e-01
9.420175218173969522e-01 9.256183172614251831e-01 9.227914170801023719e-01
9.420175218173969522e-01 9.256183172614251831e-01 9.227914170801023719e-01
9.368649181867519937e-01 9.206032334966539610e-01 9.177875647288702421e-01
9.368649181867519937e-01 9.206032334966539610e-01 9.177875647288702421e-01
9.317314185378979818e-01 9.156072641340026186e-01 9.128026930812870310e-01
9.317314185378979818e-01 9.156072641340026186e-01 9.128026930812870310e-01
9.266168790191335880e-01 9.106302451190005920e-01 9.078366318119337475e-01
9.266168790191335880e-01 9.106302451190005920e-01 9.078366318119337475e-01
9.215211564595059412e-01 9.056720138995263403e-01 9.028892142130285903e-01
9.215211564595059412e-01 9.056720138995263403e-01 9.028892142130285903e-01
9.164441082673051575e-01 9.007324094738770048e-01 8.979602768272288982e-01
9.164441082673051575e-01 9.007324094738770048e-01 8.979602768272288982e-01
9.113855923741167597e-01 8.958112724159209561e-01 8.930496591286426478e-01
9.113855923741167597e-01 8.958112724159209561e-01 8.930496591286426478e-01
9.063454672108817167e-01 8.909084448831960934e-01 8.881572032477438317e-01
9.063454672108817167e-01 8.909084448831960934e-01 8.881572032477438317e-01
9.013235917058401991e-01 8.860237706125494439e-01 8.832827537353494796e-01
9.013235917058401991e-01 8.860237706125494439e-01 8.832827537353494796e-01
8.963198252969233337e-01 8.811570949067976111e-01 8.784261573607013984e-01
8.963198252969233337e-01 8.811570949067976111e-01 8.784261573607013984e-01
8.913340279531235533e-01 8.763082646150958110e-01 8.735872629389745958e-01
8.913340279531235533e-01 8.763082646150958110e-01 8.735872629389745958e-01
8.863660602009806322e-01 8.714771281090047950e-01 8.687659211839346973e-01
8.863660602009806322e-01 8.714771281090047950e-01 8.687659211839346973e-01
8.814157831534396026e-01 8.666635352557500171e-01 8.639619845819369592e-01
8.814157831534396026e-01 8.666635352557500171e-01 8.639619845819369592e-01
8.764830585391371054e-01 8.618673373897853818e-01 8.591753072839475314e-01
8.764830585391371054e-01 8.618673373897853818e-01 8.591753072839475314e-01
8.715677487308975957e-01 8.570883872834492712e-01 8.544057450127338083e-01
8.715677487308975957e-01 8.570883872834492712e-01 8.544057450127338083e-01
8.666697167725917472e-01 8.523265391172928362e-01 8.496531549827828211e-01
8.666697167725917472e-01 8.523265391172928362e-01 8.496531549827828211e-01
8.617888264038332524e-01 8.475816484505064308e-01 8.449173958308895394e-01
8.617888264038332524e-01 8.475816484505064308e-01 8.449173958308895394e-01
8.569249420822763197e-01 8.428535721917005397e-01 8.401983275556725861e-01
8.569249420822763197e-01 8.428535721917005397e-01 8.401983275556725861e-01
8.520779290033900777e-01 8.381421685702471480e-01 8.354958114645680833e-01
8.520779290033900777e-01 8.381421685702471480e-01 8.354958114645680833e-01
8.472476531176780234e-01 8.334472971083094484e-01 8.308097101270774942e-01
8.472476531176780234e-01 8.334472971083094484e-01 8.308097101270774942e-01
8.424339811454489846e-01 8.287688185936077367e-01 8.261398873332549408e-01
8.424339811454489846e-01 8.287688185936077367e-01 8.261398873332549408e-01
8.376367805892318552e-01 8.241065950529840034e-01 8.214862080565873415e-01
8.376367805892318552e-01 8.241065950529840034e-01 8.214862080565873415e-01
8.328559197439682205e-01 8.194604897267541155e-01 8.168485384205560473e-01
8.328559197439682205e-01 8.194604897267541155e-01 8.168485384205560473e-01
8.280912677051558424e-01 8.148303670438546975e-01 8.122267456682971121e-01
8.280912677051558424e-01 8.148303670438546975e-01 8.122267456682971121e-01
8.233426943750887794e-01 8.102160925977499595e-01 8.076206981348638125e-01
8.233426943750887794e-01 8.102160925977499595e-01 8.076206981348638125e-01
8.186100704673537898e-01 8.056175331230891468e-01 8.030302652216914083e-01
8.186100704673537898e-01 8.056175331230891468e-01 8.030302652216914083e-01
8.138932675097358960e-01 8.010345564730639856e-01 7.984553173729123099e-01
8.138932675097358960e-01 8.010345564730639856e-01 7.984553173729123099e-01
8.091921578456929831e-01 7.964670315974380355e-01 7.938957260532447657e-01
8.091921578456929831e-01 7.964670315974380355e-01 7.938957260532447657e-01
8.045066146345049019e-01 7.919148285212173066e-01 7.893513637272187022e-01
8.045066146345049019e-01 7.919148285212173066e-01 7.893513637272187022e-01
7.998365118502513971e-01 7.873778183239126260e-01 7.848221038395305493e-01
7.998365118502513971e-01 7.873778183239126260e-01 7.848221038395305493e-01
7.951817242797217800e-01 7.828558731193696607e-01 7.803078207963728419e-01
7.951817242797217800e-01 7.828558731193696607e-01 7.803078207963728419e-01
7.905421275193700303e-01 7.783488660361226330e-01 7.758083899475896050e-01
7.905421275193700303e-01 7.783488660361226330e-01 7.758083899475896050e-01
7.859175979713968196e-01 7.738566711982486357e-01 7.713236875695450578e-01
7.859175979713968196e-01 7.738566711982486357e-01 7.713236875695450578e-01
7.813080128390684775e-01 7.693791637066774713e-01 7.668535908486032726e-01
7.813080128390684775e-01 7.693791637066774713e-01 7.668535908486032726e-01
7.767132501213346307e-01 7.649162196209423614e-01 7.623979778651421846e-01
7.767132501213346307e-01 7.649162196209423614e-01 7.623979778651421846e-01
7.721331886068272254e-01 7.604677159413302245e-01 7.579567275780212388e-01
7.721331886068272254e-01 7.604677159413302245e-01 7.579567275780212388e-01
7.675677078672944464e-01 7.560335305914184234e-01 7.535297198094579318e-01
7.675677078672944464e-01 7.560335305914184234e-01 7.535297198094579318e-01
7.630166882505422521e-01 7.516135424009598998e-01 7.491168352302433053e-01
7.630166882505422521e-01 7.516135424009598998e-01 7.491168352302433053e-01
7.584800108729251589e-01 7.472076310891035966e-01 7.447179553452739631e-01
7.584800108729251589e-01 7.472076310891035966e-01 7.447179553452739631e-01
7.539575576114363464e-01 7.428156772479282965e-01 7.403329624793503205e-01
7.539575576114363464e-01 7.428156772479282965e-01 7.403329624793503205e-01
7.494492110954366071e-01 7.384375623262653399e-01 7.359617397632119973e-01
7.494492110954366071e-01 7.384375623262653399e-01 7.359617397632119973e-01
7.449548546980648833e-01 7.340731686137937917e-01 7.316041711197898145e-01
7.449548546980648833e-01 7.340731686137937917e-01 7.316041711197898145e-01
7.404743725273663646e-01 7.297223792253936248e-01 7.272601412506419782e-01
7.404743725273663646e-01 7.297223792253936248e-01 7.272601412506419782e-01
7.360076494171511330e-01 7.253850780857385994e-01 7.229295356225633462e-01
7.360076494171511330e-01 7.253850780857385994e-01 7.229295356225633462e-01
7.315545709176340949e-01 7.210611499141114100e-01 7.186122404543426878e-01
7.315545709176340949e-01 7.210611499141114100e-01 7.186122404543426878e-01
7.271150232858637485e-01 7.167504802094309957e-01 7.143081427036582776e-01
7.271150232858637485e-01 7.167504802094309957e-01 7.143081427036582776e-01
7.226888934759679861e-01 7.124529552354761375e-01 7.100171300540942809e-01
7.226888934759679861e-01 7.124529552354761375e-01 7.100171300540942809e-01
7.182760691292269239e-01 7.081684620062984603e-01 7.057390909022697167e-01
7.182760691292269239e-01 7.081684620062984603e-01 7.057390909022697167e-01
7.138764385640126164e-01 7.038968882717983044e-01 7.014739143450678949e-01
7.138764385640126164e-01 7.038968882717983044e-01 7.014739143450678949e-01
7.094898907655715625e-01 6.996381225034759010e-01 6.972214901669538945e-01
7.094898907655715625e-01 6.996381225034759010e-01 6.972214901669538945e-01
7.051163153757115110e-01 6.953920538803214368e-01 6.929817088273798609e-01
7.051163153757115110e-01 6.953920538803214368e-01 6.929817088273798609e-01
7.007556026823584805e-01 6.911585722748554428e-01 6.887544614482578043e-01
7.007556026823584805e-01 6.911585722748554428e-01 6.887544614482578043e-01
6.964076436090278488e-01 6.869375682392947491e-01 6.845396398015041184e-01
6.964076436090278488e-01 6.869375682392947491e-01 6.845396398015041184e-01
6.920723297041968536e-01 6.827289329918495575e-01 6.803371362966480485e-01
6.920723297041968536e-01 6.827289329918495575e-01 6.803371362966480485e-01
6.877495531305931609e-01 6.785325584031258739e-01 6.761468439684877874e-01
6.877495531305931609e-01 6.785325584031258739e-01 6.761468439684877874e-01
6.834392066544306976e-01 6.743483369826350771e-01 6.719686564648001958e-01
6.834392066544306976e-01 6.743483369826350771e-01 6.719686564648001958e-01
6.791411836345339070e-01 6.701761618654106245e-01 6.678024680340921559e-01
6.791411836345339070e-01 6.701761618654106245e-01 6.678024680340921559e-01
6.748553780114393552e-01 6.660159267987004750e-01 6.636481735133934468e-01
6.748553780114393552e-01 6.660159267987004750e-01 6.636481735133934468e-01
6.705816842964071878e-01 6.618675261287563227e-01 6.595056683160783750e-01
6.705816842964071878e-01 6.618675261287563227e-01 6.595056683160783750e-01
6.663199975603852909e-01 6.577308547876857814e-01 6.553748484197183810e-01
6.663199975603852909e-01 6.577308547876857814e-01 6.553748484197183810e-01
6.620702134229240476e-01 6.536058082803801739e-01 6.512556103539566266e-01
6.620702134229240476e-01 6.536058082803801739e-01 6.512556103539566266e-01
6.578322280410282552e-01 6.494922826715018305e-01 6.471478511884046769e-01
6.578322280410282552e-01 6.494922826715018305e-01 6.471478511884046769e-01
6.536059380979549749e-01 6.453901745725266759e-01 6.430514685205513947e-01
6.536059380979549749e-01 6.453901745725266759e-01 6.430514685205513947e-01
6.493912407919790741e-01 6.412993811288310031e-01 6.389663604636793837e-01
6.493912407919790741e-01 6.412993811288310031e-01 6.389663604636793837e-01
6.451880338250794988e-01 6.372198000068252099e-01 6.348924256347896478e-01
6.451880338250794988e-01 6.372198000068252099e-01 6.348924256347896478e-01
6.409962153916128891e-01 6.331513293811146248e-01 6.308295631425283601e-01
6.409962153916128891e-01 6.331513293811146248e-01 6.308295631425283601e-01
6.368156841668896062e-01 6.290938679216991902e-01 6.267776725751040834e-01
6.368156841668896062e-01 6.290938679216991902e-01 6.267776725751040834e-01
6.326463392957465404e-01 6.250473147811839159e-01 6.227366539882012164e-01
6.326463392957465404e-01 6.250473147811839159e-01 6.227366539882012164e-01
6.284880803810297678e-01 6.210115695820123127e-01 6.187064078928795618e-01
6.284880803810297678e-01 6.210115695820123127e-01 6.187064078928795618e-01
6.243408074720375733e-01 6.169865324037090426e-01 6.146868352434514682e-01
6.243408074720375733e-01 6.169865324037090426e-01 6.146868352434514682e-01
6.202044210529159551e-01 6.129721037701184594e-01 6.106778374253428732e-01
6.202044210529159551e-01 6.129721037701184594e-01 6.106778374253428732e-01
6.160788220309725283e-01 6.089681846366516993e-01 6.066793162429212627e-01
6.160788220309725283e-01 6.089681846366516993e-01 6.066793162429212627e-01
6.119639117249525695e-01 6.049746763775128988e-01 6.026911739072953189e-01
6.119639117249525695e-01 6.049746763775128988e-01 6.026911739072953189e-01
6.078595918532330167e-01 6.009914807729185293e-01 5.987133130240721579e-01
6.078595918532330167e-01 6.009914807729185293e-01 5.987133130240721579e-01
6.037657645219587366e-01 5.970184999962855343e-01 5.947456365810727119e-01
6.037657645219587366e-01 5.970184999962855343e-01 5.947456365810727119e-01
5.996823322131162870e-01 5.930556366013985947e-01 5.907880479360053672e-01
5.996823322131162870e-01 5.930556366013985947e-01 5.907880479360053672e-01
5.956091977725037623e-01 5.891027935095398682e-01 5.868404508040753198e-01
5.956091977725037623e-01 5.891027935095398682e-01 5.868404508040753198e-01
5.915462643976561186e-01 5.851598739965736540e-01 5.829027492455421955e-01
5.915462643976561186e-01 5.851598739965736540e-01 5.829027492455421955e-01
5.874934356256679147e-01 5.812267816799856490e-01 5.789748476532106114e-01
5.874934356256679147e-01 5.812267816799856490e-01 5.789748476532106114e-01
5.834506153209345625e-01 5.773034205058685808e-01 5.750566507398506833e-01
5.834506153209345625e-01 5.773034205058685808e-01 5.750566507398506833e-01
5.794177076628035383e-01 5.733896947358378959e-01 5.711480635255374860e-01
5.794177076628035383e-01 5.733896947358378959e-01 5.711480635255374860e-01
5.753946171331199011e-01 5.694855089338891618e-01 5.672489913249154636e-01
5.753946171331199011e-01 5.694855089338891618e-01 5.672489913249154636e-01
5.713812485036853239e-01 5.655907679531685384e-01 5.633593397343649167e-01
5.713812485036853239e-01 5.655907679531685384e-01 5.633593397343649167e-01
5.673775068235901164e-01 5.617053769226664217e-01 5.594790146190772306e-01
5.673775068235901164e-01 5.617053769226664217e-01 5.594790146190772306e-01
5.633832974064522103e-01 5.578292412338151651e-01 5.556079221000285173e-01
5.633832974064522103e-01 5.578292412338151651e-01 5.556079221000285173e-01
5.593985258175138142e-01 5.539622665269916535e-01 5.517459685408370174e-01
5.593985258175138142e-01 5.539622665269916535e-01 5.517459685408370174e-01
5.554230978606303770e-01 5.501043586779111871e-01 5.478930605345120330e-01
5.554230978606303770e-01 5.501043586779111871e-01 5.478930605345120330e-01
5.514569195651232159e-01 5.462554237839021276e-01 5.440491048900718551e-01
5.514569195651232159e-01 5.462554237839021276e-01 5.440491048900718551e-01
5.474998971724761576e-01 5.424153681500688551e-01 5.402140086190303503e-01
5.474998971724761576e-01 5.424153681500688551e-01 5.402140086190303503e-01
5.435519371229168284e-01 5.385840982753069550e-01 5.363876789217497665e-01
5.435519371229168284e-01 5.385840982753069550e-01 5.363876789217497665e-01
5.396129460418026547e-01 5.347615208381926166e-01 5.325700231736347767e-01
5.396129460418026547e-01 5.347615208381926166e-01 5.325700231736347767e-01
5.356828307258865163e-01 5.309475426827108269e-01 5.287609489111779748e-01
5.356828307258865163e-01 5.309475426827108269e-01 5.287609489111779748e-01
5.317614981293724563e-01 5.271420708038346836e-01 5.249603638178371723e-01
5.317614981293724563e-01 5.271420708038346836e-01 5.249603638178371723e-01
5.278488553498246194e-01 5.233450123329266290e-01 5.211681757097356149e-01
5.278488553498246194e-01 5.233450123329266290e-01 5.211681757097356149e-01
5.239448096138653588e-01 5.195562745229680424e-01 5.173842925211836752e-01
5.239448096138653588e-01 5.195562745229680424e-01 5.173842925211836752e-01
5.200492682626843832e-01 5.157757647335957651e-01 5.136086222899979292e-01
5.200492682626843832e-01 5.157757647335957651e-01 5.136086222899979292e-01
5.161621387373395153e-01 5.120033904159435600e-01 5.098410731426250564e-01
5.161621387373395153e-01 5.120033904159435600e-01 5.098410731426250564e-01
5.122833285638436207e-01 5.082390590972678535e-01 5.060815532790454707e-01
5.122833285638436207e-01 5.082390590972678535e-01 5.060815532790454707e-01
5.084127453380107298e-01 5.044826783653567626e-01 5.023299709574504668e-01
5.084127453380107298e-01 5.044826783653567626e-01 5.023299709574504668e-01
5.045502967100805591e-01 5.007341558527018677e-01 4.985862344786886613e-01
5.045502967100805591e-01 5.007341558527018677e-01 4.985862344786886613e-01
5.006958903690814644e-01 4.969933992204247919e-01 4.948502521704544188e-01
5.006958903690814644e-01 4.969933992204247919e-01 4.948502521704544188e-01
4.968494340269218879e-01 4.932603161419495952e-01 4.911219323712228690e-01
4.968494340269218879e-01 4.932603161419495952e-01 4.911219323712228690e-01
4.930108354022291195e-01 4.895348142863978347e-01 4.874011834139069244e-01
4.930108354022291195e-01 4.895348142863978347e-01 4.874011834139069244e-01
4.891800022038890750e-01 4.858168013016986309e-01 4.836879136092273046e-01
4.891800022038890750e-01 4.858168013016986309e-01 4.836879136092273046e-01
4.853568421142686051e-01 4.821061847974055792e-01 4.799820312287803037e-01
4.853568421142686051e-01 4.821061847974055792e-01 4.799820312287803037e-01
4.815412627721540328e-01 4.784028723271905870e-01 4.762834444877954709e-01
4.815412627721540328e-01 4.784028723271905870e-01 4.762834444877954709e-01
4.777331717553240931e-01 4.747067713710187431e-01 4.725920615275538417e-01
4.777331717553240931e-01 4.747067713710187431e-01 4.725920615275538417e-01
4.739324765628084579e-01 4.710177893169626429e-01 4.689077903974653849e-01
4.739324765628084579e-01 4.710177893169626429e-01 4.689077903974653849e-01
4.701390845967639009e-01 4.673358334426688798e-01 4.652305390367845184e-01
4.701390845967639009e-01 4.673358334426688798e-01 4.652305390367845184e-01
4.663529031439712647e-01 4.636608108964359598e-01 4.615602152559397098e-01
4.663529031439712647e-01 4.636608108964359598e-01 4.615602152559397098e-01
4.625738393569522322e-01 4.599926286778956430e-01 4.578967267174718359e-01
4.625738393569522322e-01 4.599926286778956430e-01 4.578967267174718359e-01
4.588018002346470614e-01 4.563311936182819495e-01 4.542399809165525992e-01
4.588018002346470614e-01 4.563311936182819495e-01 4.542399809165525992e-01
4.550366926026848113e-01 4.526764123602532996e-01 4.505898851610664058e-01
4.550366926026848113e-01 4.526764123602532996e-01 4.505898851610664058e-01
4.512784230931737861e-01 4.490281913372684564e-01 4.469463465512405476e-01
4.512784230931737861e-01 4.490281913372684564e-01 4.469463465512405476e-01
4.475268981240308475e-01 4.453864367524758006e-01 4.433092719587899966e-01
4.475268981240308475e-01 4.453864367524758006e-01 4.433092719587899966e-01
4.437820238778074078e-01 4.417510545571041169e-01 4.396785680055697032e-01
4.437820238778074078e-01 4.417510545571041169e-01 4.396785680055697032e-01
4.400437062800058308e-01 4.381219504283224153e-01 4.360541410417013708e-01
4.400437062800058308e-01 4.381219504283224153e-01 4.360541410417013708e-01
4.363118509768296183e-01 4.344990297465567974e-01 4.324358971231473392e-01
4.363118509768296183e-01 4.344990297465567974e-01 4.324358971231473392e-01
4.325863633123765428e-01 4.308821975722301190e-01 4.288237419887214741e-01
4.325863633123765428e-01 4.308821975722301190e-01 4.288237419887214741e-01
4.288671483052405864e-01 4.272713586218889192e-01 4.252175810364905439e-01
4.288671483052405864e-01 4.272713586218889192e-01 4.252175810364905439e-01
4.251541106244701163e-01 4.236664172437111797e-01 4.216173192995511521e-01
4.251541106244701163e-01 4.236664172437111797e-01 4.216173192995511521e-01
4.214471545648866280e-01 4.200672773923413428e-01 4.180228614211476956e-01
4.214471545648866280e-01 4.200672773923413428e-01 4.180228614211476956e-01
4.177461840217103761e-01 4.164738426030388241e-01 4.144341116291040406e-01
4.177461840217103761e-01 4.164738426030388241e-01 4.144341116291040406e-01
4.140511024644739080e-01 4.128860159650956096e-01 4.108509737095283332e-01
4.140511024644739080e-01 4.128860159650956096e-01 4.108509737095283332e-01
4.103618129101700429e-01 4.093037000944975135e-01 4.072733509797690221e-01
4.103618129101700429e-01 4.093037000944975135e-01 4.072733509797690221e-01
4.066782178956311333e-01 4.057267971057801348e-01 4.037011462605704648e-01
4.066782178956311333e-01 4.057267971057801348e-01 4.037011462605704648e-01
4.030002194490623357e-01 4.021552085830573664e-01 4.001342618474065249e-01
4.030002194490623357e-01 4.021552085830573664e-01 4.001342618474065249e-01
3.993277190607254501e-01 3.985888355501683300e-01 3.965725994809405353e-01
3.993277190607254501e-01 3.985888355501683300e-01 3.965725994809405353e-01
3.956606176527034391e-01 3.950275784399069900e-01 3.930160603165737121e-01
3.956606176527034391e-01 3.950275784399069900e-01 3.930160603165737121e-01
3.919988155477184266e-01 3.914713370622893707e-01 3.894645448930393328e-01
3.919988155477184266e-01 3.914713370622893707e-01 3.894645448930393328e-01
3.883422124369547701e-01 3.879200105718063618e-01 3.859179530999924945e-01
3.883422124369547701e-01 3.879200105718063618e-01 3.859179530999924945e-01
3.846907073468149862e-01 3.843734974336250887e-01 3.823761841445502130e-01
3.846907073468149862e-01 3.843734974336250887e-01 3.823761841445502130e-01
3.810441986046099738e-01 3.808316953886656253e-01 3.788391365167267377e-01
3.810441986046099738e-01 3.808316953886656253e-01 3.788391365167267377e-01
3.774025838030615199e-01 3.772945014175193568e-01 3.753067079537106832e-01
3.774025838030615199e-01 3.772945014175193568e-01 3.753067079537106832e-01
3.737657597636155349e-01 3.737618117031368259e-01 3.717787954029270203e-01
3.737657597636155349e-01 3.737618117031368259e-01 3.717787954029270203e-01
3.701336224984670964e-01 3.702335215922284983e-01 3.682552949838198142e-01
3.701336224984670964e-01 3.702335215922284983e-01 3.682552949838198142e-01
3.665060671712575546e-01 3.667095255553128874e-01 3.647361019482998623e-01
3.665060671712575546e-01 3.667095255553128874e-01 3.647361019482998623e-01
3.628829880563585464e-01 3.631897171453424833e-01 3.612211106397715810e-01
3.628829880563585464e-01 3.631897171453424833e-01 3.612211106397715810e-01
3.592642784966865732e-01 3.596739889548307145e-01 3.577102144506871806e-01
3.592642784966865732e-01 3.596739889548307145e-01 3.577102144506871806e-01
3.556498308599450597e-01 3.561622325714137172e-01 3.542033057785388128e-01
3.556498308599450597e-01 3.561622325714137172e-01 3.542033057785388128e-01
3.520395364932498161e-01 3.526543385317510992e-01 3.507002759802095304e-01
3.520395364932498161e-01 3.526543385317510992e-01 3.507002759802095304e-01
3.484332856760139485e-01 3.491501962736906495e-01 3.472010153246016806e-01
3.484332856760139485e-01 3.491501962736906495e-01 3.472010153246016806e-01
3.448309675710292677e-01 3.456496940865941836e-01 3.437054129434443106e-01
3.448309675710292677e-01 3.456496940865941836e-01 3.437054129434443106e-01
3.412324701736293986e-01 3.421527190597393742e-01 3.402133567801923220e-01
3.412324701736293986e-01 3.421527190597393742e-01 3.402133567801923220e-01
3.376376802588410553e-01 3.386591570286803243e-01 3.367247335369042971e-01
3.376376802588410553e-01 3.386591570286803243e-01 3.367247335369042971e-01
3.340464833264068512e-01 3.351688925194674096e-01 3.332394286189954147e-01
3.340464833264068512e-01 3.351688925194674096e-01 3.332394286189954147e-01
3.304587635435710102e-01 3.316818086906030416e-01 3.297573260777540427e-01
3.304587635435710102e-01 3.316818086906030416e-01 3.297573260777540427e-01
3.268744036854872581e-01 3.281977872726142831e-01 3.262783085504853964e-01
3.268744036854872581e-01 3.281977872726142831e-01 3.262783085504853964e-01
3.232932850731484176e-01 3.247167085050985946e-01 3.228022571981640776e-01
3.232932850731484176e-01 3.247167085050985946e-01 3.228022571981640776e-01
3.197152875086506363e-01 3.212384510711151497e-01 3.193290516404469481e-01
3.197152875086506363e-01 3.212384510711151497e-01 3.193290516404469481e-01
3.161402892076906612e-01 3.177628920287616232e-01 3.158585698879024517e-01
3.161402892076906612e-01 3.177628920287616232e-01 3.158585698879024517e-01
3.125681667290881038e-01 3.142899067397802448e-01 3.123906882712912947e-01
3.125681667290881038e-01 3.142899067397802448e-01 3.123906882712912947e-01
3.089987949012060753e-01 3.108193687950163708e-01 3.089252813677345610e-01
3.089987949012060753e-01 3.108193687950163708e-01 3.089252813677345610e-01
3.054320467450545862e-01 3.073511499365513266e-01 3.054622219235847980e-01
3.054320467450545862e-01 3.073511499365513266e-01 3.054622219235847980e-01
3.018677933938865299e-01 3.038851199763132893e-01 3.020013807738011202e-01
3.018677933938865299e-01 3.038851199763132893e-01 3.020013807738011202e-01
2.983059040090930147e-01 3.004211467109515477e-01 2.985426267576350434e-01
2.983059040090930147e-01 3.004211467109515477e-01 2.985426267576350434e-01
2.947462456921472462e-01 2.969590958327555930e-01 2.950858266303840738e-01
2.947462456921472462e-01 2.969590958327555930e-01 2.950858266303840738e-01
2.911886833923807982e-01 2.934988308363755682e-01 2.916308449709930639e-01
2.911886833923807982e-01 2.934988308363755682e-01 2.916308449709930639e-01
2.876330798103104991e-01 2.900402129210838398e-01 2.881775440852389347e-01
2.876330798103104991e-01 2.900402129210838398e-01 2.881775440852389347e-01
2.840792952962549744e-01 2.865831008883137354e-01 2.847257839042278138e-01
2.840792952962549744e-01 2.865831008883137354e-01 2.847257839042278138e-01
2.805271877439392547e-01 2.831273510341505983e-01 2.812754218779042192e-01
2.805271877439392547e-01 2.831273510341505983e-01 2.812754218779042192e-01
2.769766124787542694e-01 2.796728170364960464e-01 2.778263128632677548e-01
2.769766124787542694e-01 2.796728170364960464e-01 2.778263128632677548e-01
2.734274221403411587e-01 2.762193498365214106e-01 2.743783090069441544e-01
2.734274221403411587e-01 2.762193498365214106e-01 2.743783090069441544e-01
2.698794665591136566e-01 2.727667975140707357e-01 2.709312596217557378e-01
2.698794665591136566e-01 2.727667975140707357e-01 2.709312596217557378e-01
2.663325926263329646e-01 2.693150051565992298e-01 2.674850110568881001e-01
2.663325926263329646e-01 2.693150051565992298e-01 2.674850110568881001e-01
2.627866441572778156e-01 2.658638147212226133e-01 2.640394065612297059e-01
2.627866441572778156e-01 2.658638147212226133e-01 2.640394065612297059e-01
2.592414617470719662e-01 2.624130648894098528e-01 2.605942861394305865e-01
2.592414617470719662e-01 2.624130648894098528e-01 2.605942861394305865e-01
2.556968826186277743e-01 2.589625909138297821e-01 2.571494864001735992e-01
2.556968826186277743e-01 2.589625909138297821e-01 2.571494864001735992e-01
2.521527404621868307e-01 2.555122244567901157e-01 2.537048403961322252e-01
2.521527404621868307e-01 2.555122244567901157e-01 2.537048403961322252e-01
2.486088652658370035e-01 2.520617934197033061e-01 2.502601774550199942e-01
2.486088652658370035e-01 2.520617934197033061e-01 2.502601774550199942e-01
2.450650831363886673e-01 2.486111217629253800e-01 2.468153230011209398e-01
2.450650831363886673e-01 2.486111217629253800e-01 2.468153230011209398e-01
2.415212161098808930e-01 2.451600293152907950e-01 2.433700983665948725e-01
2.415212161098808930e-01 2.451600293152907950e-01 2.433700983665948725e-01
2.379770819509705038e-01 2.417083315725878367e-01 2.399243205918327182e-01
2.379770819509705038e-01 2.417083315725878367e-01 2.399243205918327182e-01
2.344324939403783226e-01 2.382558394841598204e-01 2.364778022140490155e-01
2.344324939403783226e-01 2.382558394841598204e-01 2.364778022140490155e-01
2.308872606494783708e-01 2.348023592267494686e-01 2.330303510432280567e-01
2.308872606494783708e-01 2.348023592267494686e-01 2.330303510432280567e-01
2.273411857010370352e-01 2.313476919646206553e-01 2.295817699244754873e-01
2.273411857010370352e-01 2.313476919646206553e-01 2.295817699244754873e-01
2.237940675150589809e-01 2.278916335948928951e-01 2.261318564857262292e-01
2.237940675150589809e-01 2.278916335948928951e-01 2.261318564857262292e-01
2.202456990385118774e-01 2.244339744769559830e-01 2.226804028696669768e-01
2.202456990385118774e-01 2.244339744769559830e-01 2.226804028696669768e-01
2.166958674576759669e-01 2.209744991446881413e-01 2.192271954486228747e-01
2.166958674576759669e-01 2.209744991446881413e-01 2.192271954486228747e-01
2.131443538916913683e-01 2.175129860001111803e-01 2.157720145210572094e-01
2.131443538916913683e-01 2.175129860001111803e-01 2.157720145210572094e-01
2.095909330657394765e-01 2.140492069869623093e-01 2.123146339881624711e-01
2.095909330657394765e-01 2.140492069869623093e-01 2.123146339881624711e-01
2.060353729621570984e-01 2.105829272425271681e-01 2.088548210089133661e-01
2.060353729621570984e-01 2.105829272425271681e-01 2.088548210089133661e-01
2.024774344476055477e-01 2.071139047259089316e-01 2.053923356317730597e-01
2.024774344476055477e-01 2.071139047259089316e-01 2.053923356317730597e-01
1.989168708741889113e-01 2.036418898207199013e-01 2.019269304010481991e-01
1.989168708741889113e-01 2.036418898207199013e-01 2.019269304010481991e-01
1.953534276522596314e-01 2.001666249099787742e-01 1.984583499357051029e-01
1.953534276522596314e-01 2.001666249099787742e-01 1.984583499357051029e-01
1.917868417923426494e-01 1.966878439207695173e-01 1.949863304782194495e-01
1.917868417923426494e-01 1.966878439207695173e-01 1.949863304782194495e-01
1.882168414133697509e-01 1.932052718359442700e-01 1.915105994107637877e-01
1.882168414133697509e-01 1.932052718359442700e-01 1.915105994107637877e-01
1.846431452141013285e-01 1.897186241698751996e-01 1.880308747357727073e-01
1.846431452141013285e-01 1.897186241698751996e-01 1.880308747357727073e-01
1.810654619042333657e-01 1.862276064049192825e-01 1.845468645175637468e-01
1.810654619042333657e-01 1.862276064049192825e-01 1.845468645175637468e-01
1.774834895913293409e-01 1.827319133848872568e-01 1.810582662813552957e-01
1.774834895913293409e-01 1.827319133848872568e-01 1.810582662813552957e-01
1.738969151192377161e-01 1.792312286613922667e-01 1.775647663655766650e-01
1.738969151192377161e-01 1.792312286613922667e-01 1.775647663655766650e-01
1.703054133531266001e-01 1.757252237884694979e-01 1.740660392229095021e-01
1.703054133531266001e-01 1.757252237884694979e-01 1.740660392229095021e-01
1.667086464057241646e-01 1.722135575603062352e-01 1.705617466649438085e-01
1.667086464057241646e-01 1.722135575603062352e-01 1.705617466649438085e-01
1.631062627986283875e-01 1.686958751863199268e-01 1.670515370447271108e-01
1.631062627986283875e-01 1.686958751863199268e-01 1.670515370447271108e-01
1.594978965518194514e-01 1.651718073970882272e-01 1.635350443707791757e-01
1.594978965518194514e-01 1.651718073970882272e-01 1.635350443707791757e-01
1.558831661935848045e-01 1.616409694738366598e-01 1.600118873453217350e-01
1.558831661935848045e-01 1.616409694738366598e-01 1.600118873453217350e-01
1.522616736820770200e-01 1.581029601932556483e-01 1.564816683185788759e-01
1.522616736820770200e-01 1.581029601932556483e-01 1.564816683185788759e-01
1.486330032285093083e-01 1.545573606783394449e-01 1.529439721499042948e-01
1.486330032285093083e-01 1.545573606783394449e-01 1.529439721499042948e-01
1.449967200106497267e-01 1.510037331446966724e-01 1.493983649652812218e-01
1.449967200106497267e-01 1.510037331446966724e-01 1.493983649652812218e-01
1.413523687636571435e-01 1.474416195303554777e-01 1.458443927993093858e-01
1.413523687636571435e-01 1.474416195303554777e-01 1.458443927993093858e-01
1.376994722334268784e-01 1.438705399954104402e-01 1.422815801081313836e-01
1.376994722334268784e-01 1.438705399954104402e-01 1.422815801081313836e-01
1.340375294754923285e-01 1.402899912759110745e-01 1.387094281378355165e-01
1.340375294754923285e-01 1.402899912759110745e-01 1.387094281378355165e-01
1.303660139798542839e-01 1.366994448741412627e-01 1.351274131306084980e-01
1.303660139798542839e-01 1.366994448741412627e-01 1.351274131306084980e-01
1.266843715991937958e-01 1.330983450647426070e-01 1.315349843482599146e-01
1.266843715991937958e-01 1.330983450647426070e-01 1.315349843482599146e-01
1.229920182542474372e-01 1.294861066930331761e-01 1.279315618896485485e-01
1.229920182542474372e-01 1.294861066930331761e-01 1.279315618896485485e-01
1.192883373859089796e-01 1.258621127381488181e-01 1.243165342748464436e-01
1.192883373859089796e-01 1.258621127381488181e-01 1.243165342748464436e-01
1.155726771184840962e-01 1.222257116092492490e-01 1.206892557645164038e-01
1.155726771184840962e-01 1.222257116092492490e-01 1.206892557645164038e-01
1.118443470924238431e-01 1.185762141378080559e-01 1.170490433777918310e-01
1.118443470924238431e-01 1.185762141378080559e-01 1.170490433777918310e-01
1.081026149174670326e-01 1.149128902227392196e-01 1.133951735657340865e-01
1.081026149174670326e-01 1.149128902227392196e-01 1.133951735657340865e-01
1.043467021881787776e-01 1.112349650776073701e-01 1.097268784899598226e-01
1.043467021881787776e-01 1.112349650776073701e-01 1.097268784899598226e-01
1.005757799929304502e-01 1.075416150201098098e-01 1.060433418470550226e-01
1.005757799929304502e-01 1.075416150201098098e-01 1.060433418470550226e-01
9.678896383404610171e-02 1.038319627329967743e-01 1.023436941684142121e-01
9.678896383404610171e-02 1.038319627329967743e-01 1.023436941684142121e-01
9.298530786029383932e-02 1.001050719121991811e-01 9.862700751184393100e-02
9.298530786029383932e-02 1.001050719121991811e-01 9.862700751184393100e-02
8.916379829243831212e-02 9.635994120148255737e-02 9.489228944489289108e-02
8.916379829243831212e-02 9.635994120148255737e-02 9.489228944489289108e-02
8.532334589702825212e-02 9.259549729264049400e-02 9.113847619968751257e-02
8.532334589702825212e-02 9.259549729264049400e-02 9.113847619968751257e-02
8.146277733134395238e-02 8.881058704506826496e-02 8.736442485401468838e-02
8.146277733134395238e-02 8.881058704506826496e-02 8.736442485401468838e-02
7.758082514156780518e-02 8.500396844708185684e-02 8.356890436204839068e-02
7.758082514156780518e-02 8.500396844708185684e-02 8.356890436204839068e-02
7.367611614402803932e-02 8.117430020173861671e-02 7.975058521872907535e-02
7.367611614402803932e-02 8.117430020173861671e-02 7.975058521872907535e-02
6.974715785183613348e-02 7.732012966972059975e-02 7.590802749180228237e-02
6.974715785183613348e-02 7.732012966972059975e-02 7.590802749180228237e-02
6.579232252129355030e-02 7.343987883767243152e-02 7.203966689162213943e-02
6.579232252129355030e-02 7.343987883767243152e-02 7.203966689162213943e-02
6.180982827668432544e-02 6.953182789765992300e-02 6.814379846643979499e-02
6.180982827668432544e-02 6.953182789765992300e-02 6.814379846643979499e-02
5.779771661767579144e-02 6.559409591582787691e-02 6.421855740363868748e-02
5.779771661767579144e-02 6.559409591582787691e-02 6.421855740363868748e-02
5.375382540552055971e-02 6.162461792694771262e-02 6.026189627646189734e-02
5.375382540552055971e-02 6.162461792694771262e-02 6.026189627646189734e-02
4.967575613986186661e-02 5.762111760376536357e-02 5.627155788849187712e-02
4.967575613986186661e-02 5.762111760376536357e-02 5.627155788849187712e-02
4.556083394340382231e-02 5.358107439782391901e-02 5.224504261649322995e-02
4.556083394340382231e-02 5.358107439782391901e-02 5.224504261649322995e-02
4.140605811562349248e-02 4.950168370524694189e-02 4.817956880964750083e-02
4.140605811562349248e-02 4.950168370524694189e-02 4.817956880964750083e-02
3.721818303602270062e-02 4.537980813765155053e-02 4.407202433058727414e-02
3.721818303602270062e-02 4.537980813765155053e-02 4.407202433058727414e-02
3.320994265140661539e-02 4.121191731574488926e-02 3.991813786266548009e-02
3.320994265140661539e-02 4.121191731574488926e-02 3.991813786266548009e-02
2.942166319966678031e-02 3.700970379703737156e-02 3.577924832088565099e-02
2.942166319966678031e-02 3.700970379703737156e-02 3.577924832088565099e-02
2.585352601526827443e-02 3.298999366992505511e-02 3.185394774606085250e-02
2.585352601526827443e-02 3.298999366992505511e-02 3.185394774606085250e-02
2.250586948182308616e-02 2.918652636044815826e-02 2.814289907643691482e-02
2.250586948182308616e-02 2.918652636044815826e-02 2.814289907643691482e-02
1.937921182615594262e-02 2.560022784070790230e-02 2.464696815484121104e-02
1.937921182615594262e-02 2.560022784070790230e-02 2.464696815484121104e-02
1.647427956731876975e-02 2.223226628814138975e-02 2.136725624616569660e-02
1.647427956731876975e-02 2.223226628814138975e-02 2.136725624616569660e-02
1.379204360439914394e-02 1.908409438514865192e-02 1.830514114584804591e-02
1.379204360439914394e-02 1.908409438514865192e-02 1.830514114584804591e-02
1.133376587204483303e-02 1.615750371055990273e-02 1.546233007964512018e-02
1.133376587204483303e-02 1.615750371055990273e-02 1.546233007964512018e-02
9.101061032415310587e-03 1.345469613052705134e-02 1.284092920852192114e-02
9.101061032415310587e-03 1.345469613052705134e-02 1.284092920852192114e-02
7.095980292779884534e-03 1.097837981076046042e-02 1.044353723917363155e-02
7.095980292779884534e-03 1.097837981076046042e-02 1.044353723917363155e-02
5.321129139689751049e-03 8.731902183066658774e-03 8.273375330274187686e-03
5.321129139689751049e-03 8.731902183066658774e-03 8.273375330274187686e-03
3.779839780090762068e-03 6.719440840310299777e-03 6.334474154030320277e-03
3.779839780090762068e-03 6.719440840310299777e-03 6.334474154030320277e-03
2.476437770715976452e-03 4.946290303358564719e-03 4.631956192017258438e-03
2.476437770715976452e-03 4.946290303358564719e-03 4.631956192017258438e-03
1.416685490091905636e-03 3.419318955565697066e-03 3.172488878013386606e-03
1.416685490091905636e-03 3.419318955565697066e-03 3.172488878013386606e-03
6.086004008716137297e-04 2.147757856568710197e-03 1.965077107370220757e-03
6.086004008716137297e-04 2.147757856568710197e-03 1.965077107370220757e-03
6.422671441540337301e-05 1.144731018822115701e-03 1.022641980776170263e-03
6.422671441540337301e-05 1.144731018822115701e-03 1.022641980776170263e-03
0.000000000000000000e+00 4.308621563478476010e-04 3.660210766497224962e-04
0.000000000000000000e+00 4.308621563478476010e-04 3.660210766497224962e-04
0.000000000000000000e+00 6.987553732238483252e-05 8.661653711859256227e-05
0.000000000000000000e+00 6.987553732238483252e-05 8.661653711859256227e-05
