7.102117020279504755e-01 6.989716367102645211e-01 9.653425708732951138e-01
7.102117020279504755e-01 6.989716367102645211e-01 9.653425708732951138e-01
7.055174407847005780e-01 6.958989009747224008e-01 9.671154484458104328e-01
7.055174407847005780e-01 6.958989009747224008e-01 9.671154484458104328e-01
7.007822107777709197e-01 6.928408047112007973e-01 9.689354733811100795e-01
7.007822107777709197e-01 6.928408047112007973e-01 9.689354733811100795e-01
6.960024232079735640e-01 6.897987424098265263e-01 9.707997294725888571e-01
6.960024232079735640e-01 6.897987424098265263e-01 9.707997294725888571e-01
6.911742138636843835e-01 6.867743368566486817e-01 9.727044200664832774e-01
6.911742138636843835e-01 6.867743368566486817e-01 9.727044200664832774e-01
6.862934255391588412e-01 6.837694733949121195e-01 9.746447012864377646e-01
6.862934255391588412e-01 6.837694733949121195e-01 9.746447012864377646e-01
6.813555915435576260e-01 6.807863384346113378e-01 9.766144896876319814e-01
6.813555915435576260e-01 6.807863384346113378e-01 9.766144896876319814e-01
6.763559212783273322e-01 6.778274623389370923e-01 9.786062418601071400e-01
6.763559212783273322e-01 6.778274623389370923e-01 9.786062418601071400e-01
6.712793886012499156e-01 6.748959196886754608e-01 9.806341464833137067e-01
6.712793886012499156e-01 6.748959196886754608e-01 9.806341464833137067e-01
6.661253980513393014e-01 6.719952697644959727e-01 9.826730609751240797e-01
6.661253980513393014e-01 6.719952697644959727e-01 9.826730609751240797e-01
6.608906422772964362e-01 6.691294831784242447e-01 9.847023482192125421e-01
6.608906422772964362e-01 6.691294831784242447e-01 9.847023482192125421e-01
6.555522592253822944e-01 6.663039696850419080e-01 9.867393346290063150e-01
6.555522592253822944e-01 6.663039696850419080e-01 9.867393346290063150e-01
6.501135561926683071e-01 6.635239720387472451e-01 9.887390575387602354e-01
6.501135561926683071e-01 6.635239720387472451e-01 9.887390575387602354e-01
6.445523948820572890e-01 6.607969540849037982e-01 9.907033191993768195e-01
6.445523948820572890e-01 6.607969540849037982e-01 9.907033191993768195e-01
6.388689502452821189e-01 6.581299767622885710e-01 9.925836463910333585e-01
6.388689502452821189e-01 6.581299767622885710e-01 9.925836463910333585e-01
6.330320497438265415e-01 6.555340795835171708e-01 9.943796102168547257e-01
6.330320497438265415e-01 6.555340795835171708e-01 9.943796102168547257e-01
6.270415872167028892e-01 6.530188450321582350e-01 9.960276787642083907e-01
6.270415872167028892e-01 6.530188450321582350e-01 9.960276787642083907e-01
6.208828967769346452e-01 6.505965643111287777e-01 9.974812660844531997e-01
6.208828967769346452e-01 6.505965643111287777e-01 9.974812660844531997e-01
6.145441699026357174e-01 6.482806324584011737e-01 9.986803163695467944e-01
6.145441699026357174e-01 6.482806324584011737e-01 9.986803163695467944e-01
6.080203281072698029e-01 6.460844950322517377e-01 9.995493787186754409e-01
6.080203281072698029e-01 6.460844950322517377e-01 9.995493787186754409e-01
6.013166522205555253e-01 6.440200144266395865e-01 1.000000000000000000e+00
6.013166522205555253e-01 6.440200144266395865e-01 1.000000000000000000e+00
5.944521140908777257e-01 6.420952499584029471e-01 9.999374983322685262e-01
5.944521140908777257e-01 6.420952499584029471e-01 9.999374983322685262e-01
5.874605915344124352e-01 6.403122057108013854e-01 9.992726272016153599e-01
5.874605915344124352e-01 6.403122057108013854e-01 9.992726272016153599e-01
5.803910554717248704e-01 6.386646919368906827e-01 9.979348311884944644e-01
5.803910554717248704e-01 6.386646919368906827e-01 9.979348311884944644e-01
5.733081136247096810e-01 6.371362009740416665e-01 9.958849159977802845e-01
5.733081136247096810e-01 6.371362009740416665e-01 9.958849159977802845e-01
5.662717832711360311e-01 6.357051701960587664e-01 9.931264583822383418e-01
5.662717832711360311e-01 6.357051701960587664e-01 9.931264583822383418e-01
5.593414212195223501e-01 6.343445909558462770e-01 9.897001017935272982e-01
5.593414212195223501e-01 6.343445909558462770e-01 9.897001017935272982e-01
5.525528011350707702e-01 6.330316361067057640e-01 9.856723874870472191e-01
5.525528011350707702e-01 6.330316361067057640e-01 9.856723874870472191e-01
5.459310044748321156e-01 6.317455098570271543e-01 9.811212557200111872e-01
5.459310044748321156e-01 6.317455098570271543e-01 9.811212557200111872e-01
5.394888484842221832e-01 6.304695531243836859e-01 9.761259000425492882e-01
5.394888484842221832e-01 6.304695531243836859e-01 9.761259000425492882e-01
5.332295449576618385e-01 6.291913933556386729e-01 9.707597333244026849e-01
5.332295449576618385e-01 6.291913933556386729e-01 9.707597333244026849e-01
5.271496405916310524e-01 6.279024502733278057e-01 9.650868439862377857e-01
5.271496405916310524e-01 6.279024502733278057e-01 9.650868439862377857e-01
5.212416016434490151e-01 6.265971672417471883e-01 9.591610364639745478e-01
5.212416016434490151e-01 6.265971672417471883e-01 9.591610364639745478e-01
5.154966404877406871e-01 6.252718030338608735e-01 9.530273456987256031e-01
5.154966404877406871e-01 6.252718030338608735e-01 9.530273456987256031e-01
5.099142731486935309e-01 6.239195413691208669e-01 9.467337411845803130e-01
5.099142731486935309e-01 6.239195413691208669e-01 9.467337411845803130e-01
5.044744987948572845e-01 6.225442468043209665e-01 9.402997395853003315e-01
5.044744987948572845e-01 6.225442468043209665e-01 9.402997395853003315e-01
4.991725119117232934e-01 6.211431826312178162e-01 9.337558707761898225e-01
4.991725119117232934e-01 6.211431826312178162e-01 9.337558707761898225e-01
4.940031740331630172e-01 6.197143605543944389e-01 9.271287029075717667e-01
4.940031740331630172e-01 6.197143605543944389e-01 9.271287029075717667e-01
4.889534944734491573e-01 6.182606971242525784e-01 9.204286675401284201e-01
4.889534944734491573e-01 6.182606971242525784e-01 9.204286675401284201e-01
4.840214034027579548e-01 6.167797190543035102e-01 9.136790733631290351e-01
4.840214034027579548e-01 6.167797190543035102e-01 9.136790733631290351e-01
4.791981109169894948e-01 6.152731230898255133e-01 9.068894271733206613e-01
4.791981109169894948e-01 6.152731230898255133e-01 9.068894271733206613e-01
4.744744675096603803e-01 6.137433603389013115e-01 9.000645596966209139e-01
4.744744675096603803e-01 6.137433603389013115e-01 9.000645596966209139e-01
4.698541907320460953e-01 6.121855823872880409e-01 8.932319235365849819e-01
4.698541907320460953e-01 6.121855823872880409e-01 8.932319235365849819e-01
4.653237329612893158e-01 6.106055147648835613e-01 8.863830726775988600e-01
4.653237329612893158e-01 6.106055147648835613e-01 8.863830726775988600e-01
4.608793698528703131e-01 6.090033603316855615e-01 8.795263266627330045e-01
4.608793698528703131e-01 6.090033603316855615e-01 8.795263266627330045e-01
4.565206564783871324e-01 6.073774026258785819e-01 8.726764586154777126e-01
4.565206564783871324e-01 6.073774026258785819e-01 8.726764586154777126e-01
4.522422322613299239e-01 6.057291709328532781e-01 8.658360782481094864e-01
4.522422322613299239e-01 6.057291709328532781e-01 8.658360782481094864e-01
4.480385659556338496e-01 6.040605564769974123e-01 8.590053700937215764e-01
4.480385659556338496e-01 6.040605564769974123e-01 8.590053700937215764e-01
4.439065300236165745e-01 6.023720619194521397e-01 8.521890182278508696e-01
4.439065300236165745e-01 6.023720619194521397e-01 8.521890182278508696e-01
4.398431125420215193e-01 6.006642331103178023e-01 8.453910801308858192e-01
4.398431125420215193e-01 6.006642331103178023e-01 8.453910801308858192e-01
4.358455569393645535e-01 5.989375471720017607e-01 8.386154864379163909e-01
4.358455569393645535e-01 5.989375471720017607e-01 8.386154864379163909e-01
4.319126256092012395e-01 5.971914806393395780e-01 8.318701028505864903e-01
4.319126256092012395e-01 5.971914806393395780e-01 8.318701028505864903e-01
4.280394940934573178e-01 5.954281516505283145e-01 8.251513059379098625e-01
4.280394940934573178e-01 5.954281516505283145e-01 8.251513059379098625e-01
4.242236429950529408e-01 5.936481536929155700e-01 8.184613966282207054e-01
4.242236429950529408e-01 5.936481536929155700e-01 8.184613966282207054e-01
4.204626422552256160e-01 5.918520860032641107e-01 8.118023580993608546e-01
4.204626422552256160e-01 5.918520860032641107e-01 8.118023580993608546e-01
4.167541464260176021e-01 5.900405495425264935e-01 8.051758943593736451e-01
4.167541464260176021e-01 5.900405495425264935e-01 8.051758943593736451e-01
4.130958898617660968e-01 5.882141437699822673e-01 7.985834639666398171e-01
4.130958898617660968e-01 5.882141437699822673e-01 7.985834639666398171e-01
4.094856819071035492e-01 5.863734640860400749e-01 7.920263094856054842e-01
4.094856819071035492e-01 5.863734640860400749e-01 7.920263094856054842e-01
4.059214021421582719e-01 5.845190998323464004e-01 7.855054832040865298e-01
4.059214021421582719e-01 5.845190998323464004e-01 7.855054832040865298e-01
4.024009957318348540e-01 5.826516327545876450e-01 7.790218695750567024e-01
4.024009957318348540e-01 5.826516327545876450e-01 7.790218695750567024e-01
3.989224689149398206e-01 5.807716358477003071e-01 7.725762047896163054e-01
3.989224689149398206e-01 5.807716358477003071e-01 7.725762047896163054e-01
3.954838846597401036e-01 5.788796725155457290e-01 7.661690938378121762e-01
3.954838846597401036e-01 5.788796725155457290e-01 7.661690938378121762e-01
3.920833585053603576e-01 5.769762959875881503e-01 7.598010253699187810e-01
3.920833585053603576e-01 5.769762959875881503e-01 7.598010253699187810e-01
3.887190546025085514e-01 5.750620489440734229e-01 7.534723846318004403e-01
3.887190546025085514e-01 5.750620489440734229e-01 7.534723846318004403e-01
3.853891819624783444e-01 5.731374633088059944e-01 7.471834647138378971e-01
3.853891819624783444e-01 5.731374633088059944e-01 7.471834647138378971e-01
3.820919909197515452e-01 5.712030601750546221e-01 7.409344763229203101e-01
3.820919909197515452e-01 5.712030601750546221e-01 7.409344763229203101e-01
3.788257698107582172e-01 5.692593498355787984e-01 7.347255562607946100e-01
3.788257698107582172e-01 5.692593498355787984e-01 7.347255562607946100e-01
3.755888418691439301e-01 5.673068318923849551e-01 7.285567747691548135e-01
3.755888418691439301e-01 5.673068318923849551e-01 7.285567747691548135e-01
3.723795623364806184e-01 5.653459954256720987e-01 7.224281418818777611e-01
3.723795623364806184e-01 5.653459954256720987e-01 7.224281418818777611e-01
3.691967076489278687e-01 5.633769296074305766e-01 7.163418544003100630e-01
3.691967076489278687e-01 5.633769296074305766e-01 7.163418544003100630e-01
3.660384586858883571e-01 5.614003189773240088e-01 7.102966420082637011e-01
3.660384586858883571e-01 5.614003189773240088e-01 7.102966420082637011e-01
3.629030689079267846e-01 5.594168034686393121e-01 7.042913304979703248e-01
3.629030689079267846e-01 5.594168034686393121e-01 7.042913304979703248e-01
3.597889957429951657e-01 5.574268361046579301e-01 6.983257096688775256e-01
3.597889957429951657e-01 5.574268361046579301e-01 6.983257096688775256e-01
3.566947181262691835e-01 5.554308600534069162e-01 6.923995319631456313e-01
3.566947181262691835e-01 5.554308600534069162e-01 6.923995319631456313e-01
3.536187346961989220e-01 5.534293089332524840e-01 6.865125148680042422e-01
3.536187346961989220e-01 5.534293089332524840e-01 6.865125148680042422e-01
3.505595621900942094e-01 5.514226070977541472e-01 6.806643429280955226e-01
3.505595621900942094e-01 5.514226070977541472e-01 6.806643429280955226e-01
3.475157340343129064e-01 5.494111698949581957e-01 6.748546694197676832e-01
3.475157340343129064e-01 5.494111698949581957e-01 6.748546694197676832e-01
3.444860605006890286e-01 5.473951230380419419e-01 6.690848721763105189e-01
3.444860605006890286e-01 5.473951230380419419e-01 6.690848721763105189e-01
3.414691631442802189e-01 5.453747997442754958e-01 6.633549958626133725e-01
3.414691631442802189e-01 5.453747997442754958e-01 6.633549958626133725e-01
3.384632701198854732e-01 5.433509666734746002e-01 6.576622613636786685e-01
3.384632701198854732e-01 5.433509666734746002e-01 6.576622613636786685e-01
3.354669743114273572e-01 5.413240056164931868e-01 6.520061950774448389e-01
3.354669743114273572e-01 5.413240056164931868e-01 6.520061950774448389e-01
3.324788809609201534e-01 5.392942899792674272e-01 6.463862982894684750e-01
3.324788809609201534e-01 5.392942899792674272e-01 6.463862982894684750e-01
3.294976072505103049e-01 5.372621848627856522e-01 6.408020475244781133e-01
3.294976072505103049e-01 5.372621848627856522e-01 6.408020475244781133e-01
3.265219389268280148e-01 5.352278813779391964e-01 6.352539718716538886e-01
3.265219389268280148e-01 5.352278813779391964e-01 6.352539718716538886e-01
3.235507794207775345e-01 5.331914584297229309e-01 6.297432748566725857e-01
3.235507794207775345e-01 5.331914584297229309e-01 6.297432748566725857e-01
3.205823394958760564e-01 5.311537295160275729e-01 6.242662902968660887e-01
3.205823394958760564e-01 5.311537295160275729e-01 6.242662902968660887e-01
3.176152860983210702e-01 5.291150260301905606e-01 6.188223912258993265e-01
3.176152860983210702e-01 5.291150260301905606e-01 6.188223912258993265e-01
3.146482980220884351e-01 5.270756707953351272e-01 6.134109275223006419e-01
3.146482980220884351e-01 5.270756707953351272e-01 6.134109275223006419e-01
3.116800663749507150e-01 5.250359779042913511e-01 6.080312258952031979e-01
3.116800663749507150e-01 5.250359779042913511e-01 6.080312258952031979e-01
3.087098412947416048e-01 5.229957280185285606e-01 6.026860665266893236e-01
3.087098412947416048e-01 5.229957280185285606e-01 6.026860665266893236e-01
3.057358187839255281e-01 5.209557422128632265e-01 5.973712589941065909e-01
3.057358187839255281e-01 5.209557422128632265e-01 5.973712589941065909e-01
3.027566921473598960e-01 5.189163459460673922e-01 5.920857966982100429e-01
3.027566921473598960e-01 5.189163459460673922e-01 5.920857966982100429e-01
2.997712098389546109e-01 5.168778154625528476e-01 5.868289120366430023e-01
2.997712098389546109e-01 5.168778154625528476e-01 5.868289120366430023e-01
2.967781801236888395e-01 5.148403788081692412e-01 5.816000686964110100e-01
2.967781801236888395e-01 5.148403788081692412e-01 5.816000686964110100e-01
2.937768925007056553e-01 5.128038655834253889e-01 5.764012853625062327e-01
2.937768925007056553e-01 5.128038655834253889e-01 5.764012853625062327e-01
2.907655801630487091e-01 5.107690260162007778e-01 5.712283661464445661e-01
2.907655801630487091e-01 5.107690260162007778e-01 5.712283661464445661e-01
2.877430615438723027e-01 5.087360934278948310e-01 5.660804555915966985e-01
2.877430615438723027e-01 5.087360934278948310e-01 5.660804555915966985e-01
2.847081753781424140e-01 5.067052895509552846e-01 5.609566775281856765e-01
2.847081753781424140e-01 5.067052895509552846e-01 5.609566775281856765e-01
2.816601000045509395e-01 5.046765859599551263e-01 5.558577081197656478e-01
2.816601000045509395e-01 5.046765859599551263e-01 5.558577081197656478e-01
2.785976797598497257e-01 5.026502304396744947e-01 5.507822871800662767e-01
2.785976797598497257e-01 5.026502304396744947e-01 5.507822871800662767e-01
2.755195230566065967e-01 5.006266364437675920e-01 5.457279621976879325e-01
2.755195230566065967e-01 5.006266364437675920e-01 5.457279621976879325e-01
2.724245608262346185e-01 4.986059745227694462e-01 5.406937814828183253e-01
2.724245608262346185e-01 4.986059745227694462e-01 5.406937814828183253e-01
2.693118625470400374e-01 4.965883277005943564e-01 5.356792577401274791e-01
2.693118625470400374e-01 4.965883277005943564e-01 5.356792577401274791e-01
2.661807883079853054e-01 4.945736060778401777e-01 5.306849155116393213e-01
2.661807883079853054e-01 4.945736060778401777e-01 5.306849155116393213e-01
2.630298372912771576e-01 4.925622862166013638e-01 5.257074684696717570e-01
2.630298372912771576e-01 4.925622862166013638e-01 5.257074684696717570e-01
2.598580517763428577e-01 4.905544803065802206e-01 5.207459056603469527e-01
2.598580517763428577e-01 4.905544803065802206e-01 5.207459056603469527e-01
2.566645063046520958e-01 4.885502847655665559e-01 5.157992045273060988e-01
2.566645063046520958e-01 4.885502847655665559e-01 5.157992045273060988e-01
2.534488801911994327e-01 4.865494566679888222e-01 5.108684139103752964e-01
2.534488801911994327e-01 4.865494566679888222e-01 5.108684139103752964e-01
2.502096983840803590e-01 4.845524273325391151e-01 5.059501134582335968e-01
2.502096983840803590e-01 4.845524273325391151e-01 5.059501134582335968e-01
2.469461299835913337e-01 4.825592450241942277e-01 5.010432482907039020e-01
2.469461299835913337e-01 4.825592450241942277e-01 5.010432482907039020e-01
2.436573824153727974e-01 4.805699395910444927e-01 4.961467659018110599e-01
2.436573824153727974e-01 4.805699395910444927e-01 4.961467659018110599e-01
2.403431753400177562e-01 4.785842838793757381e-01 4.912611380415948248e-01
2.403431753400177562e-01 4.785842838793757381e-01 4.912611380415948248e-01
2.370022885599288587e-01 4.766025383250072633e-01 4.863836062576962216e-01
2.370022885599288587e-01 4.766025383250072633e-01 4.863836062576962216e-01
2.336339924411648394e-01 4.746247014976779366e-01 4.815129764482494190e-01
2.336339924411648394e-01 4.746247014976779366e-01 4.815129764482494190e-01
2.302376375863227354e-01 4.726507321523094607e-01 4.766481955761647793e-01
2.302376375863227354e-01 4.726507321523094607e-01 4.766481955761647793e-01
2.268129998345776721e-01 4.706803954945656954e-01 4.717893285166586681e-01
2.268129998345776721e-01 4.706803954945656954e-01 4.717893285166586681e-01
2.233590585905298465e-01 4.687138249542671664e-01 4.669339926230793303e-01
2.233590585905298465e-01 4.687138249542671664e-01 4.669339926230793303e-01
2.198752391527158401e-01 4.667509394462684424e-01 4.620810619499709504e-01
2.198752391527158401e-01 4.667509394462684424e-01 4.620810619499709504e-01
2.163610364309335732e-01 4.647916248434669773e-01 4.572295153743307639e-01
2.163610364309335732e-01 4.647916248434669773e-01 4.572295153743307639e-01
2.128162520809716296e-01 4.628356378248772995e-01 4.523790525779886607e-01
2.128162520809716296e-01 4.628356378248772995e-01 4.523790525779886607e-01
2.092400678502844835e-01 4.608829912669430429e-01 4.475276443574739416e-01
2.092400678502844835e-01 4.608829912669430429e-01 4.475276443574739416e-01
2.056320762463946517e-01 4.589335181057041524e-01 4.426743086513372227e-01
2.056320762463946517e-01 4.589335181057041524e-01 4.426743086513372227e-01
2.019919197864291083e-01 4.569870275011186922e-01 4.378181227629966421e-01
2.019919197864291083e-01 4.569870275011186922e-01 4.378181227629966421e-01
1.983193075625839519e-01 4.550432989543897744e-01 4.329582666001641211e-01
1.983193075625839519e-01 4.550432989543897744e-01 4.329582666001641211e-01
1.946137257509289453e-01 4.531021904823512303e-01 4.280933272155215685e-01
1.946137257509289453e-01 4.531021904823512303e-01 4.280933272155215685e-01
1.908748861802362085e-01 4.511634661013165792e-01 4.232224131073164530e-01
1.908748861802362085e-01 4.511634661013165792e-01 4.232224131073164530e-01
1.871025138588464642e-01 4.492268786340348763e-01 4.183446279003154578e-01
1.871025138588464642e-01 4.492268786340348763e-01 4.183446279003154578e-01
1.832962352132151695e-01 4.472922080141973900e-01 4.134588204793343547e-01
1.832962352132151695e-01 4.472922080141973900e-01 4.134588204793343547e-01
1.794558193142670177e-01 4.453591741931910430e-01 4.085641605625736639e-01
1.794558193142670177e-01 4.453591741931910430e-01 4.085641605625736639e-01
1.755810613969424894e-01 4.434274800171318920e-01 4.036598662793239867e-01
1.755810613969424894e-01 4.434274800171318920e-01 4.036598662793239867e-01
1.716716732811214841e-01 4.414968473927349257e-01 3.987449639846393779e-01
1.716716732811214841e-01 4.414968473927349257e-01 3.987449639846393779e-01
1.677272412350483133e-01 4.395670279239752842e-01 3.938182079408736880e-01
1.677272412350483133e-01 4.395670279239752842e-01 3.938182079408736880e-01
1.637477511761106230e-01 4.376376299705374007e-01 3.888792740913818435e-01
1.637477511761106230e-01 4.376376299705374007e-01 3.888792740913818435e-01
1.597330321055078495e-01 4.357083045160103363e-01 3.839275051048757770e-01
1.597330321055078495e-01 4.357083045160103363e-01 3.839275051048757770e-01
1.556826820570801073e-01 4.337787635988706869e-01 3.789617604703880982e-01
1.556826820570801073e-01 4.337787635988706869e-01 3.789617604703880982e-01
1.515962729427427769e-01 4.318487114562034046e-01 3.739808847205765008e-01
1.515962729427427769e-01 4.318487114562034046e-01 3.739808847205765008e-01
1.474739170069031546e-01 4.299176709704139454e-01 3.689849927107131666e-01
1.474739170069031546e-01 4.299176709704139454e-01 3.689849927107131666e-01
1.433154087621298367e-01 4.279852518568631470e-01 3.639735557196628335e-01
1.433154087621298367e-01 4.279852518568631470e-01 3.639735557196628335e-01
1.391201565681284280e-01 4.260511642317909020e-01 3.589452442667059873e-01
1.391201565681284280e-01 4.260511642317909020e-01 3.589452442667059873e-01
1.348876651753751765e-01 4.241150694456736758e-01 3.538990206199497668e-01
1.348876651753751765e-01 4.241150694456736758e-01 3.538990206199497668e-01
1.306180763549907031e-01 4.221764225061555575e-01 3.488354289613888048e-01
1.306180763549907031e-01 4.221764225061555575e-01 3.488354289613888048e-01
1.263110554396505991e-01 4.202348026360814837e-01 3.437540613577808601e-01
1.263110554396505991e-01 4.202348026360814837e-01 3.437540613577808601e-01
1.219657935588892850e-01 4.182899057943167964e-01 3.386535153060271086e-01
1.219657935588892850e-01 4.182899057943167964e-01 3.386535153060271086e-01
1.175815293902580522e-01 4.163413895089627670e-01 3.335326044757727648e-01
1.175815293902580522e-01 4.163413895089627670e-01 3.335326044757727648e-01
1.131583395665813896e-01 4.143886429922663539e-01 3.283924144999963435e-01
1.131583395665813896e-01 4.143886429922663539e-01 3.283924144999963435e-01
1.086956201746379080e-01 4.124312249099101879e-01 3.232326379478179246e-01
1.086956201746379080e-01 4.124312249099101879e-01 3.232326379478179246e-01
1.041923559830771617e-01 4.104687814153324399e-01 3.180521438331583850e-01
1.041923559830771617e-01 4.104687814153324399e-01 3.180521438331583850e-01
9.964713079954012898e-02 4.085010444014814945e-01 3.128488625811401969e-01
9.964713079954012898e-02 4.085010444014814945e-01 3.128488625811401969e-01
9.505983040732858547e-02 4.065273199865245823e-01 3.076247376471052952e-01
9.505983040732858547e-02 4.065273199865245823e-01 3.076247376471052952e-01
9.042934975498910510e-02 4.045471545453531159e-01 3.023795285867328375e-01
9.042934975498910510e-02 4.045471545453531159e-01 3.023795285867328375e-01
8.575438859141273906e-02 4.025600936322665802e-01 2.971130063850818681e-01
8.575438859141273906e-02 4.025600936322665802e-01 2.971130063850818681e-01
8.103238979192275981e-02 4.005660388055379828e-01 2.918209610322637371e-01
8.103238979192275981e-02 4.005660388055379828e-01 2.918209610322637371e-01
7.626268735890107120e-02 3.985641933926657998e-01 2.865066530196127559e-01
7.626268735890107120e-02 3.985641933926657998e-01 2.865066530196127559e-01
7.144324216721757714e-02 3.965540923921581640e-01 2.811699149201792869e-01
7.144324216721757714e-02 3.965540923921581640e-01 2.811699149201792869e-01
6.657161363110612740e-02 3.945352763355693404e-01 2.758105200357082176e-01
6.657161363110612740e-02 3.945352763355693404e-01 2.758105200357082176e-01
6.164463050149019546e-02 3.925074580630518173e-01 2.704259210458803686e-01
6.164463050149019546e-02 3.925074580630518173e-01 2.704259210458803686e-01
5.665912015914262301e-02 3.904701732692873462e-01 2.650155712865625568e-01
5.665912015914262301e-02 3.904701732692873462e-01 2.650155712865625568e-01
5.161135033611730094e-02 3.884227896887272324e-01 2.595813670588831834e-01
5.161135033611730094e-02 3.884227896887272324e-01 2.595813670588831834e-01
4.649635374202885918e-02 3.863648454422069500e-01 2.541230086250078068e-01
4.649635374202885918e-02 3.863648454422069500e-01 2.541230086250078068e-01
4.130799047437429955e-02 3.842958796270159461e-01 2.486401617538323283e-01
4.130799047437429955e-02 3.842958796270159461e-01 2.486401617538323283e-01
3.603945521956491288e-02 3.822156356344501571e-01 2.431286908245444134e-01
3.603945521956491288e-02 3.822156356344501571e-01 2.431286908245444134e-01
3.067427129427949262e-02 3.801235088447461052e-01 2.375901370466085849e-01
3.067427129427949262e-02 3.801235088447461052e-01 2.375901370466085849e-01
2.547670824856411442e-02 3.780189535308197679e-01 2.320254122897633664e-01
2.547670824856411442e-02 3.780189535308197679e-01 2.320254122897633664e-01
2.073795285287292900e-02 3.759015056189648485e-01 2.264339621101938149e-01
2.073795285287292900e-02 3.759015056189648485e-01 2.264339621101938149e-01
1.645855432566061677e-02 3.737707011949484848e-01 2.208151476957077863e-01
1.645855432566061677e-02 3.737707011949484848e-01 2.208151476957077863e-01
1.264063293320554990e-02 3.716261609138702959e-01 2.151656421402506625e-01
1.264063293320554990e-02 3.716261609138702959e-01 2.151656421402506625e-01
9.285384024769837916e-03 3.694674032274790076e-01 2.094839820286413523e-01
9.285384024769837916e-03 3.694674032274790076e-01 2.094839820286413523e-01
6.390862587215152997e-03 3.672938501602069361e-01 2.037720824956060217e-01
6.390862587215152997e-03 3.672938501602069361e-01 2.037720824956060217e-01
3.956679512136993676e-03 3.651050293294917926e-01 1.980288206338979007e-01
3.956679512136993676e-03 3.651050293294917926e-01 1.980288206338979007e-01
1.982222873133425434e-03 3.629004663787823715e-01 1.922528951591474522e-01
1.982222873133425434e-03 3.629004663787823715e-01 1.922528951591474522e-01
4.666718059228094906e-04 3.606796843402639841e-01 1.864427971668032313e-01
4.666718059228094906e-04 3.606796843402639841e-01 1.864427971668032313e-01
0.000000000000000000e+00 3.584422140694702441e-01 1.805948777326022436e-01
0.000000000000000000e+00 3.584422140694702441e-01 1.805948777326022436e-01
0.000000000000000000e+00 3.561875476159153120e-01 1.747052618549697900e-01
0.000000000000000000e+00 3.561875476159153120e-01 1.747052618549697900e-01
0.000000000000000000e+00 3.539151561116543054e-01 1.687751865509096449e-01
0.000000000000000000e+00 3.539151561116543054e-01 1.687751865509096449e-01
0.000000000000000000e+00 3.516245428422939967e-01 1.628019287185182851e-01
0.000000000000000000e+00 3.516245428422939967e-01 1.628019287185182851e-01
0.000000000000000000e+00 3.493152052532481067e-01 1.567823057153183430e-01
0.000000000000000000e+00 3.493152052532481067e-01 1.567823057153183430e-01
9.914854415032684724e-04 3.469866341478126670e-01 1.507125873175957920e-01
9.914854415032684724e-04 3.469866341478126670e-01 1.507125873175957920e-01
2.662778720419455621e-03 3.446383128939920493e-01 1.445883863732019825e-01
2.662778720419455621e-03 3.446383128939920493e-01 1.445883863732019825e-01
4.781089266112598622e-03 3.422697166656684109e-01 1.384045214683517766e-01
4.781089266112598622e-03 3.422697166656684109e-01 1.384045214683517766e-01
7.344095938197115619e-03 3.398803117504668458e-01 1.321548423449135923e-01
7.344095938197115619e-03 3.398803117504668458e-01 1.321548423449135923e-01
1.035572278067509698e-02 3.374694351014814742e-01 1.258285799724611076e-01
1.035572278067509698e-02 3.374694351014814742e-01 1.258285799724611076e-01
1.380820090228036812e-02 3.350366061006517238e-01 1.194198743015156411e-01
1.380820090228036812e-02 3.350366061006517238e-01 1.194198743015156411e-01
1.769736854567532242e-02 3.325812874137147879e-01 1.129187124266475412e-01
1.769736854567532242e-02 3.325812874137147879e-01 1.129187124266475412e-01
2.202001505887304228e-02 3.301029131852924459e-01 1.063120297711380030e-01
2.202001505887304228e-02 3.301029131852924459e-01 1.063120297711380030e-01
2.677268043993614663e-02 3.276009092991782889e-01 9.958362725817915262e-02
2.677268043993614663e-02 3.276009092991782889e-01 9.958362725817915262e-02
3.193896666591108241e-02 3.250746943097472252e-01 9.271314016963859428e-02
3.193896666591108241e-02 3.250746943097472252e-01 9.271314016963859428e-02
3.713265600394421301e-02 3.225236809455584441e-01 8.567454073366377598e-02
3.713265600394421301e-02 3.225236809455584441e-01 8.567454073366377598e-02
4.223157973758752404e-02 3.199472783225696948e-01 7.843389293774161164e-02
4.223157973758752404e-02 3.199472783225696948e-01 7.843389293774161164e-02
4.724407315328857382e-02 3.173448950258099810e-01 7.094585485719978601e-02
4.724407315328857382e-02 3.173448950258099810e-01 7.094585485719978601e-02
5.217654546137593524e-02 3.147159432404835755e-01 6.314796934858073196e-02
5.217654546137593524e-02 3.147159432404835755e-01 6.314796934858073196e-02
5.703391152586028551e-02 3.120598441349695107e-01 5.495078426651641562e-02
5.703391152586028551e-02 3.120598441349695107e-01 5.495078426651641562e-02
6.181987526507135705e-02 3.093760347172504477e-01 4.621941783534866399e-02
6.181987526507135705e-02 3.093760347172504477e-01 4.621941783534866399e-02
6.653711709924114981e-02 3.066639764003249446e-01 3.673548998470783228e-02
6.653711709924114981e-02 3.066639764003249446e-01 3.673548998470783228e-02
7.118741708287819325e-02 3.039231655175629876e-01 2.628084546108768599e-02
7.118741708287819325e-02 3.039231655175629876e-01 2.628084546108768599e-02
7.577173373198436979e-02 3.011531460211611111e-01 1.615906614178724485e-02
7.577173373198436979e-02 3.011531460211611111e-01 1.615906614178724485e-02
8.029025185035246204e-02 2.983535245700666971e-01 6.727193780263651668e-03
8.029025185035246204e-02 2.983535245700666971e-01 6.727193780263651668e-03
8.474597725525245817e-02 2.955236838791142073e-01 0.000000000000000000e+00
8.474597725525245817e-02 2.955236838791142073e-01 0.000000000000000000e+00
8.913746210983844454e-02 2.926633553195421289e-01 0.000000000000000000e+00
8.913746210983844454e-02 2.926633553195421289e-01 0.000000000000000000e+00
9.345897157401546196e-02 2.897727436642898446e-01 0.000000000000000000e+00
9.345897157401546196e-02 2.897727436642898446e-01 0.000000000000000000e+00
9.770746296018796573e-02 2.868519396214396777e-01 0.000000000000000000e+00
9.770746296018796573e-02 2.868519396214396777e-01 0.000000000000000000e+00
1.018791374209856437e-01 2.839012204593468480e-01 0.000000000000000000e+00
1.018791374209856437e-01 2.839012204593468480e-01 0.000000000000000000e+00
1.059694544560448592e-01 2.809210786828628126e-01 0.000000000000000000e+00
1.059694544560448592e-01 2.809210786828628126e-01 0.000000000000000000e+00
1.099731606579446713e-01 2.779122501271034662e-01 0.000000000000000000e+00
1.099731606579446713e-01 2.779122501271034662e-01 0.000000000000000000e+00
1.138873233163466558e-01 2.748753369690179471e-01 0.000000000000000000e+00
1.138873233163466558e-01 2.748753369690179471e-01 0.000000000000000000e+00
1.177028496075223640e-01 2.718119339097838094e-01 0.000000000000000000e+00
1.177028496075223640e-01 2.718119339097838094e-01 0.000000000000000000e+00
1.214099408260782276e-01 2.687240530776866532e-01 0.000000000000000000e+00
1.214099408260782276e-01 2.687240530776866532e-01 0.000000000000000000e+00
1.250010257046581530e-01 2.656136977474858885e-01 0.000000000000000000e+00
1.250010257046581530e-01 2.656136977474858885e-01 0.000000000000000000e+00
1.284684010064117421e-01 2.624831754410321683e-01 0.000000000000000000e+00
1.284684010064117421e-01 2.624831754410321683e-01 0.000000000000000000e+00
1.318032420801834304e-01 2.593352831355915100e-01 0.000000000000000000e+00
1.318032420801834304e-01 2.593352831355915100e-01 0.000000000000000000e+00
1.349962499919351577e-01 2.561732407298054071e-01 0.000000000000000000e+00
1.349962499919351577e-01 2.561732407298054071e-01 0.000000000000000000e+00
1.380412884326041867e-01 2.530000181609007304e-01 0.000000000000000000e+00
1.380412884326041867e-01 2.530000181609007304e-01 0.000000000000000000e+00
1.409325265391370985e-01 2.498187773973367665e-01 0.000000000000000000e+00
1.409325265391370985e-01 2.498187773973367665e-01 0.000000000000000000e+00
1.436651226958803040e-01 2.466327169574562550e-01 0.000000000000000000e+00
1.436651226958803040e-01 2.466327169574562550e-01 0.000000000000000000e+00
1.462353662715831226e-01 2.434449980800139635e-01 0.000000000000000000e+00
1.462353662715831226e-01 2.434449980800139635e-01 0.000000000000000000e+00
1.486341084968631210e-01 2.402601752980499383e-01 0.000000000000000000e+00
1.486341084968631210e-01 2.402601752980499383e-01 0.000000000000000000e+00
1.508659674858485455e-01 2.370799300698863132e-01 0.000000000000000000e+00
1.508659674858485455e-01 2.370799300698863132e-01 0.000000000000000000e+00
1.529322104141701555e-01 2.339066351727359105e-01 0.000000000000000000e+00
1.529322104141701555e-01 2.339066351727359105e-01 0.000000000000000000e+00
1.548346019902555881e-01 2.307425276317737195e-01 0.000000000000000000e+00
1.548346019902555881e-01 2.307425276317737195e-01 0.000000000000000000e+00
1.565759795548789524e-01 2.275895361706647135e-01 0.000000000000000000e+00
1.565759795548789524e-01 2.275895361706647135e-01 0.000000000000000000e+00
1.581601194305542191e-01 2.244492700856960954e-01 0.000000000000000000e+00
1.581601194305542191e-01 2.244492700856960954e-01 0.000000000000000000e+00
1.595915872316166217e-01 2.213230201812724229e-01 0.000000000000000000e+00
1.595915872316166217e-01 2.213230201812724229e-01 0.000000000000000000e+00
1.608755814893159664e-01 2.182117699649551434e-01 0.000000000000000000e+00
1.608755814893159664e-01 2.182117699649551434e-01 0.000000000000000000e+00
1.620177787689033311e-01 2.151162149308755711e-01 0.000000000000000000e+00
1.620177787689033311e-01 2.151162149308755711e-01 0.000000000000000000e+00
1.630241868492083301e-01 2.120367876488677972e-01 0.000000000000000000e+00
1.630241868492083301e-01 2.120367876488677972e-01 0.000000000000000000e+00
1.639010107583578624e-01 2.089736864755637469e-01 0.000000000000000000e+00
1.639010107583578624e-01 2.089736864755637469e-01 0.000000000000000000e+00
1.646545347254657343e-01 2.059269059515009548e-01 0.000000000000000000e+00
1.646545347254657343e-01 2.059269059515009548e-01 0.000000000000000000e+00
1.652910215675203465e-01 2.028962672824097535e-01 0.000000000000000000e+00
1.652910215675203465e-01 2.028962672824097535e-01 0.000000000000000000e+00
1.658109911857126861e-01 1.998833048427376136e-01 0.000000000000000000e+00
1.658109911857126861e-01 1.998833048427376136e-01 0.000000000000000000e+00
1.662185544179630714e-01 1.968883397936155022e-01 0.000000000000000000e+00
1.662185544179630714e-01 1.968883397936155022e-01 0.000000000000000000e+00
1.665257628825970726e-01 1.939088453332767359e-01 0.000000000000000000e+00
1.665257628825970726e-01 1.939088453332767359e-01 0.000000000000000000e+00
1.667383234146759541e-01 1.909441775752157566e-01 0.000000000000000000e+00
1.667383234146759541e-01 1.909441775752157566e-01 0.000000000000000000e+00
1.668616576243700800e-01 1.879936372053401805e-01 0.000000000000000000e+00
1.668616576243700800e-01 1.879936372053401805e-01 0.000000000000000000e+00
1.668945898131417860e-01 1.850587958054975557e-01 0.000000000000000000e+00
1.668945898131417860e-01 1.850587958054975557e-01 0.000000000000000000e+00
1.668355097396038988e-01 1.821414342551223586e-01 0.000000000000000000e+00
1.668355097396038988e-01 1.821414342551223586e-01 0.000000000000000000e+00
1.667011363013295722e-01 1.792363979111050443e-01 0.000000000000000000e+00
1.667011363013295722e-01 1.792363979111050443e-01 0.000000000000000000e+00
1.664958229857720073e-01 1.763428588793720941e-01 0.000000000000000000e+00
1.664958229857720073e-01 1.763428588793720941e-01 0.000000000000000000e+00
1.662099046534653290e-01 1.734654273610038433e-01 0.000000000000000000e+00
1.662099046534653290e-01 1.734654273610038433e-01 0.000000000000000000e+00
1.658526581290472868e-01 1.706013620917923856e-01 0.000000000000000000e+00
1.658526581290472868e-01 1.706013620917923856e-01 0.000000000000000000e+00
1.654356954046990735e-01 1.677466982954383401e-01 0.000000000000000000e+00
1.654356954046990735e-01 1.677466982954383401e-01 0.000000000000000000e+00
1.649506930729007781e-01 1.649054788887006073e-01 0.000000000000000000e+00
1.649506930729007781e-01 1.649054788887006073e-01 0.000000000000000000e+00
1.644004727522130893e-01 1.620772553660075888e-01 0.000000000000000000e+00
1.644004727522130893e-01 1.620772553660075888e-01 0.000000000000000000e+00
1.637998888545965370e-01 1.592562907324798216e-01 0.000000000000000000e+00
1.637998888545965370e-01 1.592562907324798216e-01 0.000000000000000000e+00
1.631346357189511764e-01 1.564492641894470182e-01 0.000000000000000000e+00
1.631346357189511764e-01 1.564492641894470182e-01 0.000000000000000000e+00
1.624166562991758711e-01 1.536515240183984887e-01 0.000000000000000000e+00
1.624166562991758711e-01 1.536515240183984887e-01 0.000000000000000000e+00
1.616533780301814271e-01 1.508601245850090256e-01 0.000000000000000000e+00
1.616533780301814271e-01 1.508601245850090256e-01 0.000000000000000000e+00
1.608268388353504275e-01 1.480836632275480402e-01 0.000000000000000000e+00
1.608268388353504275e-01 1.480836632275480402e-01 0.000000000000000000e+00
1.599620575982914905e-01 1.453110464917597155e-01 0.000000000000000000e+00
1.599620575982914905e-01 1.453110464917597155e-01 0.000000000000000000e+00
1.590433068555897334e-01 1.425499217413143671e-01 0.000000000000000000e+00
1.590433068555897334e-01 1.425499217413143671e-01 0.000000000000000000e+00
1.580818427023584771e-01 1.397952989322818196e-01 0.000000000000000000e+00
1.580818427023584771e-01 1.397952989322818196e-01 0.000000000000000000e+00
1.570776441227330067e-01 1.370474136309538515e-01 0.000000000000000000e+00
1.570776441227330067e-01 1.370474136309538515e-01 0.000000000000000000e+00
1.560261009563071455e-01 1.343088060151442498e-01 0.000000000000000000e+00
1.560261009563071455e-01 1.343088060151442498e-01 0.000000000000000000e+00
1.549402232613812935e-01 1.315731748533235657e-01 0.000000000000000000e+00
1.549402232613812935e-01 1.315731748533235657e-01 0.000000000000000000e+00
1.538044590959215252e-01 1.288485999331559217e-01 0.000000000000000000e+00
1.538044590959215252e-01 1.288485999331559217e-01 0.000000000000000000e+00
1.526402755227040942e-01 1.261241779476239833e-01 0.000000000000000000e+00
1.526402755227040942e-01 1.261241779476239833e-01 0.000000000000000000e+00
1.514254520634725487e-01 1.234116543312641923e-01 0.000000000000000000e+00
1.514254520634725487e-01 1.234116543312641923e-01 0.000000000000000000e+00
1.501859537314174653e-01 1.206973410647797645e-01 0.000000000000000000e+00
1.501859537314174653e-01 1.206973410647797645e-01 0.000000000000000000e+00
