9.213507370187338230e-01 9.282455067431198970e-01 1.000000000000000000e+00
9.213507370187338230e-01 9.282455067431198970e-01 1.000000000000000000e+00
9.168663655718626293e-01 9.232874992540466286e-01 9.973266652538318455e-01
9.168663655718626293e-01 9.232874992540466286e-01 9.973266652538318455e-01
9.123899699970142718e-01 9.183490486844352318e-01 9.946698821064144935e-01
9.123899699970142718e-01 9.183490486844352318e-01 9.946698821064144935e-01
9.079214595092706119e-01 9.134300738900376082e-01 9.920288949185038785e-01
9.079214595092706119e-01 9.134300738900376082e-01 9.920288949185038785e-01
9.034625905653960176e-01 9.085273058246733369e-01 9.894244747776911320e-01
9.034625905653960176e-01 9.085273058246733369e-01 9.894244747776911320e-01
8.990161415526346511e-01 9.036350660452410199e-01 9.868946011067029067e-01
8.990161415526346511e-01 9.036350660452410199e-01 9.868946011067029067e-01
8.945765113032324578e-01 8.987622986326425645e-01 9.843784483705648736e-01
8.945765113032324578e-01 8.987622986326425645e-01 9.843784483705648736e-01
8.901435680338177781e-01 8.939089379979862082e-01 9.818753433394969976e-01
8.901435680338177781e-01 8.939089379979862082e-01 9.818753433394969976e-01
8.857210560699322333e-01 8.890668312843764687e-01 9.794411856282299045e-01
8.857210560699322333e-01 8.890668312843764687e-01 9.794411856282299045e-01
8.813062228243162544e-01 8.842402163524164527e-01 9.770466450576378303e-01
8.813062228243162544e-01 8.842402163524164527e-01 9.770466450576378303e-01
8.768968808353436728e-01 8.794330717537784947e-01 9.746631250794864920e-01
8.768968808353436728e-01 8.794330717537784947e-01 9.746631250794864920e-01
8.724938986196979496e-01 8.746427702052141928e-01 9.723085138152977036e-01
8.724938986196979496e-01 8.746427702052141928e-01 9.723085138152977036e-01
8.680993607460523176e-01 8.698624609191508705e-01 9.700322691365868000e-01
8.680993607460523176e-01 8.698624609191508705e-01 9.700322691365868000e-01
8.637090507286855345e-01 8.651017291007462306e-01 9.677650001583031347e-01
8.637090507286855345e-01 8.651017291007462306e-01 9.677650001583031347e-01
8.593228357376923032e-01 8.603605136410574783e-01 9.655061290334778779e-01
8.593228357376923032e-01 8.603605136410574783e-01 9.655061290334778779e-01
8.549433434777157226e-01 8.556282235607660658e-01 9.633344472929595836e-01
8.549433434777157226e-01 8.556282235607660658e-01 9.633344472929595836e-01
8.505671811825911144e-01 8.509142820238297933e-01 9.611798750423068416e-01
8.505671811825911144e-01 8.509142820238297933e-01 9.611798750423068416e-01
8.461938249732428030e-01 8.462199970064190335e-01 9.590316389971260680e-01
8.461938249732428030e-01 8.462199970064190335e-01 9.590316389971260680e-01
8.418243578791192450e-01 8.415372505960484473e-01 9.569521960864387777e-01
8.418243578791192450e-01 8.415372505960484473e-01 9.569521960864387777e-01
8.374571928282158462e-01 8.368706491668264080e-01 9.549064446975457088e-01
8.374571928282158462e-01 8.368706491668264080e-01 9.549064446975457088e-01
8.330915315110504205e-01 8.322238716458911778e-01 9.528649033984204486e-01
8.330915315110504205e-01 8.322238716458911778e-01 9.528649033984204486e-01
8.287274171185384786e-01 8.275898650688757741e-01 9.508839716654013952e-01
8.287274171185384786e-01 8.275898650688757741e-01 9.508839716654013952e-01
8.243638701626411214e-01 8.229713217856269303e-01 9.489427448305766122e-01
8.243638701626411214e-01 8.229713217856269303e-01 9.489427448305766122e-01
8.200005272741764939e-01 8.183727925998465214e-01 9.470035197291386542e-01
8.200005272741764939e-01 8.183727925998465214e-01 9.470035197291386542e-01
8.156363878003081158e-01 8.137870020558514161e-01 9.451272172623387258e-01
8.156363878003081158e-01 8.137870020558514161e-01 9.451272172623387258e-01
8.112708834181462381e-01 8.092174010904982229e-01 9.432857018574968277e-01
8.112708834181462381e-01 8.092174010904982229e-01 9.432857018574968277e-01
8.069043005328427887e-01 8.046680232194403093e-01 9.414438817546734173e-01
8.069043005328427887e-01 8.046680232194403093e-01 9.414438817546734173e-01
8.025340065881781948e-01 8.001302503738078054e-01 9.396779040221278079e-01
8.025340065881781948e-01 8.001302503738078054e-01 9.396779040221278079e-01
7.981608041515206864e-01 7.956106403239994185e-01 9.379306761489376587e-01
7.981608041515206864e-01 7.956106403239994185e-01 9.379306761489376587e-01
7.937851007653491386e-01 7.911110890362269554e-01 9.361843469807300533e-01
7.937851007653491386e-01 7.911110890362269554e-01 9.361843469807300533e-01
7.894019013778691418e-01 7.866218951715562291e-01 9.345300622258084777e-01
7.894019013778691418e-01 7.866218951715562291e-01 9.345300622258084777e-01
7.850151284373877436e-01 7.821534864563354228e-01 9.328709958914610523e-01
7.850151284373877436e-01 7.821534864563354228e-01 9.328709958914610523e-01
7.806221751760410443e-01 7.777018347265824971e-01 9.312456548553089686e-01
7.806221751760410443e-01 7.777018347265824971e-01 9.312456548553089686e-01
7.762206287011892414e-01 7.732649568719580646e-01 9.296753021619890145e-01
7.762206287011892414e-01 7.732649568719580646e-01 9.296753021619890145e-01
7.718143185146097984e-01 7.688491172170341947e-01 9.280974812334483737e-01
7.718143185146097984e-01 7.688491172170341947e-01 9.280974812334483737e-01
7.673957176093577637e-01 7.644462689657737231e-01 9.265963956995723061e-01
7.673957176093577637e-01 7.644462689657737231e-01 9.265963956995723061e-01
7.629697367969421329e-01 7.600632224248946578e-01 9.251023264573340343e-01
7.629697367969421329e-01 7.600632224248946578e-01 9.251023264573340343e-01
7.585338222576920586e-01 7.556980605694133546e-01 9.236363947824139942e-01
7.585338222576920586e-01 7.556980605694133546e-01 9.236363947824139942e-01
7.540843799378734724e-01 7.513488200375082471e-01 9.222228191155080745e-01
7.540843799378734724e-01 7.513488200375082471e-01 9.222228191155080745e-01
7.496278413676858987e-01 7.470212507513299682e-01 9.207966095713219223e-01
7.496278413676858987e-01 7.470212507513299682e-01 9.207966095713219223e-01
7.451510380576255033e-01 7.427069381300813733e-01 9.194597217513530429e-01
7.451510380576255033e-01 7.427069381300813733e-01 9.194597217513530429e-01
7.406659813750610111e-01 7.384147211597387184e-01 9.181073600612031926e-01
7.406659813750610111e-01 7.384147211597387184e-01 9.181073600612031926e-01
7.361619866563438030e-01 7.341389081853834098e-01 9.168127571568470691e-01
7.361619866563438030e-01 7.341389081853834098e-01 9.168127571568470691e-01
7.316444200298601874e-01 7.298832759447523300e-01 9.155298469279926632e-01
7.316444200298601874e-01 7.298832759447523300e-01 9.155298469279926632e-01
7.271090008337571797e-01 7.256463823516904332e-01 9.142804185318537114e-01
7.271090008337571797e-01 7.256463823516904332e-01 9.142804185318537114e-01
7.225548883326440297e-01 7.214286860828209580e-01 9.130617451638807225e-01
7.225548883326440297e-01 7.214286860828209580e-01 9.130617451638807225e-01
7.179833824417503063e-01 7.172313466138920957e-01 9.118597754046534609e-01
7.179833824417503063e-01 7.172313466138920957e-01 9.118597754046534609e-01
7.133886475919817283e-01 7.130530381074012825e-01 9.106994342297803913e-01
7.133886475919817283e-01 7.130530381074012825e-01 9.106994342297803913e-01
7.087760018187593269e-01 7.088961288426550711e-01 9.095462783960011066e-01
7.087760018187593269e-01 7.088961288426550711e-01 9.095462783960011066e-01
7.041365567895313538e-01 7.047587541170872161e-01 9.084376355068750630e-01
7.041365567895313538e-01 7.047587541170872161e-01 9.084376355068750630e-01
6.994773556728189901e-01 7.006434006047939089e-01 9.073335666951859446e-01
6.994773556728189901e-01 7.006434006047939089e-01 9.073335666951859446e-01
6.947891354674409214e-01 6.965485909753282856e-01 9.062692249800087252e-01
6.947891354674409214e-01 6.965485909753282856e-01 9.062692249800087252e-01
6.900776425204320219e-01 6.924761715616423174e-01 9.052132829290867599e-01
6.900776425204320219e-01 6.924761715616423174e-01 9.052132829290867599e-01
6.853366442522081936e-01 6.884256318290852272e-01 9.041850549139327509e-01
6.853366442522081936e-01 6.884256318290852272e-01 9.041850549139327509e-01
6.805668568378704375e-01 6.843977752609705645e-01 9.031749009205396472e-01
6.805668568378704375e-01 6.843977752609705645e-01 9.031749009205396472e-01
6.757691840401427452e-01 6.803932687805474000e-01 9.021737901753871247e-01
6.757691840401427452e-01 6.803932687805474000e-01 9.021737901753871247e-01
6.709349027293229906e-01 6.764118451516984987e-01 9.012055726189137639e-01
6.709349027293229906e-01 6.764118451516984987e-01 9.012055726189137639e-01
6.660768144949710257e-01 6.724551755843622969e-01 9.002217656130909740e-01
6.660768144949710257e-01 6.724551755843622969e-01 9.002217656130909740e-01
6.611717274550054091e-01 6.685222797298404629e-01 8.992900012033319124e-01
6.611717274550054091e-01 6.685222797298404629e-01 8.992900012033319124e-01
6.562399447632257798e-01 6.646149763831090684e-01 8.983408576733836748e-01
6.562399447632257798e-01 6.646149763831090684e-01 8.983408576733836748e-01
6.512674745879832860e-01 6.607331958690484397e-01 8.974103479581657661e-01
6.512674745879832860e-01 6.607331958690484397e-01 8.974103479581657661e-01
6.462550568700976550e-01 6.568776685486399369e-01 8.964892517683293871e-01
6.462550568700976550e-01 6.568776685486399369e-01 8.964892517683293871e-01
6.412105423232443702e-01 6.530489005004546099e-01 8.955514787860650028e-01
6.412105423232443702e-01 6.530489005004546099e-01 8.955514787860650028e-01
6.361133944238338556e-01 6.492477073461271342e-01 8.946429248412254287e-01
6.361133944238338556e-01 6.492477073461271342e-01 8.946429248412254287e-01
6.309785101300722232e-01 6.454744802958584105e-01 8.937198697765303956e-01
6.309785101300722232e-01 6.454744802958584105e-01 8.937198697765303956e-01
6.258059821658661370e-01 6.417295691526372359e-01 8.927777749130844098e-01
6.258059821658661370e-01 6.417295691526372359e-01 8.927777749130844098e-01
6.205753697614643238e-01 6.380146288412199551e-01 8.918552952921668941e-01
6.205753697614643238e-01 6.380146288412199551e-01 8.918552952921668941e-01
6.153034563700213733e-01 6.343293479583982375e-01 8.909093819546789472e-01
6.153034563700213733e-01 6.343293479583982375e-01 8.909093819546789472e-01
6.099886325019723277e-01 6.306742107159986066e-01 8.899387303841842511e-01
6.099886325019723277e-01 6.306742107159986066e-01 8.899387303841842511e-01
6.046178928034013911e-01 6.270508619265583450e-01 8.889623751304014387e-01
6.046178928034013911e-01 6.270508619265583450e-01 8.889623751304014387e-01
5.991961166544031991e-01 6.234594937216403343e-01 8.879642344352196570e-01
5.991961166544031991e-01 6.234594937216403343e-01 8.879642344352196570e-01
5.937269404351617208e-01 6.199001931098057083e-01 8.869323015039464186e-01
5.937269404351617208e-01 6.199001931098057083e-01 8.869323015039464186e-01
5.882087317353845712e-01 6.163735413009675534e-01 8.858642772918733366e-01
5.882087317353845712e-01 6.163735413009675534e-01 8.858642772918733366e-01
5.826307169521950380e-01 6.128814048130137859e-01 8.847711775367661513e-01
5.826307169521950380e-01 6.128814048130137859e-01 8.847711775367661513e-01
5.769986846712199524e-01 6.094235722588454696e-01 8.836375580148504438e-01
5.769986846712199524e-01 6.094235722588454696e-01 8.836375580148504438e-01
5.713149893103027788e-01 6.060001163350274833e-01 8.824545817096058897e-01
5.713149893103027788e-01 6.060001163350274833e-01 8.824545817096058897e-01
5.655787586193120609e-01 6.026115229656900940e-01 8.812183817528322916e-01
5.655787586193120609e-01 6.026115229656900940e-01 8.812183817528322916e-01
5.597893662393864656e-01 5.992582344777676040e-01 8.799247039525588399e-01
5.597893662393864656e-01 5.992582344777676040e-01 8.799247039525588399e-01
5.539434181168420013e-01 5.959411797867177896e-01 8.785724017830927046e-01
5.539434181168420013e-01 5.959411797867177896e-01 8.785724017830927046e-01
5.480403067818737650e-01 5.926608416080937358e-01 8.771565829517904422e-01
5.480403067818737650e-01 5.926608416080937358e-01 8.771565829517904422e-01
5.420851306209868437e-01 5.894165828027250198e-01 8.756666002314037467e-01
5.420851306209868437e-01 5.894165828027250198e-01 8.756666002314037467e-01
5.360784736455770361e-01 5.862085002000299028e-01 8.740974527484228762e-01
5.360784736455770361e-01 5.862085002000299028e-01 8.740974527484228762e-01
5.300212666842663012e-01 5.830365812003940329e-01 8.724440317371484621e-01
5.300212666842663012e-01 5.830365812003940329e-01 8.724440317371484621e-01
5.239147982161443950e-01 5.799006922861462687e-01 8.707011931902725044e-01
5.239147982161443950e-01 5.799006922861462687e-01 8.707011931902725044e-01
5.177607192565493177e-01 5.768005692927292705e-01 8.688638341444957502e-01
5.177607192565493177e-01 5.768005692927292705e-01 8.688638341444957502e-01
5.115610418488869549e-01 5.737358097903568765e-01 8.669269708892836102e-01
5.115610418488869549e-01 5.737358097903568765e-01 8.669269708892836102e-01
5.053181308865617449e-01 5.707058678796337325e-01 8.648858172215894147e-01
5.053181308865617449e-01 5.707058678796337325e-01 8.648858172215894147e-01
4.990346891868336354e-01 5.677100516399792296e-01 8.627358607724725514e-01
4.990346891868336354e-01 5.677100516399792296e-01 8.627358607724725514e-01
4.927137359543092288e-01 5.647475233894421187e-01 8.604729354148324960e-01
4.927137359543092288e-01 5.647475233894421187e-01 8.604729354148324960e-01
4.863585789951814231e-01 5.618173028220729837e-01 8.580932878320440826e-01
4.863585789951814231e-01 5.618173028220729837e-01 8.580932878320440826e-01
4.799727812613283073e-01 5.589182729892944179e-01 8.555936364862062327e-01
4.799727812613283073e-01 5.589182729892944179e-01 8.555936364862062327e-01
4.735601225036504824e-01 5.560491889901117979e-01 8.529712214668661030e-01
4.735601225036504824e-01 5.560491889901117979e-01 8.529712214668661030e-01
4.671245569835103528e-01 5.532086891378430460e-01 8.502238440148127685e-01
4.671245569835103528e-01 5.532086891378430460e-01 8.502238440148127685e-01
4.606701683205124964e-01 5.503953082837536037e-01 8.473498948837738798e-01
4.606701683205124964e-01 5.503953082837536037e-01 8.473498948837738798e-01
4.542011226353642184e-01 5.476074929062134666e-01 8.443483711043718865e-01
4.542011226353642184e-01 5.476074929062134666e-01 8.443483711043718865e-01
4.477216211749074359e-01 5.448436175214834698e-01 8.412188811259586618e-01
4.477216211749074359e-01 5.448436175214834698e-01 8.412188811259586618e-01
4.412358535816875427e-01 5.421020019416743496e-01 8.379616387093131724e-01
4.412358535816875427e-01 5.421020019416743496e-01 8.379616387093131724e-01
4.347479528961757378e-01 5.393809288977697847e-01 8.345774463047523906e-01
4.347479528961757378e-01 5.393809288977697847e-01 8.345774463047523906e-01
4.282619532624509784e-01 5.366786615599589139e-01 8.310676689579095111e-01
4.282619532624509784e-01 5.366786615599589139e-01 8.310676689579095111e-01
4.217817511569817990e-01 5.339934605217294683e-01 8.274342000259293783e-01
4.217817511569817990e-01 5.339934605217294683e-01 8.274342000259293783e-01
4.153110707857057826e-01 5.313235998647309888e-01 8.236794201525552417e-01
4.153110707857057826e-01 5.313235998647309888e-01 8.236794201525552417e-01
4.088534341081332957e-01 5.286673819840265187e-01 8.198061510396807972e-01
4.088534341081332957e-01 5.286673819840265187e-01 8.198061510396807972e-01
4.024121357597695847e-01 5.260231509234731817e-01 8.158176055687683670e-01
4.024121357597695847e-01 5.260231509234731817e-01 8.158176055687683670e-01
3.959902229651336980e-01 5.233893040439649980e-01 8.117173357757463403e-01
3.959902229651336980e-01 5.233893040439649980e-01 8.117173357757463403e-01
3.895904803713012288e-01 5.207643019189787115e-01 8.075091800785660912e-01
3.895904803713012288e-01 5.207643019189787115e-01 8.075091800785660912e-01
3.832154195918635597e-01 5.181466764188327190e-01 8.031972110101521789e-01
3.832154195918635597e-01 5.181466764188327190e-01 8.031972110101521789e-01
3.768673866877657042e-01 5.155350014380366552e-01 7.987857142852480274e-01
3.768673866877657042e-01 5.155350014380366552e-01 7.987857142852480274e-01
3.705484193434662177e-01 5.129279404844727663e-01 7.942791199145986525e-01
3.705484193434662177e-01 5.129279404844727663e-01 7.942791199145986525e-01
3.642600695366238761e-01 5.103243069556474554e-01 7.896818911486390702e-01
3.642600695366238761e-01 5.103243069556474554e-01 7.896818911486390702e-01
3.580037082183183950e-01 5.077229718700754235e-01 7.849985570663973178e-01
3.580037082183183950e-01 5.077229718700754235e-01 7.849985570663973178e-01
3.517804398463393878e-01 5.051228926948501119e-01 7.802336550574036078e-01
3.517804398463393878e-01 5.051228926948501119e-01 7.802336550574036078e-01
3.455911116612858658e-01 5.025231122235936931e-01 7.753916982582217399e-01
3.455911116612858658e-01 5.025231122235936931e-01 7.753916982582217399e-01
3.394363243061077062e-01 4.999227565415259034e-01 7.704771471716338471e-01
3.394363243061077062e-01 4.999227565415259034e-01 7.704771471716338471e-01
3.333164433544753003e-01 4.973210322447447207e-01 7.654943853613238591e-01
3.333164433544753003e-01 4.973210322447447207e-01 7.654943853613238591e-01
3.272316113556479888e-01 4.947172230711177621e-01 7.604476990339517073e-01
3.272316113556479888e-01 4.947172230711177621e-01 7.604476990339517073e-01
3.211817600488079405e-01 4.921106860874098765e-01 7.553412602609538284e-01
3.211817600488079405e-01 4.921106860874098765e-01 7.553412602609538284e-01
3.151666224456595722e-01 4.895008475624340050e-01 7.501791135518731668e-01
3.151666224456595722e-01 4.895008475624340050e-01 7.501791135518731668e-01
3.091857445240746016e-01 4.868871986402957819e-01 7.449651654670511602e-01
3.091857445240746016e-01 4.868871986402957819e-01 7.449651654670511602e-01
3.032384963167994996e-01 4.842692909117695121e-01 7.397031769473123575e-01
3.032384963167994996e-01 4.842692909117695121e-01 7.397031769473123575e-01
2.973240822161007380e-01 4.816467319663217395e-01 7.343967580391566052e-01
2.973240822161007380e-01 4.816467319663217395e-01 7.343967580391566052e-01
2.914415503472596036e-01 4.790191809926086508e-01 7.290493647035390934e-01
2.914415503472596036e-01 4.790191809926086508e-01 7.290493647035390934e-01
2.855898008907437058e-01 4.763863444817348358e-01 7.236642974121033633e-01
2.855898008907437058e-01 4.763863444817348358e-01 7.236642974121033633e-01
2.797675932539887556e-01 4.737479720754436130e-01 7.182447012550458032e-01
2.797675932539887556e-01 4.737479720754436130e-01 7.182447012550458032e-01
2.739735520095746835e-01 4.711038525906666719e-01 7.127935673077280265e-01
2.739735520095746835e-01 4.711038525906666719e-01 7.127935673077280265e-01
2.682061715267611834e-01 4.684538102426092365e-01 7.073137350275479074e-01
2.682061715267611834e-01 4.684538102426092365e-01 7.073137350275479074e-01
2.624638192279756810e-01 4.657977010806848006e-01 7.018078954772770661e-01
2.624638192279756810e-01 4.657977010806848006e-01 7.018078954772770661e-01
2.567447374012851724e-01 4.631354096450269742e-01 6.962785951953345265e-01
2.567447374012851724e-01 4.631354096450269742e-01 6.962785951953345265e-01
2.510470434933680384e-01 4.604668458459925118e-01 6.907282405566105288e-01
2.510470434933680384e-01 4.604668458459925118e-01 6.907282405566105288e-01
2.453687287957773133e-01 4.577919420647273419e-01 6.851591024892056403e-01
2.453687287957773133e-01 4.577919420647273419e-01 6.851591024892056403e-01
2.397076554190354925e-01 4.551106504695498489e-01 6.795733214324374272e-01
2.397076554190354925e-01 4.551106504695498489e-01 6.795733214324374272e-01
2.340615514243128692e-01 4.524229405403560333e-01 6.739729124396283133e-01
2.340615514243128692e-01 4.524229405403560333e-01 6.739729124396283133e-01
2.284280039502085691e-01 4.497287967913783380e-01 6.683597703454795536e-01
2.284280039502085691e-01 4.497287967913783380e-01 6.683597703454795536e-01
2.228044501305235792e-01 4.470282166813746572e-01 6.627356749322580454e-01
2.228044501305235792e-01 4.470282166813746572e-01 6.627356749322580454e-01
2.171881655468546335e-01 4.443212086994965948e-01 6.571022960416625924e-01
2.171881655468546335e-01 4.443212086994965948e-01 6.571022960416625924e-01
2.115762498940347291e-01 4.416077906146756438e-01 6.514611985902368785e-01
2.115762498940347291e-01 4.416077906146756438e-01 6.514611985902368785e-01
2.059656094541897076e-01 4.388879878762114717e-01 6.458138474556386344e-01
2.059656094541897076e-01 4.388879878762114717e-01 6.458138474556386344e-01
2.003529358706760966e-01 4.361618321533956011e-01 6.401616122091414729e-01
2.003529358706760966e-01 4.361618321533956011e-01 6.401616122091414729e-01
1.947346805812864012e-01 4.334293600022550152e-01 6.345057716765492017e-01
1.947346805812864012e-01 4.334293600022550152e-01 6.345057716765492017e-01
1.891070241008324382e-01 4.306906116479383151e-01 6.288475183154196291e-01
1.891070241008324382e-01 4.306906116479383151e-01 6.288475183154196291e-01
1.834658391252690368e-01 4.279456298717537188e-01 6.231879624012255370e-01
1.834658391252690368e-01 4.279456298717537188e-01 6.231879624012255370e-01
1.778066461455546921e-01 4.251944589924557261e-01 6.175281360189749380e-01
1.778066461455546921e-01 4.251944589924557261e-01 6.175281360189749380e-01
1.721245598862956028e-01 4.224371439319403732e-01 6.118689968599752005e-01
1.721245598862956028e-01 4.224371439319403732e-01 6.118689968599752005e-01
1.664142243878926619e-01 4.196737293561412230e-01 6.062114318259833601e-01
1.664142243878926619e-01 4.196737293561412230e-01 6.062114318259833601e-01
1.606697338837248801e-01 4.169042588825059847e-01 6.005562604450028763e-01
1.606697338837248801e-01 4.169042588825059847e-01 6.005562604450028763e-01
1.548845357152251467e-01 4.141287743460213000e-01 5.949042381045591688e-01
1.548845357152251467e-01 4.141287743460213000e-01 5.949042381045591688e-01
1.490513102739148832e-01 4.113473151163228869e-01 5.892560591095239442e-01
1.490513102739148832e-01 4.113473151163228869e-01 5.892560591095239442e-01
1.431618212037569504e-01 4.085599174589363836e-01 5.836123595724616031e-01
1.431618212037569504e-01 4.085599174589363836e-01 5.836123595724616031e-01
1.372067265995847996e-01 4.057666139342211986e-01 5.779737201451531359e-01
1.372067265995847996e-01 4.057666139342211986e-01 5.779737201451531359e-01
1.311753383221549163e-01 4.029674328280228868e-01 5.723406686004249844e-01
1.311753383221549163e-01 4.029674328280228868e-01 5.723406686004249844e-01
1.250553112165933012e-01 4.001623976084634493e-01 5.667136822737589563e-01
1.250553112165933012e-01 4.001623976084634493e-01 5.667136822737589563e-01
1.188322359819154878e-01 3.973515264037056349e-01 5.610931903743542337e-01
1.188322359819154878e-01 3.973515264037056349e-01 5.610931903743542337e-01
1.124890970341768659e-01 3.945348314958339042e-01 5.554795761754610650e-01
1.124890970341768659e-01 3.945348314958339042e-01 5.554795761754610650e-01
1.060055370432191613e-01 3.917123188263408884e-01 5.498731790938616859e-01
1.060055370432191613e-01 3.917123188263408884e-01 5.498731790938616859e-01
9.935683770243255997e-02 3.888839875089743492e-01 5.442742966684297468e-01
9.935683770243255997e-02 3.888839875089743492e-01 5.442742966684297468e-01
9.251247196869817613e-02 3.860498293459347363e-01 5.386831864477108489e-01
9.251247196869817613e-02 3.860498293459347363e-01 5.386831864477108489e-01
8.543398738175905782e-02 3.832098283436672359e-01 5.331000677964891077e-01
8.543398738175905782e-02 3.832098283436672359e-01 5.331000677964891077e-01
7.807180363387788979e-02 3.803639602246554619e-01 5.275251236313482917e-01
7.807180363387788979e-02 3.803639602246554619e-01 5.275251236313482917e-01
7.036016329733166264e-02 3.775121919318287222e-01 5.219585020952900445e-01
7.036016329733166264e-02 3.775121919318287222e-01 5.219585020952900445e-01
6.220875575855806111e-02 3.746544811223544436e-01 5.164003181815687293e-01
6.220875575855806111e-02 3.746544811223544436e-01 5.164003181815687293e-01
5.348790140472013677e-02 3.717907756477304981e-01 5.108506553170429898e-01
5.348790140472013677e-02 3.717907756477304981e-01 5.108506553170429898e-01
4.400005024049279817e-02 3.689210130172718149e-01 5.053095669155449610e-01
4.400005024049279817e-02 3.689210130172718149e-01 5.053095669155449610e-01
3.354519342788123831e-02 3.660451198422027819e-01 4.997770779119851126e-01
3.354519342788123831e-02 3.660451198422027819e-01 4.997770779119851126e-01
2.317628978959790712e-02 3.631630112577676206e-01 4.942531862882560967e-01
2.317628978959790712e-02 3.631630112577676206e-01 4.942531862882560967e-01
1.319536571117125960e-02 3.602745903209297884e-01 4.887378646023317619e-01
1.319536571117125960e-02 3.602745903209297884e-01 4.887378646023317619e-01
3.595940649559318386e-03 3.573797473814459558e-01 4.832310615324064695e-01
3.595940649559318386e-03 3.573797473814459558e-01 4.832310615324064695e-01
0.000000000000000000e+00 3.544783594243511304e-01 4.777327034484279977e-01
0.000000000000000000e+00 3.544783594243511304e-01 4.777327034484279977e-01
0.000000000000000000e+00 3.515702893821795461e-01 4.722426960239075044e-01
0.000000000000000000e+00 3.515702893821795461e-01 4.722426960239075044e-01
0.000000000000000000e+00 3.486553854156086429e-01 4.667609259015345624e-01
0.000000000000000000e+00 3.486553854156086429e-01 4.667609259015345624e-01
0.000000000000000000e+00 3.457334801616684383e-01 4.612872624267798649e-01
0.000000000000000000e+00 3.457334801616684383e-01 4.612872624267798649e-01
0.000000000000000000e+00 3.428043899491491908e-01 4.558215594643826307e-01
0.000000000000000000e+00 3.428043899491491908e-01 4.558215594643826307e-01
0.000000000000000000e+00 3.398679139815540817e-01 4.503636573133530940e-01
0.000000000000000000e+00 3.398679139815540817e-01 4.503636573133530940e-01
0.000000000000000000e+00 3.369238334886841546e-01 4.449133847368565986e-01
0.000000000000000000e+00 3.369238334886841546e-01 4.449133847368565986e-01
0.000000000000000000e+00 3.339719539266083892e-01 4.394702316409193066e-01
0.000000000000000000e+00 3.339719539266083892e-01 4.394702316409193066e-01
0.000000000000000000e+00 3.310120992233243631e-01 4.340333341116832111e-01
0.000000000000000000e+00 3.310120992233243631e-01 4.340333341116832111e-01
0.000000000000000000e+00 3.280438765559293701e-01 4.286033308763416705e-01
0.000000000000000000e+00 3.280438765559293701e-01 4.286033308763416705e-01
0.000000000000000000e+00 3.250669842839395418e-01 4.231800205010821658e-01
0.000000000000000000e+00 3.250669842839395418e-01 4.231800205010821658e-01
0.000000000000000000e+00 3.220810977918139306e-01 4.177632032824440955e-01
0.000000000000000000e+00 3.220810977918139306e-01 4.177632032824440955e-01
0.000000000000000000e+00 3.190858685154409624e-01 4.123526845042135291e-01
0.000000000000000000e+00 3.190858685154409624e-01 4.123526845042135291e-01
0.000000000000000000e+00 3.160809229871658910e-01 4.069482779532945238e-01
0.000000000000000000e+00 3.160809229871658910e-01 4.069482779532945238e-01
0.000000000000000000e+00 3.130658619166302170e-01 4.015498097125806964e-01
0.000000000000000000e+00 3.130658619166302170e-01 4.015498097125806964e-01
0.000000000000000000e+00 3.100403437799504891e-01 3.961562146190341638e-01
0.000000000000000000e+00 3.100403437799504891e-01 3.961562146190341638e-01
0.000000000000000000e+00 3.070039894260530589e-01 3.907663400176875634e-01
0.000000000000000000e+00 3.070039894260530589e-01 3.907663400176875634e-01
0.000000000000000000e+00 3.039561450015820232e-01 3.853817739858331759e-01
0.000000000000000000e+00 3.039561450015820232e-01 3.853817739858331759e-01
0.000000000000000000e+00 3.008962942387690687e-01 3.800024403798261119e-01
0.000000000000000000e+00 3.008962942387690687e-01 3.800024403798261119e-01
0.000000000000000000e+00 2.978238913560771750e-01 3.746283015720003329e-01
0.000000000000000000e+00 2.978238913560771750e-01 3.746283015720003329e-01
0.000000000000000000e+00 2.947384455488160637e-01 3.692580407415967381e-01
0.000000000000000000e+00 2.947384455488160637e-01 3.692580407415967381e-01
0.000000000000000000e+00 2.916394026265674566e-01 3.638903824709048829e-01
0.000000000000000000e+00 2.916394026265674566e-01 3.638903824709048829e-01
0.000000000000000000e+00 2.885259494094347121e-01 3.585279054572079183e-01
0.000000000000000000e+00 2.885259494094347121e-01 3.585279054572079183e-01
0.000000000000000000e+00 2.853974164194614249e-01 3.531708103929380171e-01
0.000000000000000000e+00 2.853974164194614249e-01 3.531708103929380171e-01
0.000000000000000000e+00 2.822532018798004638e-01 3.478167692040413650e-01
0.000000000000000000e+00 2.822532018798004638e-01 3.478167692040413650e-01
0.000000000000000000e+00 2.790925153775246081e-01 3.424665182878933178e-01
0.000000000000000000e+00 2.790925153775246081e-01 3.424665182878933178e-01
0.000000000000000000e+00 2.759145171194219426e-01 3.371226364971324774e-01
0.000000000000000000e+00 2.759145171194219426e-01 3.371226364971324774e-01
0.000000000000000000e+00 2.727184692065207638e-01 3.317834251794953837e-01
0.000000000000000000e+00 2.727184692065207638e-01 3.317834251794953837e-01
0.000000000000000000e+00 2.695035375829016866e-01 3.264488479726018744e-01
0.000000000000000000e+00 2.695035375829016866e-01 3.264488479726018744e-01
0.000000000000000000e+00 2.662688738525546550e-01 3.211227588586430537e-01
0.000000000000000000e+00 2.662688738525546550e-01 3.211227588586430537e-01
0.000000000000000000e+00 2.630136297868745365e-01 3.158020096707546132e-01
0.000000000000000000e+00 2.630136297868745365e-01 3.158020096707546132e-01
0.000000000000000000e+00 2.597369837369092327e-01 3.104905786495223419e-01
0.000000000000000000e+00 2.597369837369092327e-01 3.104905786495223419e-01
0.000000000000000000e+00 2.564381225203029580e-01 3.051891633821022243e-01
0.000000000000000000e+00 2.564381225203029580e-01 3.051891633821022243e-01
0.000000000000000000e+00 2.531162074207212176e-01 2.998979110764065092e-01
0.000000000000000000e+00 2.531162074207212176e-01 2.998979110764065092e-01
0.000000000000000000e+00 2.497706097751643817e-01 2.946209638809044740e-01
0.000000000000000000e+00 2.497706097751643817e-01 2.946209638809044740e-01
0.000000000000000000e+00 2.464004984984164148e-01 2.893571993258728381e-01
0.000000000000000000e+00 2.464004984984164148e-01 2.893571993258728381e-01
0.000000000000000000e+00 2.430054975975431131e-01 2.841119155282834097e-01
0.000000000000000000e+00 2.430054975975431131e-01 2.841119155282834097e-01
0.000000000000000000e+00 2.395849272388026474e-01 2.788845911592675586e-01
0.000000000000000000e+00 2.395849272388026474e-01 2.788845911592675586e-01
0.000000000000000000e+00 2.361386544863800507e-01 2.736800577103124521e-01
0.000000000000000000e+00 2.361386544863800507e-01 2.736800577103124521e-01
0.000000000000000000e+00 2.326663400138568316e-01 2.684993261933034114e-01
0.000000000000000000e+00 2.326663400138568316e-01 2.684993261933034114e-01
0.000000000000000000e+00 2.291680587709229999e-01 2.633459502324160817e-01
0.000000000000000000e+00 2.291680587709229999e-01 2.633459502324160817e-01
0.000000000000000000e+00 2.256439492036982353e-01 2.582224177029295298e-01
0.000000000000000000e+00 2.256439492036982353e-01 2.582224177029295298e-01
0.000000000000000000e+00 2.220942887001232102e-01 2.531309730655420531e-01
0.000000000000000000e+00 2.220942887001232102e-01 2.531309730655420531e-01
0.000000000000000000e+00 2.185196881314426798e-01 2.480747112264582721e-01
0.000000000000000000e+00 2.185196881314426798e-01 2.480747112264582721e-01
0.000000000000000000e+00 2.149206992625158075e-01 2.430551787118942209e-01
0.000000000000000000e+00 2.149206992625158075e-01 2.430551787118942209e-01
0.000000000000000000e+00 2.112982336892391122e-01 2.380748444688809418e-01
0.000000000000000000e+00 2.112982336892391122e-01 2.380748444688809418e-01
0.000000000000000000e+00 2.076531942461984082e-01 2.331351240715870132e-01
0.000000000000000000e+00 2.076531942461984082e-01 2.331351240715870132e-01
0.000000000000000000e+00 2.039866485145647446e-01 2.282373903351884170e-01
0.000000000000000000e+00 2.039866485145647446e-01 2.282373903351884170e-01
0.000000000000000000e+00 2.002996168410659250e-01 2.233821560125136829e-01
0.000000000000000000e+00 2.002996168410659250e-01 2.233821560125136829e-01
0.000000000000000000e+00 1.965934281132626360e-01 2.185705737662625991e-01
0.000000000000000000e+00 1.965934281132626360e-01 2.185705737662625991e-01
0.000000000000000000e+00 1.928689852691856388e-01 2.138017882947597370e-01
0.000000000000000000e+00 1.928689852691856388e-01 2.138017882947597370e-01
0.000000000000000000e+00 1.891276769872369257e-01 2.090763518200862703e-01
0.000000000000000000e+00 1.891276769872369257e-01 2.090763518200862703e-01
0.000000000000000000e+00 1.853703846918005049e-01 2.043928943551007738e-01
0.000000000000000000e+00 1.853703846918005049e-01 2.043928943551007738e-01
0.000000000000000000e+00 1.815982607169249474e-01 1.997508071898317084e-01
0.000000000000000000e+00 1.815982607169249474e-01 1.997508071898317084e-01
0.000000000000000000e+00 1.778122462430690998e-01 1.951487674463263378e-01
0.000000000000000000e+00 1.778122462430690998e-01 1.951487674463263378e-01
0.000000000000000000e+00 1.740131478933437115e-01 1.905851036223438211e-01
0.000000000000000000e+00 1.740131478933437115e-01 1.905851036223438211e-01
0.000000000000000000e+00 1.702018998333363065e-01 1.860585183248456009e-01
0.000000000000000000e+00 1.702018998333363065e-01 1.860585183248456009e-01
0.000000000000000000e+00 1.663789956672189485e-01 1.815666830185477532e-01
0.000000000000000000e+00 1.663789956672189485e-01 1.815666830185477532e-01
0.000000000000000000e+00 1.625452564588617810e-01 1.771081768889415375e-01
0.000000000000000000e+00 1.625452564588617810e-01 1.771081768889415375e-01
0.000000000000000000e+00 1.587009599449201724e-01 1.726804318670955019e-01
0.000000000000000000e+00 1.587009599449201724e-01 1.726804318670955019e-01
0.000000000000000000e+00 1.548467102939429796e-01 1.682817579082818149e-01
0.000000000000000000e+00 1.548467102939429796e-01 1.682817579082818149e-01
0.000000000000000000e+00 1.509826705999870455e-01 1.639096451156429046e-01
0.000000000000000000e+00 1.509826705999870455e-01 1.639096451156429046e-01
0.000000000000000000e+00 1.471091669042695338e-01 1.595620753730457864e-01
0.000000000000000000e+00 1.471091669042695338e-01 1.595620753730457864e-01
0.000000000000000000e+00 1.432263029648680464e-01 1.552367147868101149e-01
0.000000000000000000e+00 1.432263029648680464e-01 1.552367147868101149e-01
0.000000000000000000e+00 1.393341344016058025e-01 1.509312762036894295e-01
0.000000000000000000e+00 1.393341344016058025e-01 1.509312762036894295e-01
0.000000000000000000e+00 1.354326876430246018e-01 1.466435403122527126e-01
0.000000000000000000e+00 1.354326876430246018e-01 1.466435403122527126e-01
0.000000000000000000e+00 1.315218300419507547e-01 1.423711134089032104e-01
0.000000000000000000e+00 1.315218300419507547e-01 1.423711134089032104e-01
0.000000000000000000e+00 1.276014190011394989e-01 1.381116929547958894e-01
0.000000000000000000e+00 1.276014190011394989e-01 1.381116929547958894e-01
0.000000000000000000e+00 1.236712730226195572e-01 1.338629977874435384e-01
0.000000000000000000e+00 1.236712730226195572e-01 1.338629977874435384e-01
0.000000000000000000e+00 1.197309406390906217e-01 1.296223754543023576e-01
0.000000000000000000e+00 1.197309406390906217e-01 1.296223754543023576e-01
0.000000000000000000e+00 1.157803179394391868e-01 1.253878140609018810e-01
0.000000000000000000e+00 1.157803179394391868e-01 1.253878140609018810e-01
0.000000000000000000e+00 1.118186005720478854e-01 1.211562104920085037e-01
0.000000000000000000e+00 1.118186005720478854e-01 1.211562104920085037e-01
0.000000000000000000e+00 1.078457436029036237e-01 1.169257173358175111e-01
0.000000000000000000e+00 1.078457436029036237e-01 1.169257173358175111e-01
0.000000000000000000e+00 1.038606799062340713e-01 1.126928758772701850e-01
0.000000000000000000e+00 1.038606799062340713e-01 1.126928758772701850e-01
0.000000000000000000e+00 9.986335179606749268e-02 1.084558086442209968e-01
0.000000000000000000e+00 9.986335179606749268e-02 1.084558086442209968e-01
0.000000000000000000e+00 9.585240811333720079e-02 1.042105855481691018e-01
0.000000000000000000e+00 9.585240811333720079e-02 1.042105855481691018e-01
0.000000000000000000e+00 9.182790128457539447e-02 9.995539834148486902e-02
0.000000000000000000e+00 9.182790128457539447e-02 9.995539834148486902e-02
0.000000000000000000e+00 8.778798755518457675e-02 9.568539667656010550e-02
0.000000000000000000e+00 8.778798755518457675e-02 9.568539667656010550e-02
0.000000000000000000e+00 8.373281433265378215e-02 9.139869634792052722e-02
0.000000000000000000e+00 8.373281433265378215e-02 9.139869634792052722e-02
0.000000000000000000e+00 7.966066047122211113e-02 8.709030837862814789e-02
0.000000000000000000e+00 7.966066047122211113e-02 8.709030837862814789e-02
0.000000000000000000e+00 7.557088429952397990e-02 8.275670042953031658e-02
0.000000000000000000e+00 7.557088429952397990e-02 8.275670042953031658e-02
0.000000000000000000e+00 7.146274804197789987e-02 7.839392827399757624e-02
0.000000000000000000e+00 7.146274804197789987e-02 7.839392827399757624e-02
0.000000000000000000e+00 6.733423855357305310e-02 7.399552083110377820e-02
0.000000000000000000e+00 6.733423855357305310e-02 7.399552083110377820e-02
0.000000000000000000e+00 6.318496220267656727e-02 6.955726734923119159e-02
0.000000000000000000e+00 6.318496220267656727e-02 6.955726734923119159e-02
0.000000000000000000e+00 5.901383687155781904e-02 6.507331382781185447e-02
0.000000000000000000e+00 5.901383687155781904e-02 6.507331382781185447e-02
0.000000000000000000e+00 5.481968690742029110e-02 6.053705233407709330e-02
0.000000000000000000e+00 5.481968690742029110e-02 6.053705233407709330e-02
0.000000000000000000e+00 5.060140451705955056e-02 5.594140273656749568e-02
0.000000000000000000e+00 5.060140451705955056e-02 5.594140273656749568e-02
0.000000000000000000e+00 4.635785734540020381e-02 5.127872857741773427e-02
0.000000000000000000e+00 4.635785734540020381e-02 5.127872857741773427e-02
0.000000000000000000e+00 4.208838600373131233e-02 4.654248454138772834e-02
0.000000000000000000e+00 4.208838600373131233e-02 4.654248454138772834e-02
0.000000000000000000e+00 3.778275698536154303e-02 4.172605879153681169e-02
0.000000000000000000e+00 3.778275698536154303e-02 4.172605879153681169e-02
0.000000000000000000e+00 3.359057294827694218e-02 3.681967216255673664e-02
0.000000000000000000e+00 3.359057294827694218e-02 3.681967216255673664e-02
