1.413853732862281332e-01 1.078706988885648616e-01 0.000000000000000000e+00
1.413853732862281332e-01 1.078706988885648616e-01 0.000000000000000000e+00
1.459286235696385103e-01 1.097884570218095462e-01 0.000000000000000000e+00
1.459286235696385103e-01 1.097884570218095462e-01 0.000000000000000000e+00
1.504621696815273135e-01 1.116890253512644454e-01 0.000000000000000000e+00
1.504621696815273135e-01 1.116890253512644454e-01 0.000000000000000000e+00
1.550021136513372311e-01 1.135649293955676709e-01 0.000000000000000000e+00
1.550021136513372311e-01 1.135649293955676709e-01 0.000000000000000000e+00
1.595437902881366721e-01 1.154190253186041654e-01 0.000000000000000000e+00
1.595437902881366721e-01 1.154190253186041654e-01 0.000000000000000000e+00
1.640824743166801880e-01 1.172543195715647357e-01 0.000000000000000000e+00
1.640824743166801880e-01 1.172543195715647357e-01 0.000000000000000000e+00
1.686332370711224049e-01 1.190633164021506346e-01 0.000000000000000000e+00
1.686332370711224049e-01 1.190633164021506346e-01 0.000000000000000000e+00
1.731755080204350483e-01 1.208574444088349603e-01 0.000000000000000000e+00
1.731755080204350483e-01 1.208574444088349603e-01 0.000000000000000000e+00
1.777330404534222252e-01 1.226242851284896213e-01 0.000000000000000000e+00
1.777330404534222252e-01 1.226242851284896213e-01 0.000000000000000000e+00
1.822853610505537070e-01 1.243754136824952727e-01 0.000000000000000000e+00
1.822853610505537070e-01 1.243754136824952727e-01 0.000000000000000000e+00
1.868453642720876162e-01 1.261041054160307595e-01 0.000000000000000000e+00
1.868453642720876162e-01 1.261041054160307595e-01 0.000000000000000000e+00
1.914082388199715989e-01 1.278133950506925021e-01 0.000000000000000000e+00
1.914082388199715989e-01 1.278133950506925021e-01 0.000000000000000000e+00
1.959720891223835915e-01 1.295047523949702517e-01 0.000000000000000000e+00
1.959720891223835915e-01 1.295047523949702517e-01 0.000000000000000000e+00
2.005459073574646367e-01 1.311732885868343301e-01 0.000000000000000000e+00
2.005459073574646367e-01 1.311732885868343301e-01 0.000000000000000000e+00
2.051148778931998484e-01 1.328280131976549150e-01 0.000000000000000000e+00
2.051148778931998484e-01 1.328280131976549150e-01 0.000000000000000000e+00
2.096999413527160794e-01 1.344568109915908471e-01 0.000000000000000000e+00
2.096999413527160794e-01 1.344568109915908471e-01 0.000000000000000000e+00
2.142772978841017140e-01 1.360742326104347477e-01 0.000000000000000000e+00
2.142772978841017140e-01 1.360742326104347477e-01 0.000000000000000000e+00
2.188717687017159574e-01 1.376655040753571313e-01 0.000000000000000000e+00
2.188717687017159574e-01 1.376655040753571313e-01 0.000000000000000000e+00
2.234606357399296361e-01 1.392448073504972128e-01 0.000000000000000000e+00
2.234606357399296361e-01 1.392448073504972128e-01 0.000000000000000000e+00
2.280627034675786757e-01 1.408007429182571713e-01 0.000000000000000000e+00
2.280627034675786757e-01 1.408007429182571713e-01 0.000000000000000000e+00
2.326632444665040766e-01 1.423427866777478568e-01 0.000000000000000000e+00
2.326632444665040766e-01 1.423427866777478568e-01 0.000000000000000000e+00
2.372739691650344596e-01 1.438637443149114459e-01 0.000000000000000000e+00
2.372739691650344596e-01 1.438637443149114459e-01 0.000000000000000000e+00
2.418863096931700429e-01 1.453693308867649026e-01 0.000000000000000000e+00
2.418863096931700429e-01 1.453693308867649026e-01 0.000000000000000000e+00
2.465067140338264018e-01 1.468555759089792967e-01 6.093070313122371040e-04
2.465067140338264018e-01 1.468555759089792967e-01 6.093070313122371040e-04
2.511309471979898400e-01 1.483254557647005201e-01 1.269152418673440055e-03
2.511309471979898400e-01 1.483254557647005201e-01 1.269152418673440055e-03
2.557620197610701029e-01 1.497771662625543287e-01 1.958944077335317627e-03
2.557620197610701029e-01 1.497771662625543287e-01 1.958944077335317627e-03
2.603982089499877750e-01 1.512120431587449798e-01 2.680116531674082113e-03
2.603982089499877750e-01 1.512120431587449798e-01 2.680116531674082113e-03
2.650409049268582229e-01 1.526293159851993819e-01 3.433098800426839705e-03
2.650409049268582229e-01 1.526293159851993819e-01 3.433098800426839705e-03
2.696890844313402646e-01 1.540298526304072213e-01 4.219163725622091660e-03
2.696890844313402646e-01 1.540298526304072213e-01 4.219163725622091660e-03
2.743443242732084286e-01 1.554127099627394537e-01 5.038727850814763050e-03
2.743443242732084286e-01 1.554127099627394537e-01 5.038727850814763050e-03
2.790044982685587760e-01 1.567795341995526781e-01 5.893522286522113324e-03
2.790044982685587760e-01 1.567795341995526781e-01 5.893522286522113324e-03
2.836731647320067662e-01 1.581279306713523347e-01 6.783333353351269149e-03
2.836731647320067662e-01 1.581279306713523347e-01 6.783333353351269149e-03
2.883453050384878202e-01 1.594616421404017881e-01 7.710999004813109611e-03
2.883453050384878202e-01 1.594616421404017881e-01 7.710999004813109611e-03
2.930282389940647159e-01 1.607754725324447576e-01 8.675037727039879715e-03
2.930282389940647159e-01 1.607754725324447576e-01 8.675037727039879715e-03
2.977122819643460150e-01 1.620766497725547317e-01 9.680057926057795276e-03
2.977122819643460150e-01 1.620766497725547317e-01 9.680057926057795276e-03
3.024102772608174283e-01 1.633557572523225143e-01 1.072266738941163484e-02
3.024102772608174283e-01 1.633557572523225143e-01 1.072266738941163484e-02
3.071061200810724090e-01 1.646249651869012287e-01 1.180990784272116685e-02
3.071061200810724090e-01 1.646249651869012287e-01 1.180990784272116685e-02
3.118199176944481121e-01 1.658691500926008089e-01 1.293584530153297878e-02
3.118199176944481121e-01 1.658691500926008089e-01 1.293584530153297878e-02
3.165306537921575014e-01 1.671044364310420305e-01 1.410942843132097224e-02
3.165306537921575014e-01 1.671044364310420305e-01 1.410942843132097224e-02
3.212576959726890502e-01 1.683159770279319678e-01 1.532509244422330420e-02
3.212576959726890502e-01 1.683159770279319678e-01 1.532509244422330420e-02
3.259856652021474455e-01 1.695157962291873321e-01 1.658988132549308811e-02
3.259856652021474455e-01 1.695157962291873321e-01 1.658988132549308811e-02
3.307240342615385131e-01 1.706965427631806087e-01 1.790193845816957785e-02
3.307240342615385131e-01 1.706965427631806087e-01 1.790193845816957785e-02
3.354698170318611283e-01 1.718606141836275247e-01 1.926397490912601027e-02
3.354698170318611283e-01 1.718606141836275247e-01 1.926397490912601027e-02
3.402192298423736272e-01 1.730111495996239923e-01 2.067904182386626905e-02
3.402192298423736272e-01 1.730111495996239923e-01 2.067904182386626905e-02
3.449833288552665023e-01 1.741391853777826682e-01 2.214500911134986705e-02
3.449833288552665023e-01 1.741391853777826682e-01 2.214500911134986705e-02
3.497470563802918542e-01 1.752571119198452765e-01 2.366906264874863927e-02
3.497470563802918542e-01 1.752571119198452765e-01 2.366906264874863927e-02
3.545262762450763772e-01 1.763518337776103506e-01 2.524762133827215815e-02
3.545262762450763772e-01 1.763518337776103506e-01 2.524762133827215815e-02
3.593093496911342610e-01 1.774330590452893597e-01 2.688679867511538715e-02
3.593093496911342610e-01 1.774330590452893597e-01 2.688679867511538715e-02
3.640985790137835632e-01 1.784989335430891000e-01 2.858793442556052319e-02
3.640985790137835632e-01 1.784989335430891000e-01 2.858793442556052319e-02
3.689012700722525961e-01 1.795431895963950086e-01 3.035088078608916620e-02
3.689012700722525961e-01 1.795431895963950086e-01 3.035088078608916620e-02
3.737052727393148643e-01 1.805763124870773118e-01 3.218202701426357143e-02
3.737052727393148643e-01 1.805763124870773118e-01 3.218202701426357143e-02
3.785224636045148028e-01 1.815879876386506386e-01 3.408003052370545821e-02
3.785224636045148028e-01 1.815879876386506386e-01 3.408003052370545821e-02
3.833467249805886379e-01 1.825835272571808277e-01 3.604951495484649132e-02
3.833467249805886379e-01 1.825835272571808277e-01 3.604951495484649132e-02
3.881732525673138867e-01 1.835672698767334687e-01 3.806736849188514793e-02
3.881732525673138867e-01 1.835672698767334687e-01 3.806736849188514793e-02
3.930168927794701061e-01 1.845258452758107848e-01 4.008392991308338399e-02
3.930168927794701061e-01 1.845258452758107848e-01 4.008392991308338399e-02
3.978640389088855533e-01 1.854714830169406636e-01 4.211322699884781362e-02
3.978640389088855533e-01 1.854714830169406636e-01 4.211322699884781362e-02
4.027149079410552446e-01 1.864040731741981316e-01 4.415624898241475582e-02
4.027149079410552446e-01 1.864040731741981316e-01 4.415624898241475582e-02
4.075824498243584282e-01 1.873115598192069686e-01 4.621134752510020621e-02
4.075824498243584282e-01 1.873115598192069686e-01 4.621134752510020621e-02
4.124533313924625966e-01 1.882062776072503663e-01 4.828277907096284460e-02
4.124533313924625966e-01 1.882062776072503663e-01 4.828277907096284460e-02
4.173279369118462201e-01 1.890879394845846051e-01 5.037145951268844069e-02
4.173279369118462201e-01 1.890879394845846051e-01 5.037145951268844069e-02
4.222183388024428607e-01 1.899449508951912002e-01 5.247658976033003214e-02
4.222183388024428607e-01 1.899449508951912002e-01 5.247658976033003214e-02
4.271132709701688235e-01 1.907880103026775021e-01 5.460132891138348710e-02
4.271132709701688235e-01 1.907880103026775021e-01 5.460132891138348710e-02
4.320123714964844153e-01 1.916175021245321297e-01 5.674676676640517253e-02
4.320123714964844153e-01 1.916175021245321297e-01 5.674676676640517253e-02
4.369222089965079658e-01 1.924269204963732494e-01 5.891335520962795447e-02
4.369222089965079658e-01 1.924269204963732494e-01 5.891335520962795447e-02
4.418408950979632599e-01 1.932179918197166335e-01 6.110267341959402937e-02
4.418408950979632599e-01 1.932179918197166335e-01 6.110267341959402937e-02
4.467639610277566176e-01 1.939951300091780628e-01 6.331629363166133007e-02
4.467639610277566176e-01 1.939951300091780628e-01 6.331629363166133007e-02
4.516916207891943369e-01 1.947581187822578219e-01 6.555531493454734571e-02
4.516916207891943369e-01 1.947581187822578219e-01 6.555531493454734571e-02
4.566314263415158781e-01 1.954991176851972878e-01 6.782084282359157612e-02
4.566314263415158781e-01 1.954991176851972878e-01 6.782084282359157612e-02
4.615772025192209083e-01 1.962243343045501631e-01 7.011444110379412564e-02
4.615772025192209083e-01 1.962243343045501631e-01 7.011444110379412564e-02
4.665274172417801513e-01 1.969353150559402799e-01 7.243735595004457961e-02
4.665274172417801513e-01 1.969353150559402799e-01 7.243735595004457961e-02
4.714821502262120378e-01 1.976319397078160900e-01 7.479083611390534292e-02
4.714821502262120378e-01 1.976319397078160900e-01 7.479083611390534292e-02
4.764445158146321524e-01 1.983107956277040396e-01 7.717644250757536850e-02
4.764445158146321524e-01 1.983107956277040396e-01 7.717644250757536850e-02
4.814149073517143829e-01 1.989712893545600991e-01 7.959578491829724656e-02
4.814149073517143829e-01 1.989712893545600991e-01 7.959578491829724656e-02
4.863892237686967546e-01 1.996177540272300599e-01 8.204996987711909995e-02
4.863892237686967546e-01 1.996177540272300599e-01 8.204996987711909995e-02
4.913673799927017471e-01 2.002502202113904950e-01 8.454040603444878954e-02
4.913673799927017471e-01 2.002502202113904950e-01 8.454040603444878954e-02
4.963492442397478555e-01 2.008687622833432995e-01 8.706854954170256677e-02
4.963492442397478555e-01 2.008687622833432995e-01 8.706854954170256677e-02
5.013346353341264772e-01 2.014735033632060468e-01 8.963590350223046843e-02
5.013346353341264772e-01 2.014735033632060468e-01 8.963590350223046843e-02
5.063265750288598044e-01 2.020608724245283316e-01 9.224480486157801695e-02
5.063265750288598044e-01 2.020608724245283316e-01 9.224480486157801695e-02
5.113220201935069209e-01 2.026341905409169419e-01 9.489638232233596482e-02
5.113220201935069209e-01 2.026341905409169419e-01 9.489638232233596482e-02
5.163195938132445484e-01 2.031949515737001555e-01 9.759201616844345728e-02
5.163195938132445484e-01 2.031949515737001555e-01 9.759201616844345728e-02
5.213189049611884895e-01 2.037435281227055195e-01 1.003333505209141052e-01
5.213189049611884895e-01 2.037435281227055195e-01 1.003333505209141052e-01
5.263195032677637775e-01 2.042803654220838316e-01 1.031220672349129203e-01
5.263195032677637775e-01 2.042803654220838316e-01 1.031220672349129203e-01
5.313208769544136567e-01 2.048059866430924636e-01 1.059598826903471180e-01
5.313208769544136567e-01 2.048059866430924636e-01 1.059598826903471180e-01
5.363224510994379912e-01 2.053209981236219506e-01 1.088485440232566381e-01
5.363224510994379912e-01 2.053209981236219506e-01 1.088485440232566381e-01
5.413235861794218895e-01 2.058260944568421624e-01 1.117898247767103032e-01
5.413235861794218895e-01 2.058260944568421624e-01 1.117898247767103032e-01
5.463235769305073708e-01 2.063220633643547131e-01 1.147855199554306260e-01
5.463235769305073708e-01 2.063220633643547131e-01 1.147855199554306260e-01
5.513216515738844636e-01 2.068097902724667092e-01 1.178374404749061855e-01
5.513216515738844636e-01 2.068097902724667092e-01 1.178374404749061855e-01
5.563169714490395767e-01 2.072902625043225311e-01 1.209474070033050852e-01
5.563169714490395767e-01 2.072902625043225311e-01 1.209474070033050852e-01
5.613086310965569314e-01 2.077645729955711340e-01 1.241172432030364370e-01
5.613086310965569314e-01 2.077645729955711340e-01 1.241172432030364370e-01
5.662956588294525417e-01 2.082339234375149006e-01 1.273487683882950638e-01
5.662956588294525417e-01 2.082339234375149006e-01 1.273487683882950638e-01
5.712770178280945910e-01 2.086996267494289625e-01 1.306437896251789743e-01
5.712770178280945910e-01 2.086996267494289625e-01 1.306437896251789743e-01
5.762516077886600252e-01 2.091631087813997647e-01 1.340040933119053257e-01
5.762516077886600252e-01 2.091631087813997647e-01 1.340040933119053257e-01
5.812182671488473895e-01 2.096259091507773342e-01 1.374314362880612594e-01
5.812182671488473895e-01 2.096259091507773342e-01 1.374314362880612594e-01
5.861757759071425378e-01 2.100896811195071268e-01 1.409275365334458630e-01
5.861757759071425378e-01 2.100896811195071268e-01 1.409275365334458630e-01
5.911228590435410046e-01 2.105561904263660022e-01 1.444940635286857677e-01
5.911228590435410046e-01 2.105561904263660022e-01 1.444940635286857677e-01
5.960581905401985958e-01 2.110273129977350559e-01 1.481326283610588379e-01
5.960581905401985958e-01 2.110273129977350559e-01 1.481326283610588379e-01
6.009803979903531879e-01 2.115050314729208236e-01 1.518447736695660299e-01
6.009803979903531879e-01 2.115050314729208236e-01 1.518447736695660299e-01
6.058880677731156572e-01 2.119914304954187423e-01 1.556319635329083406e-01
6.058880677731156572e-01 2.119914304954187423e-01 1.556319635329083406e-01
6.107797507607036769e-01 2.124886907395087676e-01 1.594955734122457114e-01
6.107797507607036769e-01 2.124886907395087676e-01 1.594955734122457114e-01
6.156554209555602508e-01 2.129969126821401881e-01 1.634387035508292063e-01
6.156554209555602508e-01 2.129969126821401881e-01 1.634387035508292063e-01
6.205126840403706323e-01 2.135197094659006534e-01 1.674616745612200752e-01
6.205126840403706323e-01 2.135197094659006534e-01 1.674616745612200752e-01
6.253493687416669111e-01 2.140604676104594650e-01 1.715647728326642474e-01
6.253493687416669111e-01 2.140604676104594650e-01 1.715647728326642474e-01
6.301639265308989213e-01 2.146217050349810973e-01 1.757488977245970918e-01
6.301639265308989213e-01 2.146217050349810973e-01 1.757488977245970918e-01
6.349548108384314160e-01 2.152059847672662396e-01 1.800148115806775306e-01
6.349548108384314160e-01 2.152059847672662396e-01 1.800148115806775306e-01
6.397216613848101252e-01 2.158140161932237677e-01 1.843651399440001115e-01
6.397216613848101252e-01 2.158140161932237677e-01 1.843651399440001115e-01
6.444625269701680370e-01 2.164490280015954615e-01 1.887999558598416894e-01
6.444625269701680370e-01 2.164490280015954615e-01 1.887999558598416894e-01
6.491749637781519811e-01 2.171151436892687359e-01 1.933180308444710505e-01
6.491749637781519811e-01 2.171151436892687359e-01 1.933180308444710505e-01
6.538575028716225868e-01 2.178149876729362500e-01 1.979194823393044533e-01
6.538575028716225868e-01 2.178149876729362500e-01 1.979194823393044533e-01
6.585098917280595154e-01 2.185491485182214921e-01 2.026068489127989813e-01
6.585098917280595154e-01 2.185491485182214921e-01 2.026068489127989813e-01
6.631299540846586904e-01 2.193214558328268060e-01 2.073785725907803523e-01
6.631299540846586904e-01 2.193214558328268060e-01 2.073785725907803523e-01
6.677157582263399949e-01 2.201354310444960660e-01 2.122329790349079259e-01
6.677157582263399949e-01 2.201354310444960660e-01 2.122329790349079259e-01
6.722665359286746911e-01 2.209926072394678143e-01 2.171708092368763998e-01
6.722665359286746911e-01 2.209926072394678143e-01 2.171708092368763998e-01
6.767813719158749519e-01 2.218947480265167915e-01 2.221924071910608978e-01
6.767813719158749519e-01 2.218947480265167915e-01 2.221924071910608978e-01
6.812581660849679199e-01 2.228458206940095165e-01 2.272943506758271504e-01
6.812581660849679199e-01 2.228458206940095165e-01 2.272943506758271504e-01
6.856962566583930663e-01 2.238472058996792136e-01 2.324767992207191769e-01
6.856962566583930663e-01 2.238472058996792136e-01 2.324767992207191769e-01
6.900948621422535734e-01 2.249004752543833363e-01 2.377394442818652476e-01
6.900948621422535734e-01 2.249004752543833363e-01 2.377394442818652476e-01
6.944523916738508662e-01 2.260088135028367751e-01 2.430786273305891032e-01
6.944523916738508662e-01 2.260088135028367751e-01 2.430786273305891032e-01
6.987684722757072642e-01 2.271730414897578654e-01 2.484945555549563367e-01
6.987684722757072642e-01 2.271730414897578654e-01 2.484945555549563367e-01
7.030421928174480639e-01 2.283950512450687031e-01 2.539850563668757943e-01
7.030421928174480639e-01 2.283950512450687031e-01 2.539850563668757943e-01
7.072726273058090873e-01 2.296768338469380721e-01 2.595471051945600349e-01
7.072726273058090873e-01 2.296768338469380721e-01 2.595471051945600349e-01
7.114596528903035511e-01 2.310186449792794028e-01 2.651810848622678796e-01
7.114596528903035511e-01 2.310186449792794028e-01 2.651810848622678796e-01
7.156023640352178194e-01 2.324224910922745024e-01 2.708828969926989072e-01
7.156023640352178194e-01 2.324224910922745024e-01 2.708828969926989072e-01
7.197004795193282511e-01 2.338890092089626616e-01 2.766511076750666209e-01
7.197004795193282511e-01 2.338890092089626616e-01 2.766511076750666209e-01
7.237537296769094297e-01 2.354187930519634764e-01 2.824840310515447372e-01
7.237537296769094297e-01 2.354187930519634764e-01 2.824840310515447372e-01
7.277617201302112315e-01 2.370128020795846391e-01 2.883783917664615171e-01
7.277617201302112315e-01 2.370128020795846391e-01 2.883783917664615171e-01
7.317244209734525828e-01 2.386710460559268443e-01 2.943332213875995418e-01
7.317244209734525828e-01 2.386710460559268443e-01 2.943332213875995418e-01
7.356416068337393588e-01 2.403941174480616338e-01 3.003452571962857975e-01
7.356416068337393588e-01 2.403941174480616338e-01 3.003452571962857975e-01
7.395132646878447291e-01 2.421820299776537844e-01 3.064125960551147831e-01
7.395132646878447291e-01 2.421820299776537844e-01 3.064125960551147831e-01
7.433394011135989743e-01 2.440347548863323612e-01 3.125330718411422071e-01
7.433394011135989743e-01 2.440347548863323612e-01 3.125330718411422071e-01
7.471200486953099018e-01 2.459522420719096325e-01 3.187040936039960970e-01
7.471200486953099018e-01 2.459522420719096325e-01 3.187040936039960970e-01
7.508553207266441820e-01 2.479341504802661245e-01 3.249238523850978000e-01
7.508553207266441820e-01 2.479341504802661245e-01 3.249238523850978000e-01
7.545453339129065684e-01 2.499802088723912796e-01 3.311897976125335874e-01
7.545453339129065684e-01 2.499802088723912796e-01 3.311897976125335874e-01
7.581902533308697567e-01 2.520899570769761788e-01 3.374998616058766387e-01
7.581902533308697567e-01 2.520899570769761788e-01 3.374998616058766387e-01
7.617902644516717503e-01 2.542628833251080467e-01 3.438518836398934964e-01
7.617902644516717503e-01 2.542628833251080467e-01 3.438518836398934964e-01
7.653455713738802624e-01 2.564983990780242973e-01 3.502438033156016206e-01
7.653455713738802624e-01 2.564983990780242973e-01 3.502438033156016206e-01
7.688563987607112127e-01 2.587958904373979796e-01 3.566733579868249793e-01
7.688563987607112127e-01 2.587958904373979796e-01 3.566733579868249793e-01
7.723229672707736526e-01 2.611546346837510524e-01 3.631388156505595544e-01
7.723229672707736526e-01 2.611546346837510524e-01 3.631388156505595544e-01
7.757455277268455740e-01 2.635739474181127973e-01 3.696378255074316277e-01
7.757455277268455740e-01 2.635739474181127973e-01 3.696378255074316277e-01
7.791243053785361639e-01 2.660530480435349676e-01 3.761687111555129248e-01
7.791243053785361639e-01 2.660530480435349676e-01 3.761687111555129248e-01
7.824595367953832703e-01 2.685911694981407694e-01 3.827295236322513783e-01
7.824595367953832703e-01 2.685911694981407694e-01 3.827295236322513783e-01
7.857514765006142765e-01 2.711875391171898464e-01 3.893181263187227015e-01
7.857514765006142765e-01 2.711875391171898464e-01 3.893181263187227015e-01
7.890003032661976334e-01 2.738413384040581655e-01 3.959332047607125316e-01
7.890003032661976334e-01 2.738413384040581655e-01 3.959332047607125316e-01
7.922063030354092872e-01 2.765517980065038128e-01 4.025722474379003768e-01
7.922063030354092872e-01 2.765517980065038128e-01 4.025722474379003768e-01
7.953696167648007798e-01 2.793181085711316514e-01 4.092341048508065238e-01
7.953696167648007798e-01 2.793181085711316514e-01 4.092341048508065238e-01
7.984904587301545620e-01 2.821394949789624018e-01 4.159168182375618805e-01
7.984904587301545620e-01 2.821394949789624018e-01 4.159168182375618805e-01
8.015690354022165787e-01 2.850151835877313133e-01 4.226184774413834222e-01
8.015690354022165787e-01 2.850151835877313133e-01 4.226184774413834222e-01
8.046054263383953797e-01 2.879444316815929494e-01 4.293379708129051453e-01
8.046054263383953797e-01 2.879444316815929494e-01 4.293379708129051453e-01
8.075999062346858048e-01 2.909264795975727291e-01 4.360727900371709209e-01
8.075999062346858048e-01 2.909264795975727291e-01 4.360727900371709209e-01
8.105524861718070850e-01 2.939606379106202705e-01 4.428220492915291850e-01
8.105524861718070850e-01 2.939606379106202705e-01 4.428220492915291850e-01
8.134633151476475810e-01 2.970462072049399604e-01 4.495838809621612309e-01
8.134633151476475810e-01 2.970462072049399604e-01 4.495838809621612309e-01
8.163325376056945748e-01 3.001824989537979493e-01 4.563564207519203997e-01
8.163325376056945748e-01 3.001824989537979493e-01 4.563564207519203997e-01
8.191601083486039769e-01 3.033689175078053135e-01 4.631386971173591660e-01
8.191601083486039769e-01 3.033689175078053135e-01 4.631386971173591660e-01
8.219462481603149184e-01 3.066047752319539521e-01 4.699283353125523477e-01
8.219462481603149184e-01 3.066047752319539521e-01 4.699283353125523477e-01
8.246908713698248850e-01 3.098895340362360917e-01 4.767243769260204322e-01
8.246908713698248850e-01 3.098895340362360917e-01 4.767243769260204322e-01
8.273940077472154986e-01 3.132226260074290614e-01 4.835252118615051553e-01
8.273940077472154986e-01 3.132226260074290614e-01 4.835252118615051553e-01
8.300557936703971684e-01 3.166034402151133298e-01 4.903287561168413466e-01
8.300557936703971684e-01 3.166034402151133298e-01 4.903287561168413466e-01
8.326760393294166951e-01 3.200315537097722096e-01 4.971341982196311737e-01
8.326760393294166951e-01 3.200315537097722096e-01 4.971341982196311737e-01
8.352548793974945429e-01 3.235063842309987558e-01 5.039393723853202722e-01
8.352548793974945429e-01 3.235063842309987558e-01 5.039393723853202722e-01
8.377922226054306254e-01 3.270274868233471466e-01 5.107429521311146470e-01
8.377922226054306254e-01 3.270274868233471466e-01 5.107429521311146470e-01
8.402879143142971685e-01 3.305944718262592841e-01 5.175437451743120087e-01
8.402879143142971685e-01 3.305944718262592841e-01 5.175437451743120087e-01
8.427421881290846351e-01 3.342067261089426977e-01 5.243392132205669798e-01
8.427421881290846351e-01 3.342067261089426977e-01 5.243392132205669798e-01
8.451546980501933870e-01 3.378639999938265470e-01 5.311287278319153371e-01
8.451546980501933870e-01 3.378639999938265470e-01 5.311287278319153371e-01
8.475254562752738696e-01 3.415658365880194780e-01 5.379104253772285515e-01
8.475254562752738696e-01 3.415658365880194780e-01 5.379104253772285515e-01
8.498545270761228565e-01 3.453117503812189182e-01 5.446823101354814067e-01
8.498545270761228565e-01 3.453117503812189182e-01 5.446823101354814067e-01
8.521415872470571307e-01 3.491015149016993835e-01 5.514435007431965907e-01
8.521415872470571307e-01 3.491015149016993835e-01 5.514435007431965907e-01
8.543867779298496279e-01 3.529346087252568931e-01 5.581917635557114288e-01
8.543867779298496279e-01 3.529346087252568931e-01 5.581917635557114288e-01
8.565899577885921490e-01 3.568107004640992397e-01 5.649256732145859772e-01
8.565899577885921490e-01 3.568107004640992397e-01 5.649256732145859772e-01
8.587508718162547572e-01 3.607295431936682339e-01 5.716440608370281229e-01
8.587508718162547572e-01 3.607295431936682339e-01 5.716440608370281229e-01
8.608698372463556847e-01 3.646905058586843995e-01 5.783443287856122605e-01
8.608698372463556847e-01 3.646905058586843995e-01 5.783443287856122605e-01
8.629464806017423939e-01 3.686934299052213038e-01 5.850256204205265265e-01
8.629464806017423939e-01 3.686934299052213038e-01 5.850256204205265265e-01
8.649806723958134436e-01 3.727379960718275043e-01 5.916864472539676845e-01
8.649806723958134436e-01 3.727379960718275043e-01 5.916864472539676845e-01
8.669728960805382911e-01 3.768234597718311818e-01 5.983240009829633443e-01
8.669728960805382911e-01 3.768234597718311818e-01 5.983240009829633443e-01
8.689225863848587528e-01 3.809498066688540296e-01 6.049378430731334744e-01
8.689225863848587528e-01 3.809498066688540296e-01 6.049378430731334744e-01
8.708298360911261859e-01 3.851165666099539697e-01 6.115260877660234629e-01
8.708298360911261859e-01 3.851165666099539697e-01 6.115260877660234629e-01
8.726951085483215520e-01 3.893230062482301301e-01 6.180862025300246643e-01
8.726951085483215520e-01 3.893230062482301301e-01 6.180862025300246643e-01
8.745178716545450870e-01 3.935690945447388733e-01 6.246176891933011843e-01
8.745178716545450870e-01 3.935690945447388733e-01 6.246176891933011843e-01
8.762983829450964324e-01 3.978542433327786898e-01 6.311185237911660639e-01
8.762983829450964324e-01 3.978542433327786898e-01 6.311185237911660639e-01
8.780371601643777169e-01 4.021776770256248468e-01 6.375863396872433198e-01
8.780371601643777169e-01 4.021776770256248468e-01 6.375863396872433198e-01
8.797336882887424325e-01 4.065393547370907967e-01 6.440206819470422062e-01
8.797336882887424325e-01 4.065393547370907967e-01 6.440206819470422062e-01
8.813883622506106796e-01 4.109385876554823569e-01 6.504195331803004354e-01
8.813883622506106796e-01 4.109385876554823569e-01 6.504195331803004354e-01
8.830019139747422585e-01 4.153744447211701885e-01 6.567804817486574409e-01
8.830019139747422585e-01 4.153744447211701885e-01 6.567804817486574409e-01
8.845737858609441506e-01 4.198469166484846693e-01 6.631032746412884871e-01
8.845737858609441506e-01 4.198469166484846693e-01 6.631032746412884871e-01
8.861043973118367667e-01 4.243552963486071916e-01 6.693861456493630513e-01
8.861043973118367667e-01 4.243552963486071916e-01 6.693861456493630513e-01
8.875950126525897765e-01 4.288982729389599347e-01 6.756262639203678422e-01
8.875950126525897765e-01 4.288982729389599347e-01 6.756262639203678422e-01
8.890448912928133884e-01 4.334759712814424404e-01 6.818238201465163240e-01
8.890448912928133884e-01 4.334759712814424404e-01 6.818238201465163240e-01
8.904543851264983267e-01 4.380877363014310522e-01 6.879774538291312247e-01
8.904543851264983267e-01 4.380877363014310522e-01 6.879774538291312247e-01
8.918253743217781082e-01 4.427318250972220315e-01 6.940839716017224159e-01
8.918253743217781082e-01 4.427318250972220315e-01 6.940839716017224159e-01
8.931571606226429427e-01 4.474083402435797274e-01 7.001437025746193310e-01
8.931571606226429427e-01 4.474083402435797274e-01 7.001437025746193310e-01
8.944500735744713715e-01 4.521166534658205838e-01 7.061556615024388028e-01
8.944500735744713715e-01 4.521166534658205838e-01 7.061556615024388028e-01
8.957055150004339383e-01 4.568553797671143779e-01 7.121177315022241272e-01
8.957055150004339383e-01 4.568553797671143779e-01 7.121177315022241272e-01
8.969244354661405350e-01 4.616234649053362338e-01 7.180285465186826421e-01
8.969244354661405350e-01 4.616234649053362338e-01 7.180285465186826421e-01
8.981064524571215069e-01 4.664208065541342041e-01 7.238883072370710936e-01
8.981064524571215069e-01 4.664208065541342041e-01 7.238883072370710936e-01
8.992522617005158647e-01 4.712465443456122505e-01 7.296960739768153514e-01
8.992522617005158647e-01 4.712465443456122505e-01 7.296960739768153514e-01
9.003642461539623776e-01 4.760986418863529801e-01 7.354493908018734372e-01
9.003642461539623776e-01 4.760986418863529801e-01 7.354493908018734372e-01
9.014423726229565670e-01 4.809767796833149256e-01 7.411484207135206059e-01
9.014423726229565670e-01 4.809767796833149256e-01 7.411484207135206059e-01
9.024868573070758959e-01 4.858804697834286368e-01 7.467930927448206413e-01
9.024868573070758959e-01 4.858804697834286368e-01 7.467930927448206413e-01
9.034985878861071518e-01 4.908087646287527250e-01 7.523827855519967800e-01
9.034985878861071518e-01 4.908087646287527250e-01 7.523827855519967800e-01
9.044799658447656432e-01 4.957596810851604419e-01 7.579157483985874411e-01
9.044799658447656432e-01 4.957596810851604419e-01 7.579157483985874411e-01
9.054317245071135112e-01 5.007324190791874186e-01 7.633918663959805562e-01
9.054317245071135112e-01 5.007324190791874186e-01 7.633918663959805562e-01
9.063538152108938650e-01 5.057267317066441725e-01 7.688116941284690586e-01
9.063538152108938650e-01 5.057267317066441725e-01 7.688116941284690586e-01
9.072472887858704649e-01 5.107416249203243774e-01 7.741749595883774537e-01
9.072472887858704649e-01 5.107416249203243774e-01 7.741749595883774537e-01
9.081132321021679887e-01 5.157760987571616829e-01 7.794814765346718133e-01
9.081132321021679887e-01 5.157760987571616829e-01 7.794814765346718133e-01
9.089547636088752824e-01 5.208277915051384710e-01 7.847298153100311646e-01
9.089547636088752824e-01 5.208277915051384710e-01 7.847298153100311646e-01
9.097718609400143874e-01 5.258965119390642817e-01 7.899208826608968836e-01
9.097718609400143874e-01 5.258965119390642817e-01 7.899208826608968836e-01
9.105649758945264516e-01 5.309817572354071924e-01 7.950552551381507849e-01
9.105649758945264516e-01 5.309817572354071924e-01 7.950552551381507849e-01
9.113352993811006941e-01 5.360825420690754628e-01 8.001330940368093225e-01
9.113352993811006941e-01 5.360825420690754628e-01 8.001330940368093225e-01
9.120840429662737670e-01 5.411978898378729808e-01 8.051546411171562889e-01
9.120840429662737670e-01 5.411978898378729808e-01 8.051546411171562889e-01
9.128124356989105737e-01 5.463268353509010966e-01 8.101202165429648439e-01
9.128124356989105737e-01 5.463268353509010966e-01 8.101202165429648439e-01
9.135227685851056156e-01 5.514677344654387303e-01 8.150296915900859807e-01
9.135227685851056156e-01 5.514677344654387303e-01 8.150296915900859807e-01
9.142166782075457077e-01 5.566194111670342837e-01 8.198834316056643479e-01
9.142166782075457077e-01 5.566194111670342837e-01 8.198834316056643479e-01
9.148939782481436689e-01 5.617819124225345018e-01 8.246827325157194410e-01
9.148939782481436689e-01 5.617819124225345018e-01 8.246827325157194410e-01
9.155559147248800711e-01 5.669543570413861922e-01 8.294282039089885261e-01
9.155559147248800711e-01 5.669543570413861922e-01 8.294282039089885261e-01
9.162037339312186779e-01 5.721358874275289663e-01 8.341205179009717474e-01
9.162037339312186779e-01 5.721358874275289663e-01 8.341205179009717474e-01
9.168386793350131736e-01 5.773256714784831267e-01 8.387604055314206164e-01
9.168386793350131736e-01 5.773256714784831267e-01 8.387604055314206164e-01
9.174619885629504701e-01 5.825229043162861720e-01 8.433486530224851840e-01
9.174619885629504701e-01 5.825229043162861720e-01 8.433486530224851840e-01
9.180748904913138553e-01 5.877268098418735320e-01 8.478860979289419841e-01
9.180748904913138553e-01 5.877268098418735320e-01 8.478860979289419841e-01
9.186786024621038660e-01 5.929366421066796233e-01 8.523736252117933843e-01
9.186786024621038660e-01 5.929366421066796233e-01 8.523736252117933843e-01
9.192743276416747156e-01 5.981516864973321912e-01 8.568121632660492537e-01
9.192743276416747156e-01 5.981516864973321912e-01 8.568121632660492537e-01
9.198632525370089574e-01 6.033712607314295484e-01 8.612026799326361060e-01
9.198632525370089574e-01 6.033712607314295484e-01 8.612026799326361060e-01
9.204465446825819130e-01 6.085947156643549683e-01 8.655461785232057004e-01
9.204465446825819130e-01 6.085947156643549683e-01 8.655461785232057004e-01
9.210253505085610470e-01 6.138214359089875227e-01 8.698436938851584754e-01
9.210253505085610470e-01 6.138214359089875227e-01 8.698436938851584754e-01
9.216007933988293876e-01 6.190508402719235859e-01 8.740962885325016529e-01
9.216007933988293876e-01 6.190508402719235859e-01 8.740962885325016529e-01
9.221739719450208206e-01 6.242823820114361544e-01 8.783050488662589306e-01
9.221739719450208206e-01 6.242823820114361544e-01 8.783050488662589306e-01
9.227459584006210136e-01 6.295155489238254409e-01 8.824710815060875513e-01
9.227459584006210136e-01 6.295155489238254409e-01 8.824710815060875513e-01
9.233177973369269820e-01 6.347498632661192630e-01 8.865955097526068140e-01
9.233177973369269820e-01 6.347498632661192630e-01 8.865955097526068140e-01
9.238905045006676753e-01 6.399848815241410138e-01 8.906794701976634698e-01
9.238905045006676753e-01 6.399848815241410138e-01 8.906794701976634698e-01
9.244650658711297542e-01 6.452201940358851529e-01 8.947241094975388886e-01
9.244650658711297542e-01 6.452201940358851529e-01 8.947241094975388886e-01
9.250424369127833168e-01 6.504554244808762320e-01 8.987305813217737471e-01
9.250424369127833168e-01 6.504554244808762320e-01 8.987305813217737471e-01
9.256235420177650886e-01 6.556902292467365889e-01 9.027000434880838586e-01
9.256235420177650886e-01 6.556902292467365889e-01 9.027000434880838586e-01
9.262092741311046540e-01 6.609242966845494394e-01 9.066336552916635094e-01
9.262092741311046540e-01 6.609242966845494394e-01 9.066336552916635094e-01
9.268004945501701064e-01 6.661573462648959776e-01 9.105325750351022096e-01
9.268004945501701064e-01 6.661573462648959776e-01 9.105325750351022096e-01
9.273980328887113656e-01 6.713891276464319935e-01 9.143979577631409228e-01
9.273980328887113656e-01 6.713891276464319935e-01 9.143979577631409228e-01
9.280026871948869882e-01 6.766194196688948281e-01 9.182309532047169265e-01
9.280026871948869882e-01 6.766194196688948281e-01 9.182309532047169265e-01
9.286152242117658995e-01 6.818480292822287625e-01 9.220327039229936350e-01
9.286152242117658995e-01 6.818480292822287625e-01 9.220327039229936350e-01
9.292363797682394733e-01 6.870747904232220593e-01 9.258043436725731379e-01
9.292363797682394733e-01 6.870747904232220593e-01 9.258043436725731379e-01
9.298668592876583316e-01 6.922995628507155885e-01 9.295469959616854405e-01
9.298668592876583316e-01 6.922995628507155885e-01 9.295469959616854405e-01
9.305121791704986656e-01 6.975194822053254473e-01 9.332617220214365350e-01
9.305121791704986656e-01 6.975194822053254473e-01 9.332617220214365350e-01
9.311687622759468042e-01 7.027368867046651646e-01 9.369497855211679216e-01
9.311687622759468042e-01 7.027368867046651646e-01 9.369497855211679216e-01
9.318370706986638385e-01 7.079517993093538131e-01 9.406122874228212138e-01
9.318370706986638385e-01 7.079517993093538131e-01 9.406122874228212138e-01
9.325176945707456255e-01 7.131641750498457499e-01 9.442503105237308736e-01
9.325176945707456255e-01 7.131641750498457499e-01 9.442503105237308736e-01
9.332111960646083393e-01 7.183739893660245901e-01 9.478649224402194706e-01
9.332111960646083393e-01 7.183739893660245901e-01 9.478649224402194706e-01
9.339181103697944408e-01 7.235812368561866936e-01 9.514571752477360977e-01
9.339181103697944408e-01 7.235812368561866936e-01 9.514571752477360977e-01
9.346415428675785009e-01 7.287845031676236651e-01 9.550282481974555759e-01
9.346415428675785009e-01 7.287845031676236651e-01 9.550282481974555759e-01
9.353845735900950809e-01 7.339824212900771805e-01 9.585794084172535312e-01
9.353845735900950809e-01 7.339824212900771805e-01 9.585794084172535312e-01
9.361429347282516078e-01 7.391776519982004023e-01 9.621114570447081293e-01
9.361429347282516078e-01 7.391776519982004023e-01 9.621114570447081293e-01
9.369170556603756417e-01 7.443702621383523343e-01 9.656253905178566743e-01
9.369170556603756417e-01 7.443702621383523343e-01 9.656253905178566743e-01
9.377073427132771588e-01 7.495603323375060745e-01 9.691221893920185515e-01
9.377073427132771588e-01 7.495603323375060745e-01 9.691221893920185515e-01
9.385165021503989458e-01 7.547467129748860470e-01 9.726030567479133637e-01
9.385165021503989458e-01 7.547467129748860470e-01 9.726030567479133637e-01
9.393499779272845851e-01 7.599268226680655491e-01 9.760695691707149679e-01
9.393499779272845851e-01 7.599268226680655491e-01 9.760695691707149679e-01
9.402011514407105919e-01 7.651045260037927509e-01 9.795220173926497687e-01
9.402011514407105919e-01 7.651045260037927509e-01 9.795220173926497687e-01
9.410703335783544565e-01 7.702799580680490532e-01 9.829613275072734968e-01
9.410703335783544565e-01 7.702799580680490532e-01 9.829613275072734968e-01
9.419578160371646636e-01 7.754532630992861941e-01 9.863884123609567567e-01
9.419578160371646636e-01 7.754532630992861941e-01 9.863884123609567567e-01
9.428738680514021642e-01 7.806193778077745726e-01 9.898056118521110225e-01
9.428738680514021642e-01 7.806193778077745726e-01 9.898056118521110225e-01
9.438103648964893955e-01 7.857828915740958653e-01 9.932127739144503975e-01
9.438103648964893955e-01 7.857828915740958653e-01 9.932127739144503975e-01
9.447663248647936163e-01 7.909446135074227335e-01 9.966106135775500974e-01
9.447663248647936163e-01 7.909446135074227335e-01 9.966106135775500974e-01
9.457419532001845042e-01 7.961047276249653137e-01 1.000000000000000000e+00
9.457419532001845042e-01 7.961047276249653137e-01 1.000000000000000000e+00
