1.000000000000000000e+00 6.622368113808856371e-01 6.181337285898551581e-01
1.000000000000000000e+00 6.622368113808856371e-01 6.181337285898551581e-01
9.986848376719005271e-01 6.573836060692516137e-01 6.138216565973010352e-01
9.986848376719005271e-01 6.573836060692516137e-01 6.138216565973010352e-01
9.973571936933232074e-01 6.525425782012216347e-01 6.095134734035316804e-01
9.973571936933232074e-01 6.525425782012216347e-01 6.095134734035316804e-01
9.960454489759900110e-01 6.476956762181316218e-01 6.051958213093631134e-01
9.960454489759900110e-01 6.476956762181316218e-01 6.051958213093631134e-01
9.934246884350768081e-01 6.380113594294896107e-01 5.965500258463768413e-01
9.934246884350768081e-01 6.380113594294896107e-01 5.965500258463768413e-01
9.921327138902604759e-01 6.331624104287402188e-01 5.922124409087271557e-01
9.921327138902604759e-01 6.331624104287402188e-01 5.922124409087271557e-01
9.908308480546277330e-01 6.283228357670430642e-01 5.878747465966268626e-01
9.908308480546277330e-01 6.283228357670430642e-01 5.878747465966268626e-01
9.895445680355968721e-01 6.234757945689940462e-01 5.835237748740623731e-01
9.895445680355968721e-01 6.234757945689940462e-01 5.835237748740623731e-01
9.869688455868722565e-01 6.137906958006957847e-01 5.748033021771935536e-01
9.869688455868722565e-01 6.137906958006957847e-01 5.748033021771935536e-01
9.857009813806090204e-01 6.089376752576127760e-01 5.704209228514289798e-01
9.857009813806090204e-01 6.089376752576127760e-01 5.704209228514289798e-01
9.844271097561735351e-01 6.040901538399653381e-01 5.660324856402847438e-01
9.844271097561735351e-01 6.040901538399653381e-01 5.660324856402847438e-01
9.831466109945310450e-01 5.992483877212735344e-01 5.616375525267406355e-01
9.831466109945310450e-01 5.992483877212735344e-01 5.616375525267406355e-01
9.806264028724874793e-01 5.895395149755496833e-01 5.527905554874675831e-01
9.806264028724874793e-01 5.895395149755496833e-01 5.527905554874675831e-01
9.793581365081338586e-01 5.846913787564378406e-01 5.483518283665111959e-01
9.793581365081338586e-01 5.846913787564378406e-01 5.483518283665111959e-01
9.781024342712637543e-01 5.798345602867577275e-01 5.438909155861338940e-01
9.781024342712637543e-01 5.798345602867577275e-01 5.438909155861338940e-01
9.768499568728875593e-01 5.749752125895913890e-01 5.394115968594548338e-01
9.768499568728875593e-01 5.749752125895913890e-01 5.394115968594548338e-01
9.743333028550322794e-01 5.652630648224177268e-01 5.304044765369652081e-01
9.743333028550322794e-01 5.652630648224177268e-01 5.304044765369652081e-01
9.730839939695813401e-01 5.603991203334616200e-01 5.258639976257655224e-01
9.730839939695813401e-01 5.603991203334616200e-01 5.258639976257655224e-01
9.718364287095246912e-01 5.555325877948312785e-01 5.212987898974699164e-01
9.718364287095246912e-01 5.555325877948312785e-01 5.212987898974699164e-01
9.705856341581265978e-01 5.506668639131218068e-01 5.167099432728189390e-01
9.705856341581265978e-01 5.506668639131218068e-01 5.167099432728189390e-01
9.680759344755959228e-01 5.409360107844224386e-01 5.074509891639208403e-01
9.680759344755959228e-01 5.409360107844224386e-01 5.074509891639208403e-01
9.668175427460966587e-01 5.360701916453149973e-01 5.027751900696052489e-01
9.668175427460966587e-01 5.360701916453149973e-01 5.027751900696052489e-01
9.655627486665205872e-01 5.311994156055209748e-01 4.980599370082668953e-01
9.655627486665205872e-01 5.311994156055209748e-01 4.980599370082668953e-01
9.643055305400818344e-01 5.263280867936387386e-01 4.933059361629132389e-01
9.643055305400818344e-01 5.263280867936387386e-01 4.933059361629132389e-01
9.617750187874539725e-01 5.165904072894225152e-01 4.836722142628493981e-01
9.617750187874539725e-01 5.165904072894225152e-01 4.836722142628493981e-01
9.604997572563753749e-01 5.117257200585459964e-01 4.787847829936465183e-01
9.604997572563753749e-01 5.117257200585459964e-01 4.787847829936465183e-01
9.592158404362924884e-01 5.068655812016136242e-01 4.738447593873829633e-01
9.592158404362924884e-01 5.068655812016136242e-01 4.738447593873829633e-01
9.579211537220547745e-01 5.020119638151528951e-01 4.688476911672970759e-01
9.579211537220547745e-01 5.020119638151528951e-01 4.688476911672970759e-01
9.552982130938745264e-01 4.923271881349889911e-01 4.586531851737630783e-01
9.552982130938745264e-01 4.923271881349889911e-01 4.586531851737630783e-01
9.539633916956528070e-01 4.875026505981185920e-01 4.534437015964794537e-01
9.539633916956528070e-01 4.875026505981185920e-01 4.534437015964794537e-01
9.526035581035565691e-01 4.826989546593560831e-01 4.481546984415576418e-01
9.526035581035565691e-01 4.826989546593560831e-01 4.481546984415576418e-01
9.512119383463190081e-01 4.779230078241515911e-01 4.427811107008494673e-01
9.512119383463190081e-01 4.779230078241515911e-01 4.427811107008494673e-01
9.483303746781869270e-01 4.684643893386065128e-01 4.317206345679454049e-01
9.483303746781869270e-01 4.684643893386065128e-01 4.317206345679454049e-01
9.468116962074262233e-01 4.638102213864562229e-01 4.260311065121377694e-01
9.468116962074262233e-01 4.638102213864562229e-01 4.260311065121377694e-01
9.452327355936990250e-01 4.592174339601540756e-01 4.202157393399549301e-01
9.452327355936990250e-01 4.592174339601540756e-01 4.202157393399549301e-01
9.435695472099211445e-01 4.547098403283815760e-01 4.142820710237709037e-01
9.435695472099211445e-01 4.547098403283815760e-01 4.142820710237709037e-01
9.399198111958627644e-01 4.460287172486652740e-01 4.020524449687418178e-01
9.399198111958627644e-01 4.460287172486652740e-01 4.020524449687418178e-01
9.378854226007363737e-01 4.419059148648004087e-01 3.957781425710498180e-01
9.378854226007363737e-01 4.419059148648004087e-01 3.957781425710498180e-01
9.356774940914223126e-01 4.379636666842565140e-01 3.894279933337835287e-01
9.356774940914223126e-01 4.379636666842565140e-01 3.894279933337835287e-01
9.332743830212412162e-01 4.342244833829745909e-01 3.830344192480032994e-01
9.332743830212412162e-01 4.342244833829745909e-01 3.830344192480032994e-01
9.278288384822356294e-01 4.274099811752331557e-01 3.702757972919638596e-01
9.278288384822356294e-01 4.274099811752331557e-01 3.702757972919638596e-01
9.247825538020554292e-01 4.243380516572704542e-01 3.639885877749197141e-01
9.247825538020554292e-01 4.243380516572704542e-01 3.639885877749197141e-01
9.215327425522048532e-01 4.214767693168380847e-01 3.578061556270346055e-01
9.215327425522048532e-01 4.214767693168380847e-01 3.578061556270346055e-01
9.180969594633163755e-01 4.188084563954320716e-01 3.517453566929021891e-01
9.180969594633163755e-01 4.188084563954320716e-01 3.517453566929021891e-01
9.107472708890188562e-01 4.139710924038408346e-01 3.400141458381563120e-01
9.107472708890188562e-01 4.139710924038408346e-01 3.400141458381563120e-01
9.068734535014904008e-01 4.117608614807674039e-01 3.343557024856890214e-01
9.068734535014904008e-01 4.117608614807674039e-01 3.343557024856890214e-01
9.028903230448720452e-01 4.096674703953104846e-01 3.288189048724757257e-01
9.028903230448720452e-01 4.096674703953104846e-01 3.288189048724757257e-01
8.988141410789687313e-01 4.076738761287864721e-01 3.234061612731822244e-01
8.988141410789687313e-01 4.076738761287864721e-01 3.234061612731822244e-01
8.904333023926609414e-01 4.039369348688294226e-01 3.129135849057700369e-01
8.904333023926609414e-01 4.039369348688294226e-01 3.129135849057700369e-01
8.861488321185256867e-01 4.021741022048748726e-01 3.078147196308673172e-01
8.861488321185256867e-01 4.021741022048748726e-01 3.078147196308673172e-01
8.818163749253183914e-01 4.004659467289682917e-01 3.028159263399176071e-01
8.818163749253183914e-01 4.004659467289682917e-01 3.028159263399176071e-01
5.731860514127600226e-01 5.666985708672380717e-01 5.645376936725921002e-01
5.731860514127600226e-01 5.666985708672380717e-01 5.645376936725921002e-01
5.702814411224768065e-01 5.638788889678544303e-01 5.617218904873405583e-01
5.702814411224768065e-01 5.638788889678544303e-01 5.617218904873405583e-01
5.673836407547745431e-01 5.610658696439595472e-01 5.589127262111341921e-01
5.673836407547745431e-01 5.610658696439595472e-01 5.589127262111341921e-01
5.644929237758938845e-01 5.582597519947108955e-01 5.561104451856528907e-01
5.644929237758938845e-01 5.582597519947108955e-01 5.561104451856528907e-01
5.587325863234516854e-01 5.526680691984839910e-01 5.505263813863898736e-01
5.587325863234516854e-01 5.526680691984839910e-01 5.505263813863898736e-01
5.558628885396124097e-01 5.498824273121786232e-01 5.477445223834004340e-01
5.558628885396124097e-01 5.498824273121786232e-01 5.477445223834004340e-01
5.529997316270195418e-01 5.471031793930978271e-01 5.449690357143918140e-01
5.529997316270195418e-01 5.471031793930978271e-01 5.449690357143918140e-01
5.501432593516925040e-01 5.443304508228711258e-01 5.422000495928162023e-01
5.501432593516925040e-01 5.443304508228711258e-01 5.422000495928162023e-01
5.444507174640204061e-01 5.388048565567199466e-01 5.366818905912881243e-01
5.444507174640204061e-01 5.388048565567199466e-01 5.366818905912881243e-01
5.416145713398615724e-01 5.360519149081447443e-01 5.339326422502375102e-01
5.416145713398615724e-01 5.360519149081447443e-01 5.339326422502375102e-01
5.387850653542718415e-01 5.333054386951262549e-01 5.311898429417993839e-01
5.387850653542718415e-01 5.333054386951262549e-01 5.311898429417993839e-01
5.359616261561289674e-01 5.305648943364575931e-01 5.284529549396738135e-01
5.359616261561289674e-01 5.305648943364575931e-01 5.284529549396738135e-01
5.303344713029050084e-01 5.251029934425576196e-01 5.229983215530426000e-01
5.303344713029050084e-01 5.251029934425576196e-01 5.229983215530426000e-01
5.275306799156138648e-01 5.223815617153986235e-01 5.202805014529764405e-01
5.275306799156138648e-01 5.223815617153986235e-01 5.202805014529764405e-01
5.247333618776062192e-01 5.196664254820619888e-01 5.175689624133128497e-01
5.247333618776062192e-01 5.196664254820619888e-01 5.175689624133128497e-01
5.219421265274096777e-01 5.169572181353193630e-01 5.148633356358270907e-01
5.219421265274096777e-01 5.169572181353193630e-01 5.148633356358270907e-01
5.163780059661146060e-01 5.115566706238983130e-01 5.094699032146068340e-01
5.163780059661146060e-01 5.115566706238983130e-01 5.094699032146068340e-01
5.136053996425040680e-01 5.088655854202615014e-01 5.067823555509426425e-01
5.136053996425040680e-01 5.088655854202615014e-01 5.067823555509426425e-01
5.108390458047024074e-01 5.061805761055689912e-01 5.041008707491637653e-01
5.108390458047024074e-01 5.061805761055689912e-01 5.041008707491637653e-01
5.080789067355011568e-01 5.035016052143838072e-01 5.014254115762405428e-01
5.080789067355011568e-01 5.035016052143838072e-01 5.014254115762405428e-01
5.025756002783637877e-01 4.981601978243733742e-01 4.960909821397103125e-01
5.025756002783637877e-01 4.981601978243733742e-01 4.960909821397103125e-01
4.998330340331800792e-01 4.954983200401585353e-01 4.934325751496881352e-01
4.998330340331800792e-01 4.954983200401585353e-01 4.934325751496881352e-01
4.970965034020032314e-01 4.928423024484462345e-01 4.907800166911399087e-01
4.970965034020032314e-01 4.928423024484462345e-01 4.907800166911399087e-01
4.943659710413161879e-01 4.901921079408875226e-01 4.881332698836943207e-01
4.943659710413161879e-01 4.901921079408875226e-01 4.881332698836943207e-01
4.889216427142353272e-01 4.849079923667785619e-01 4.828560113846820934e-01
4.889216427142353272e-01 4.849079923667785619e-01 4.828560113846820934e-01
4.862079937275081143e-01 4.822742046131967553e-01 4.802256348139107844e-01
4.862079937275081143e-01 4.822742046131967553e-01 4.802256348139107844e-01
4.835001670346197322e-01 4.796460648133107907e-01 4.776008958695801554e-01
4.835001670346197322e-01 4.796460648133107907e-01 4.776008958695801554e-01
4.807981256195665853e-01 4.770235361674317609e-01 4.749817579767979248e-01
4.807981256195665853e-01 4.770235361674317609e-01 4.749817579767979248e-01
4.754106202197157516e-01 4.717945677199087418e-01 4.697595392526094371e-01
4.754106202197157516e-01 4.717945677199087418e-01 4.697595392526094371e-01
4.727247853310518333e-01 4.691877717670016046e-01 4.671561018396713227e-01
4.727247853310518333e-01 4.691877717670016046e-01 4.671561018396713227e-01
4.700445625225346813e-01 4.665864145315120615e-01 4.645580941258599661e-01
4.700445625225346813e-01 4.665864145315120615e-01 4.645580941258599661e-01
4.673699150530213342e-01 4.639904594677042304e-01 4.619654797882214448e-01
4.673699150530213342e-01 4.639904594677042304e-01 4.619654797882214448e-01
4.620371068501785694e-01 4.588145218850614437e-01 4.567961978708696691e-01
4.620371068501785694e-01 4.588145218850614437e-01 4.567961978708696691e-01
4.593780000479287806e-01 4.562336361034665111e-01 4.542186248271624094e-01
4.593780000479287806e-01 4.562336361034665111e-01 4.542186248271624094e-01
4.567242977644526691e-01 4.536579823419973900e-01 4.516462760764159978e-01
4.567242977644526691e-01 4.536579823419973900e-01 4.516462760764159978e-01
4.540759634743298800e-01 4.510875242477532243e-01 4.490791154876232483e-01
4.540759634743298800e-01 4.510875242477532243e-01 4.490791154876232483e-01
4.487952525081468913e-01 4.459620493620757853e-01 4.439602139876883680e-01
4.487952525081468913e-01 4.459620493620757853e-01 4.439602139876883680e-01
4.461623020398914341e-01 4.434064823235241981e-01 4.414079219820720712e-01
4.461623020398914341e-01 4.434064823235241981e-01 4.414079219820720712e-01
4.435340510649882773e-01 4.408554664858587713e-01 4.388601733818271455e-01
4.435340510649882773e-01 4.408554664858587713e-01 4.388601733818271455e-01
4.409109628570028194e-01 4.383094418057907893e-01 4.363174097140583019e-01
4.409109628570028194e-01 4.383094418057907893e-01 4.363174097140583019e-01
4.356801289587677872e-01 4.332322207012487825e-01 4.312466928509582353e-01
4.356801289587677872e-01 4.332322207012487825e-01 4.312466928509582353e-01
4.330723102439278382e-01 4.307009515222700036e-01 4.287186673491513722e-01
4.330723102439278382e-01 4.307009515222700036e-01 4.287186673491513722e-01
4.304685590814810725e-01 4.281736204263521528e-01 4.261945726341187513e-01
4.304685590814810725e-01 4.281736204263521528e-01 4.261945726341187513e-01
4.278696609013349361e-01 4.256509759915894642e-01 4.236751594014104838e-01
4.278696609013349361e-01 4.256509759915894642e-01 4.236751594014104838e-01
4.226865965387685553e-01 4.206199064986742009e-01 4.186505383649782863e-01
4.226865965387685553e-01 4.206199064986742009e-01 4.186505383649782863e-01
4.201023574530445837e-01 4.181114087517830979e-01 4.161452583239311775e-01
4.201023574530445837e-01 4.181114087517830979e-01 4.161452583239311775e-01
4.175226042908452007e-01 4.156072400889810892e-01 4.136443027599719380e-01
4.175226042908452007e-01 4.156072400889810892e-01 4.136443027599719380e-01
4.149468484134461455e-01 4.131069303579774643e-01 4.111472010923885034e-01
4.149468484134461455e-01 4.131069303579774643e-01 4.111472010923885034e-01
4.098094611362292916e-01 4.081199239572557702e-01 4.061666007192117900e-01
4.098094611362292916e-01 4.081199239572557702e-01 4.061666007192117900e-01
4.072477567795984021e-01 4.056331544858120530e-01 4.036830296689810638e-01
4.072477567795984021e-01 4.056331544858120530e-01 4.036830296689810638e-01
4.046906631909646945e-01 4.031508255069172209e-01 4.012038963561858629e-01
4.046906631909646945e-01 4.031508255069172209e-01 4.012038963561858629e-01
3.995882085384965254e-01 3.981974669000793998e-01 3.962569193078269714e-01
3.995882085384965254e-01 3.981974669000793998e-01 3.962569193078269714e-01
3.970435527430528633e-01 3.957271106513360337e-01 3.937897506090619615e-01
3.970435527430528633e-01 3.957271106513360337e-01 3.937897506090619615e-01
3.945033420282216263e-01 3.932610293326034845e-01 3.913268551552596120e-01
3.945033420282216263e-01 3.932610293326034845e-01 3.913268551552596120e-01
3.919675396689096813e-01 3.907991862547115502e-01 3.888681964917912182e-01
3.919675396689096813e-01 3.907991862547115502e-01 3.888681964917912182e-01
3.869077110426810684e-01 3.858868156959132656e-01 3.839621900921256215e-01
3.869077110426810684e-01 3.858868156959132656e-01 3.839621900921256215e-01
3.843837111133429074e-01 3.834363099340906689e-01 3.815148648086490457e-01
3.843837111133429074e-01 3.834363099340906689e-01 3.815148648086490457e-01
3.818639536681537328e-01 3.809898765296244605e-01 3.790716115173592970e-01
3.818639536681537328e-01 3.809898765296244605e-01 3.790716115173592970e-01
3.793484017285888021e-01 3.785474785051603508e-01 3.766323934810413276e-01
3.793484017285888021e-01 3.785474785051603508e-01 3.766323934810413276e-01
3.743291564521552539e-01 3.736740531413281774e-01 3.717653282494765565e-01
3.743291564521552539e-01 3.736740531413281774e-01 3.717653282494765565e-01
3.718247704041487411e-01 3.712423553093501249e-01 3.693368107141837831e-01
3.718247704041487411e-01 3.712423553093501249e-01 3.693368107141837831e-01
3.693244232585471964e-01 3.688145260956867677e-01 3.669121627786898210e-01
3.693244232585471964e-01 3.688145260956867677e-01 3.669121627786898210e-01
3.668280776606580584e-01 3.663905281096080380e-01 3.644913472993789316e-01
3.668280776606580584e-01 3.663905281096080380e-01 3.644913472993789316e-01
3.618472410833005193e-01 3.615538756128640618e-01 3.596610644995678618e-01
3.618472410833005193e-01 3.615538756128640618e-01 3.596610644995678618e-01
3.593615425867358049e-01 3.591400535511395375e-01 3.572504296442628458e-01
3.593615425867358049e-01 3.591400535511395375e-01 3.572504296442628458e-01
3.568795565949340887e-01 3.567297776804242981e-01 3.548433432838758450e-01
3.568795565949340887e-01 3.567297776804242981e-01 3.548433432838758450e-01
3.544013663535202641e-01 3.543231268488719610e-01 3.524398845808490721e-01
3.544013663535202641e-01 3.543231268488719610e-01 3.524398845808490721e-01
3.494562209248869844e-01 3.495205477611598721e-01 3.476436986377006155e-01
3.494562209248869844e-01 3.495205477611598721e-01 3.476436986377006155e-01
3.469887993754483535e-01 3.471241663128780686e-01 3.452505186423883710e-01
3.469887993754483535e-01 3.471241663128780686e-01 3.452505186423883710e-01
3.445241153149409818e-01 3.447303818440079493e-01 3.428599391747025327e-01
3.445241153149409818e-01 3.447303818440079493e-01 3.428599391747025327e-01
3.420630185630494369e-01 3.423400133704651016e-01 3.404727797545964996e-01
3.420630185630494369e-01 3.423400133704651016e-01 3.404727797545964996e-01
3.371514319806229731e-01 3.375693688849699670e-01 3.357085666078114539e-01
3.371514319806229731e-01 3.375693688849699670e-01 3.357085666078114539e-01
3.347008642014034363e-01 3.351890146417691452e-01 3.333314351936546571e-01
3.347008642014034363e-01 3.351890146417691452e-01 3.333314351936546571e-01
3.322527966480132156e-01 3.328110194464815041e-01 3.309566679928230837e-01
3.322527966480132156e-01 3.328110194464815041e-01 3.309566679928230837e-01
3.298077162540584695e-01 3.304358521619838451e-01 3.285847342355471268e-01
3.298077162540584695e-01 3.304358521619838451e-01 3.285847342355471268e-01
3.249275229208413718e-01 3.256949679124035435e-01 3.238503347856492298e-01
3.249275229208413718e-01 3.256949679124035435e-01 3.238503347856492298e-01
3.224923301847028578e-01 3.233291707719062602e-01 3.214877894872195108e-01
3.224923301847028578e-01 3.233291707719062602e-01 3.214877894872195108e-01
3.200602109275796359e-01 3.209662787592631461e-01 3.191281560262848593e-01
3.200602109275796359e-01 3.209662787592631461e-01 3.191281560262848593e-01
3.176300496168076859e-01 3.186052101581028362e-01 3.167703532713287973e-01
3.176300496168076859e-01 3.186052101581028362e-01 3.167703532713287973e-01
3.127790405446019273e-01 3.138918659445895099e-01 3.120635632102276569e-01
3.127790405446019273e-01 3.138918659445895099e-01 3.120635632102276569e-01
3.103581107147218576e-01 3.115395077814764879e-01 3.097144939532259778e-01
3.103581107147218576e-01 3.115395077814764879e-01 3.097144939532259778e-01
3.079401755412823349e-01 3.091899700936133755e-01 3.073682534636815733e-01
3.079401755412823349e-01 3.091899700936133755e-01 3.073682534636815733e-01
3.055244912741366670e-01 3.068425304903962259e-01 3.050241199601417819e-01
3.055244912741366670e-01 3.068425304903962259e-01 3.050241199601417819e-01
3.007004027097987531e-01 3.021544487073435370e-01 3.003426783165332181e-01
3.007004027097987531e-01 3.021544487073435370e-01 3.003426783165332181e-01
2.982925944454372646e-01 2.998143808401471100e-01 2.980059448606714456e-01
2.982925944454372646e-01 2.998143808401471100e-01 2.980059448606714456e-01
2.958875531256990321e-01 2.974769041725907615e-01 2.956718125955979937e-01
2.958875531256990321e-01 2.974769041725907615e-01 2.956718125955979937e-01
2.934852355489117048e-01 2.951419751761309440e-01 2.933402383203847497e-01
2.934852355489117048e-01 2.951419751761309440e-01 2.933402383203847497e-01
2.886858675784340633e-01 2.904769352607536326e-01 2.886819419639055084e-01
2.886858675784340633e-01 2.904769352607536326e-01 2.886819419639055084e-01
2.862900036050674002e-01 2.881479716069664243e-01 2.863563671275827782e-01
2.862900036050674002e-01 2.881479716069664243e-01 2.863563671275827782e-01
2.838966707747861418e-01 2.858213614806939251e-01 2.840331576100453281e-01
2.838966707747861418e-01 2.858213614806939251e-01 2.840331576100453281e-01
2.815058240796048383e-01 2.834970594833655100e-01 2.817122683625392643e-01
2.815058240796048383e-01 2.834970594833655100e-01 2.817122683625392643e-01
2.767294983693632804e-01 2.788533421520212330e-01 2.770754159541781725e-01
2.767294983693632804e-01 2.788533421520212330e-01 2.770754159541781725e-01
2.743443577369013009e-01 2.765342513575204664e-01 2.747597778240043476e-01
2.743443577369013009e-01 2.765342513575204664e-01 2.747597778240043476e-01
2.719615026835170979e-01 2.742172663217695705e-01 2.724462591625089192e-01
2.719615026835170979e-01 2.742172663217695705e-01 2.724462591625089192e-01
2.695808860398723472e-01 2.719023394153778916e-01 2.701348127160324020e-01
2.695808860398723472e-01 2.719023394153778916e-01 2.701348127160324020e-01
2.648251226046475226e-01 2.672774419909557109e-01 2.655169210298286009e-01
2.648251226046475226e-01 2.672774419909557109e-01 2.655169210298286009e-01
2.624494316994022691e-01 2.649669382981413857e-01 2.632099439218896220e-01
2.624494316994022691e-01 2.649669382981413857e-01 2.632099439218896220e-01
2.600757690916860598e-01 2.626582805130999732e-01 2.609048284891557490e-01
2.600757690916860598e-01 2.626582805130999732e-01 2.609048284891557490e-01
2.577040850318603193e-01 2.603514183502892987e-01 2.586015248521120191e-01
2.577040850318603193e-01 2.603514183502892987e-01 2.586015248521120191e-01
2.529662845651549086e-01 2.557427151579729774e-01 2.539999890756415302e-01
2.529662845651549086e-01 2.557427151579729774e-01 2.539999890756415302e-01
2.505987065773314648e-01 2.534394477134290224e-01 2.517003329524669653e-01
2.505987065773314648e-01 2.534394477134290224e-01 2.517003329524669653e-01
2.482328855816426094e-01 2.511377519034189709e-01 2.494022664515981869e-01
2.482328855816426094e-01 2.511377519034189709e-01 2.494022664515981869e-01
2.435063025890358002e-01 2.465388607171974944e-01 2.448106896208002148e-01
2.435063025890358002e-01 2.465388607171974944e-01 2.448106896208002148e-01
2.411454329236338845e-01 2.442415563833159886e-01 2.425170712395351980e-01
2.411454329236338845e-01 2.442415563833159886e-01 2.425170712395351980e-01
2.387853117755031063e-01 2.419448332159004345e-01 2.402240548580982238e-01
2.387853117755031063e-01 2.419448332159004345e-01 2.402240548580982238e-01
2.364259031547636947e-01 2.396486535891107494e-01 2.379316033764445337e-01
2.364259031547636947e-01 2.396486535891107494e-01 2.379316033764445337e-01
2.317112658420756588e-01 2.350599051265634121e-01 2.333503743451133816e-01
2.317112658420756588e-01 2.350599051265634121e-01 2.333503743451133816e-01
2.293559217326940070e-01 2.327672193987091465e-01 2.310614808973619205e-01
2.293559217326940070e-01 2.327672193987091465e-01 2.310614808973619205e-01
2.270018156485857086e-01 2.304755799854487919e-01 2.287736561523981693e-01
2.270018156485857086e-01 2.304755799854487919e-01 2.287736561523981693e-01
2.246474367245545889e-01 2.281835114703338885e-01 2.264854273560756581e-01
2.246474367245545889e-01 2.281835114703338885e-01 2.264854273560756581e-01
2.199416357597997473e-01 2.236017572197980252e-01 2.219114242014803007e-01
2.199416357597997473e-01 2.236017572197980252e-01 2.219114242014803007e-01
2.175902294166878193e-01 2.213120819738377543e-01 2.196256612278692510e-01
2.175902294166878193e-01 2.213120819738377543e-01 2.196256612278692510e-01
2.152397343502945315e-01 2.190231220126450662e-01 2.173406387726500855e-01
2.152397343502945315e-01 2.190231220126450662e-01 2.173406387726500855e-01
2.128895789225803414e-01 2.167343170579986988e-01 2.150557979538292863e-01
2.128895789225803414e-01 2.167343170579986988e-01 2.150557979538292863e-01
2.081892671947028761e-01 2.121561655824701353e-01 2.104856584718990675e-01
2.081892671947028761e-01 2.121561655824701353e-01 2.104856584718990675e-01
2.058400852257198099e-01 2.098677644570659806e-01 2.082013046678125590e-01
2.058400852257198099e-01 2.098677644570659806e-01 2.082013046678125590e-01
2.034914598930664120e-01 2.075797191468522762e-01 2.059173350654018853e-01
2.034914598930664120e-01 2.075797191468522762e-01 2.059173350654018853e-01
2.011433201369001444e-01 2.052919575894193716e-01 2.036336782474572060e-01
2.011433201369001444e-01 2.052919575894193716e-01 2.036336782474572060e-01
1.964453390378647080e-01 2.007141892972386377e-01 1.990642143967917277e-01
1.964453390378647080e-01 2.007141892972386377e-01 1.990642143967917277e-01
1.940965165235190026e-01 1.984251715693760576e-01 1.967793957577693154e-01
1.940965165235190026e-01 1.984251715693760576e-01 1.967793957577693154e-01
1.917478622459049820e-01 1.961361158432905483e-01 1.944945710283622897e-01
1.917478622459049820e-01 1.961361158432905483e-01 1.944945710283622897e-01
1.893992976881612167e-01 1.938469424811673225e-01 1.922096612971963825e-01
1.893992976881612167e-01 1.938469424811673225e-01 1.922096612971963825e-01
1.847002130246597207e-01 1.892660558107740754e-01 1.876374065115170575e-01
1.847002130246597207e-01 1.892660558107740754e-01 1.876374065115170575e-01
1.823497011914103905e-01 1.869743439024646181e-01 1.853500641759457945e-01
1.823497011914103905e-01 1.869743439024646181e-01 1.853500641759457945e-01
1.799989280600458041e-01 1.846821584372355107e-01 1.830622841577218551e-01
1.799989280600458041e-01 1.846821584372355107e-01 1.830622841577218551e-01
1.776478059794869280e-01 1.823894105222037265e-01 1.807739783890454643e-01
1.776478059794869280e-01 1.823894105222037265e-01 1.807739783890454643e-01
1.729432566597950693e-01 1.778009831676937436e-01 1.761945507194161431e-01
1.729432566597950693e-01 1.778009831676937436e-01 1.761945507194161431e-01
1.705887820252311449e-01 1.755042717042015199e-01 1.739024004502001397e-01
1.705887820252311449e-01 1.755042717042015199e-01 1.739024004502001397e-01
1.682335660178597980e-01 1.732065999742898599e-01 1.716093302976230972e-01
1.682335660178597980e-01 1.732065999742898599e-01 1.716093302976230972e-01
1.658775096921963899e-01 1.709078676746557668e-01 1.693152409044133555e-01
1.658775096921963899e-01 1.709078676746557668e-01 1.693152409044133555e-01
1.611624676839843173e-01 1.663068074303724886e-01 1.647235943796733493e-01
1.611624676839843173e-01 1.663068074303724886e-01 1.647235943796733493e-01
1.588016299926125197e-01 1.640026581576529696e-01 1.624242216852526677e-01
1.588016299926125197e-01 1.640026581576529696e-01 1.624242216852526677e-01
1.564393577950229652e-01 1.616968513827145015e-01 1.601232373853936353e-01
1.564393577950229652e-01 1.616968513827145015e-01 1.601232373853936353e-01
1.540756883610973627e-01 1.593894198246310345e-01 1.578206749579272039e-01
1.540756883610973627e-01 1.593894198246310345e-01 1.578206749579272039e-01
1.493436895679695064e-01 1.547692082542311276e-01 1.532103461685841161e-01
1.493436895679695064e-01 1.547692082542311276e-01 1.532103461685841161e-01
1.469745374507466784e-01 1.524556138698865970e-01 1.509017692067139427e-01
1.469745374507466784e-01 1.524556138698865970e-01 1.509017692067139427e-01
1.446022342506083913e-01 1.501386592975434420e-01 1.485898866015764319e-01
1.446022342506083913e-01 1.501386592975434420e-01 1.485898866015764319e-01
1.422278943468559820e-01 1.478194328011756264e-01 1.462757849244246400e-01
1.422278943468559820e-01 1.478194328011756264e-01 1.462757849244246400e-01
1.374725601259311480e-01 1.431736137115014185e-01 1.416403793811549794e-01
1.374725601259311480e-01 1.431736137115014185e-01 1.416403793811549794e-01
1.350912827959651619e-01 1.408467351096898967e-01 1.393187922962737801e-01
1.350912827959651619e-01 1.408467351096898967e-01 1.393187922962737801e-01
1.327060466721167731e-01 1.385156816422829507e-01 1.369930923199671191e-01
1.327060466721167731e-01 1.385156816422829507e-01 1.369930923199671191e-01
1.303174981769475715e-01 1.361810828325015488e-01 1.346639085184549167e-01
1.303174981769475715e-01 1.361810828325015488e-01 1.346639085184549167e-01
1.255314134532880266e-01 1.315021630544689901e-01 1.299960055810446546e-01
1.255314134532880266e-01 1.315021630544689901e-01 1.299960055810446546e-01
1.231335416335635063e-01 1.291575037471456855e-01 1.276569514402929872e-01
1.231335416335635063e-01 1.291575037471456855e-01 1.276569514402929872e-01
1.207319871919525917e-01 1.268089174821424026e-01 1.253140378013932466e-01
1.207319871919525917e-01 1.268089174821424026e-01 1.253140378013932466e-01
1.183250711710589348e-01 1.244547500824542963e-01 1.229656165358229830e-01
1.183250711710589348e-01 1.244547500824542963e-01 1.229656165358229830e-01
1.134994749439394851e-01 1.197338970131610197e-01 1.182564700350134945e-01
1.134994749439394851e-01 1.197338970131610197e-01 1.182564700350134945e-01
1.110803894068370795e-01 1.173668040512865218e-01 1.158953415540501380e-01
1.110803894068370795e-01 1.173668040512865218e-01 1.158953415540501380e-01
1.086568283474791813e-01 1.149949818134350377e-01 1.135295607646555627e-01
1.086568283474791813e-01 1.149949818134350377e-01 1.135295607646555627e-01
1.062275262390248720e-01 1.126171814391205284e-01 1.111578841434185533e-01
1.062275262390248720e-01 1.126171814391205284e-01 1.111578841434185533e-01
1.013518727140869657e-01 1.078437981680871044e-01 1.063970017918789840e-01
1.013518727140869657e-01 1.078437981680871044e-01 1.063970017918789840e-01
9.890597917188156951e-02 1.054486569650150141e-01 1.040082399391190210e-01
9.890597917188156951e-02 1.054486569650150141e-01 1.040082399391190210e-01
9.645435535376732650e-02 1.030475307169067267e-01 1.016135824888152739e-01
9.645435535376732650e-02 1.030475307169067267e-01 1.016135824888152739e-01
1.086853529397977525e-01 1.045722524866961323e-01 0.000000000000000000e+00
1.086853529397977525e-01 1.045722524866961323e-01 0.000000000000000000e+00
1.107201304415337401e-01 1.072979917445296416e-01 0.000000000000000000e+00
1.107201304415337401e-01 1.072979917445296416e-01 0.000000000000000000e+00
1.127712756820928724e-01 1.100072200961052099e-01 0.000000000000000000e+00
1.127712756820928724e-01 1.100072200961052099e-01 0.000000000000000000e+00
1.148465108779992139e-01 1.126975186843767740e-01 0.000000000000000000e+00
1.148465108779992139e-01 1.126975186843767740e-01 0.000000000000000000e+00
1.191053363279753752e-01 1.180102064993534955e-01 0.000000000000000000e+00
1.191053363279753752e-01 1.180102064993534955e-01 0.000000000000000000e+00
1.213167627269239740e-01 1.206229990995352497e-01 0.000000000000000000e+00
1.213167627269239740e-01 1.206229990995352497e-01 0.000000000000000000e+00
1.236082734700716390e-01 1.231978911372696162e-01 0.000000000000000000e+00
1.236082734700716390e-01 1.231978911372696162e-01 0.000000000000000000e+00
1.260095530850818824e-01 1.257238699059586018e-01 0.000000000000000000e+00
1.260095530850818824e-01 1.257238699059586018e-01 0.000000000000000000e+00
1.313195501822431721e-01 1.305602406409620275e-01 0.000000000000000000e+00
1.313195501822431721e-01 1.305602406409620275e-01 0.000000000000000000e+00
1.343475335572363316e-01 1.328220122303368222e-01 0.000000000000000000e+00
1.343475335572363316e-01 1.328220122303368222e-01 0.000000000000000000e+00
1.376890115583555563e-01 1.349495303196231732e-01 0.000000000000000000e+00
1.376890115583555563e-01 1.349495303196231732e-01 0.000000000000000000e+00
1.413093781381131453e-01 1.369507271002820825e-01 0.000000000000000000e+00
1.413093781381131453e-01 1.369507271002820825e-01 0.000000000000000000e+00
1.489879097908877459e-01 1.407200003573753910e-01 0.000000000000000000e+00
1.489879097908877459e-01 1.407200003573753910e-01 0.000000000000000000e+00
1.528883319855702805e-01 1.425517784432486779e-01 0.000000000000000000e+00
1.528883319855702805e-01 1.425517784432486779e-01 0.000000000000000000e+00
1.567874001153726771e-01 1.443674689576949777e-01 0.000000000000000000e+00
1.567874001153726771e-01 1.443674689576949777e-01 0.000000000000000000e+00
1.606750129545536643e-01 1.461727506072569571e-01 0.000000000000000000e+00
1.606750129545536643e-01 1.461727506072569571e-01 0.000000000000000000e+00
1.684021427174245689e-01 1.497628733217317709e-01 0.000000000000000000e+00
1.684021427174245689e-01 1.497628733217317709e-01 0.000000000000000000e+00
1.722416710135294404e-01 1.515497736886199098e-01 0.000000000000000000e+00
1.722416710135294404e-01 1.515497736886199098e-01 0.000000000000000000e+00
1.760696496850736315e-01 1.533303715969514813e-01 0.000000000000000000e+00
1.760696496850736315e-01 1.533303715969514813e-01 0.000000000000000000e+00
1.798817840887333153e-01 1.551073385733371390e-01 0.000000000000000000e+00
1.798817840887333153e-01 1.551073385733371390e-01 0.000000000000000000e+00
1.874791284172113437e-01 1.586434743861911412e-01 0.000000000000000000e+00
1.874791284172113437e-01 1.586434743861911412e-01 0.000000000000000000e+00
1.912604392012093590e-01 1.604055729730849700e-01 0.000000000000000000e+00
1.912604392012093590e-01 1.604055729730849700e-01 0.000000000000000000e+00
1.950361742774677221e-01 1.621615188505830529e-01 0.000000000000000000e+00
1.950361742774677221e-01 1.621615188505830529e-01 0.000000000000000000e+00
1.988064280295598618e-01 1.639116784724578835e-01 0.000000000000000000e+00
1.988064280295598618e-01 1.639116784724578835e-01 0.000000000000000000e+00
2.063283597789662416e-01 1.673972495743545896e-01 0.000000000000000000e+00
2.063283597789662416e-01 1.673972495743545896e-01 0.000000000000000000e+00
2.100810971119306536e-01 1.691328844607377369e-01 0.000000000000000000e+00
2.100810971119306536e-01 1.691328844607377369e-01 0.000000000000000000e+00
2.138304994601390452e-01 1.708631270873204322e-01 0.000000000000000000e+00
2.138304994601390452e-01 1.708631270873204322e-01 0.000000000000000000e+00
2.175769684406807514e-01 1.725880730342971014e-01 0.000000000000000000e+00
2.175769684406807514e-01 1.725880730342971014e-01 0.000000000000000000e+00
2.250628049184326407e-01 1.760223093785789616e-01 0.000000000000000000e+00
2.250628049184326407e-01 1.760223093785789616e-01 0.000000000000000000e+00
2.288030472213588296e-01 1.777316502972725309e-01 0.000000000000000000e+00
2.288030472213588296e-01 1.777316502972725309e-01 0.000000000000000000e+00
2.325421063477617623e-01 1.794357857002133738e-01 0.000000000000000000e+00
2.325421063477617623e-01 1.794357857002133738e-01 0.000000000000000000e+00
2.362805480941103375e-01 1.811345183965463179e-01 0.000000000000000000e+00
2.362805480941103375e-01 1.811345183965463179e-01 0.000000000000000000e+00
2.437577431329402411e-01 1.845149706041868953e-01 0.000000000000000000e+00
2.437577431329402411e-01 1.845149706041868953e-01 0.000000000000000000e+00
2.474972913334955449e-01 1.861966027924458200e-01 0.000000000000000000e+00
2.474972913334955449e-01 1.861966027924458200e-01 0.000000000000000000e+00
2.512379507286708336e-01 1.878724778018316943e-01 0.000000000000000000e+00
2.512379507286708336e-01 1.878724778018316943e-01 0.000000000000000000e+00
2.549800502900877452e-01 1.895425849843664079e-01 0.000000000000000000e+00
2.549800502900877452e-01 1.895425849843664079e-01 0.000000000000000000e+00
2.624688749991929693e-01 1.928659936696341393e-01 0.000000000000000000e+00
2.624688749991929693e-01 1.928659936696341393e-01 0.000000000000000000e+00
2.662150137666874916e-01 1.945199582925499493e-01 0.000000000000000000e+00
2.662150137666874916e-01 1.945199582925499493e-01 0.000000000000000000e+00
2.699636660671568822e-01 1.961682078278524088e-01 0.000000000000000000e+00
2.699636660671568822e-01 1.961682078278524088e-01 0.000000000000000000e+00
2.737150878862077419e-01 1.978107444281769767e-01 0.000000000000000000e+00
2.737150878862077419e-01 1.978107444281769767e-01 0.000000000000000000e+00
2.812271780236350605e-01 2.010787101348757711e-01 0.000000000000000000e+00
2.812271780236350605e-01 2.010787101348757711e-01 0.000000000000000000e+00
2.849882751161023631e-01 2.027041657429519694e-01 0.000000000000000000e+00
2.849882751161023631e-01 2.027041657429519694e-01 0.000000000000000000e+00
2.887517004167868828e-01 2.043247318447933558e-01 0.000000000000000000e+00
2.887517004167868828e-01 2.043247318447933558e-01 0.000000000000000000e+00
2.925176532156005260e-01 2.059404348976991705e-01 0.000000000000000000e+00
2.925176532156005260e-01 2.059404348976991705e-01 0.000000000000000000e+00
3.000618205189857224e-01 2.091549882069703992e-01 0.000000000000000000e+00
3.000618205189857224e-01 2.091549882069703992e-01 0.000000000000000000e+00
3.038403478530150026e-01 2.107538904952359071e-01 0.000000000000000000e+00
3.038403478530150026e-01 2.107538904952359071e-01 0.000000000000000000e+00
3.076227203758512552e-01 2.123476424034251575e-01 0.000000000000000000e+00
3.076227203758512552e-01 2.123476424034251575e-01 0.000000000000000000e+00
3.114076292277234148e-01 2.139371722692472444e-01 0.000000000000000000e+00
3.114076292277234148e-01 2.139371722692472444e-01 0.000000000000000000e+00
3.189920770529729999e-01 2.170997250525911748e-01 0.000000000000000000e+00
3.189920770529729999e-01 2.170997250525911748e-01 0.000000000000000000e+00
3.227918319325414620e-01 2.186728261166415443e-01 0.000000000000000000e+00
3.227918319325414620e-01 2.186728261166415443e-01 0.000000000000000000e+00
3.265949483917173213e-01 2.202416645733990819e-01 0.000000000000000000e+00
3.265949483917173213e-01 2.202416645733990819e-01 0.000000000000000000e+00
3.304024639463268298e-01 2.218057030657176465e-01 0.000000000000000000e+00
3.304024639463268298e-01 2.218057030657176465e-01 0.000000000000000000e+00
