6.877376404357022910e-01 4.909474932229005995e-01 5.162185271849805551e-02
6.877376404357022910e-01 4.909474932229005995e-01 5.162185271849805551e-02
6.940361901597342786e-01 4.870431529110245128e-01 6.024259886754674415e-02
6.940361901597342786e-01 4.870431529110245128e-01 6.024259886754674415e-02
7.001699351849057784e-01 4.831550111992001240e-01 6.826683568200897501e-02
7.001699351849057784e-01 4.831550111992001240e-01 6.826683568200897501e-02
7.062650517030211184e-01 4.792041878624341278e-01 7.598316838797421202e-02
7.062650517030211184e-01 4.792041878624341278e-01 7.598316838797421202e-02
7.122295760685569688e-01 4.752507019026112056e-01 8.335969660656883384e-02
7.122295760685569688e-01 4.752507019026112056e-01 8.335969660656883384e-02
7.181326989857909071e-01 4.712495906084984698e-01 9.054560138075382070e-02
7.181326989857909071e-01 4.712495906084984698e-01 9.054560138075382070e-02
7.239283983677016199e-01 4.672324544391011081e-01 9.753222895823346339e-02
7.239283983677016199e-01 4.672324544391011081e-01 9.753222895823346339e-02
7.296488787725797787e-01 4.631776945828902092e-01 1.043956263334133855e-01
7.296488787725797787e-01 4.631776945828902092e-01 1.043956263334133855e-01
7.352757680649288918e-01 4.590987484630542070e-01 1.111430707183312105e-01
7.352757680649288918e-01 4.590987484630542070e-01 1.111430707183312105e-01
7.408214705830582503e-01 4.549871852459653754e-01 1.178131322646075035e-01
7.408214705830582503e-01 4.549871852459653754e-01 1.178131322646075035e-01
7.462795833825141001e-01 4.508481749466299315e-01 1.244174752823452718e-01
7.462795833825141001e-01 4.508481749466299315e-01 1.244174752823452718e-01
7.516573465957286926e-01 4.466766297061422475e-01 1.309809140828970264e-01
7.516573465957286926e-01 4.466766297061422475e-01 1.309809140828970264e-01
7.569470049959997615e-01 4.424789866970685326e-01 1.375073832874307567e-01
7.569470049959997615e-01 4.424789866970685326e-01 1.375073832874307567e-01
7.621629584192537443e-01 4.382440559321189033e-01 1.440261260508214347e-01
7.621629584192537443e-01 4.382440559321189033e-01 1.440261260508214347e-01
7.672849097564721221e-01 4.339887197829682686e-01 1.505214134294955708e-01
7.672849097564721221e-01 4.339887197829682686e-01 1.505214134294955708e-01
7.723446540731667698e-01 4.296866191205068741e-01 1.570422284748096142e-01
7.723446540731667698e-01 4.296866191205068741e-01 1.570422284748096142e-01
7.773000838464658724e-01 4.253739172085687081e-01 1.635415144228793416e-01
7.773000838464658724e-01 4.253739172085687081e-01 1.635415144228793416e-01
7.822087497126416489e-01 4.210003810235313226e-01 1.701017039781030915e-01
7.822087497126416489e-01 4.210003810235313226e-01 1.701017039781030915e-01
7.870000160264836175e-01 4.166292108261793747e-01 1.766340811332282323e-01
7.870000160264836175e-01 4.166292108261793747e-01 1.766340811332282323e-01
7.917613978658420981e-01 4.121802142036369854e-01 1.832639092767996136e-01
7.917613978658420981e-01 4.121802142036369854e-01 1.832639092767996136e-01
7.964121842220410752e-01 4.077282124600847268e-01 1.898845783346190530e-01
7.964121842220410752e-01 4.077282124600847268e-01 1.898845783346190530e-01
8.010083042571322087e-01 4.032198301623359793e-01 1.965801236571652066e-01
8.010083042571322087e-01 4.032198301623359793e-01 1.965801236571652066e-01
8.055218702906767891e-01 3.986815513867222327e-01 2.033154703370165239e-01
8.055218702906767891e-01 3.986815513867222327e-01 2.033154703370165239e-01
8.099543478155571963e-01 3.941119203679201988e-01 2.100968568068631859e-01
8.099543478155571963e-01 3.941119203679201988e-01 2.100968568068631859e-01
8.143331023269875235e-01 3.894815403418449562e-01 2.169718205102221242e-01
8.143331023269875235e-01 3.894815403418449562e-01 2.169718205102221242e-01
8.186150078889331549e-01 3.848353637644668646e-01 2.238773881621975159e-01
8.186150078889331549e-01 3.848353637644668646e-01 2.238773881621975159e-01
8.228484582112444157e-01 3.801198506749594030e-01 2.308968732121430278e-01
8.228484582112444157e-01 3.801198506749594030e-01 2.308968732121430278e-01
8.269998074084149442e-01 3.753706721315809847e-01 2.379809355263753368e-01
8.269998074084149442e-01 3.753706721315809847e-01 2.379809355263753368e-01
8.310686348491681530e-01 3.705878667505254631e-01 2.451331118885660409e-01
8.310686348491681530e-01 3.705878667505254631e-01 2.451331118885660409e-01
8.350885825492162517e-01 3.657296729290619441e-01 2.524197088001471356e-01
8.350885825492162517e-01 3.657296729290619441e-01 2.524197088001471356e-01
8.390195173671662898e-01 3.608424660099229242e-01 2.597750509633934834e-01
8.390195173671662898e-01 3.608424660099229242e-01 2.597750509633934834e-01
8.428782558467703412e-01 3.559041549483175637e-01 2.672361572934475182e-01
8.428782558467703412e-01 3.559041549483175637e-01 2.672361572934475182e-01
8.466756288173653555e-01 3.508978916176158647e-01 2.748326887588906642e-01
8.466756288173653555e-01 3.508978916176158647e-01 2.748326887588906642e-01
8.503859973986790388e-01 3.458549982819724700e-01 2.825213045572421700e-01
8.503859973986790388e-01 3.458549982819724700e-01 2.825213045572421700e-01
8.540216664378307287e-01 3.407567162957756413e-01 2.903347902794188862e-01
8.540216664378307287e-01 3.407567162957756413e-01 2.903347902794188862e-01
8.575916859358090338e-01 3.355865007934960564e-01 2.983032711762956257e-01
8.575916859358090338e-01 3.355865007934960564e-01 2.983032711762956257e-01
8.610736625107163755e-01 3.303733316838065037e-01 3.063868876670504671e-01
8.610736625107163755e-01 3.303733316838065037e-01 3.063868876670504671e-01
8.644684163258360421e-01 3.251136054637954742e-01 3.145958725887865737e-01
8.644684163258360421e-01 3.251136054637954742e-01 3.145958725887865737e-01
8.677982776306939483e-01 3.197679062865216859e-01 3.229972871033153226e-01
8.677982776306939483e-01 3.197679062865216859e-01 3.229972871033153226e-01
8.710359002071385026e-01 3.143749772772496121e-01 3.315360981084158332e-01
8.710359002071385026e-01 3.143749772772496121e-01 3.315360981084158332e-01
8.741802439031570726e-01 3.089331387646984672e-01 3.402205008800763819e-01
8.741802439031570726e-01 3.089331387646984672e-01 3.402205008800763819e-01
8.772350340195662621e-01 3.034314870668178288e-01 3.490740108704439848e-01
8.772350340195662621e-01 3.034314870668178288e-01 3.490740108704439848e-01
8.802038782466561351e-01 2.978572317824105253e-01 3.581242528409243064e-01
8.802038782466561351e-01 2.978572317824105253e-01 3.581242528409243064e-01
8.830707933968046097e-01 2.922342758327042267e-01 3.673397587602473258e-01
8.830707933968046097e-01 2.922342758327042267e-01 3.673397587602473258e-01
8.858330670701163312e-01 2.865628746948490346e-01 3.767274983663967958e-01
8.858330670701163312e-01 2.865628746948490346e-01 3.767274983663967958e-01
8.884875398970828453e-01 2.808439366562276440e-01 3.862940039262256486e-01
8.884875398970828453e-01 2.808439366562276440e-01 3.862940039262256486e-01
8.910393678971466613e-01 2.750587320621387111e-01 3.960799725512926250e-01
8.910393678971466613e-01 2.750587320621387111e-01 3.960799725512926250e-01
8.934750406670963763e-01 2.692295916177642745e-01 4.060579526141273599e-01
8.934750406670963763e-01 2.692295916177642745e-01 4.060579526141273599e-01
8.957887702828511989e-01 2.633633488760285801e-01 4.162269389000264885e-01
8.957887702828511989e-01 2.633633488760285801e-01 4.162269389000264885e-01
8.979758648438321833e-01 2.574646399063878488e-01 4.265906593489574017e-01
8.979758648438321833e-01 2.574646399063878488e-01 4.265906593489574017e-01
9.000312553486279343e-01 2.515393527458740230e-01 4.371519077129111808e-01
9.000312553486279343e-01 2.515393527458740230e-01 4.371519077129111808e-01
9.019495989262231728e-01 2.455945450936288799e-01 4.479128703109909737e-01
9.019495989262231728e-01 2.455945450936288799e-01 4.479128703109909737e-01
9.037286475413192077e-01 2.396268417374520787e-01 4.588969135416580136e-01
9.037286475413192077e-01 2.396268417374520787e-01 4.588969135416580136e-01
9.053575692896511651e-01 2.336617879118023378e-01 4.700764911009429614e-01
9.053575692896511651e-01 2.336617879118023378e-01 4.700764911009429614e-01
9.068303052787378693e-01 2.277119632300856067e-01 4.814494706931213841e-01
9.068303052787378693e-01 2.277119632300856067e-01 4.814494706931213841e-01
9.081406251020855969e-01 2.217921149627474220e-01 4.930122212538990967e-01
9.081406251020855969e-01 2.217921149627474220e-01 4.930122212538990967e-01
9.092821874453447251e-01 2.159193700819355410e-01 5.047595137775404694e-01
9.092821874453447251e-01 2.159193700819355410e-01 5.047595137775404694e-01
9.102486072493394254e-01 2.101134441183409030e-01 5.166844377037461689e-01
9.102486072493394254e-01 2.101134441183409030e-01 5.166844377037461689e-01
9.110335285789077364e-01 2.043968370345903840e-01 5.287783375799068875e-01
9.110335285789077364e-01 2.043968370345903840e-01 5.287783375799068875e-01
9.116307019610093709e-01 1.987950028049281226e-01 5.410307745187042938e-01
9.116307019610093709e-01 1.987950028049281226e-01 5.410307745187042938e-01
9.120340645903584065e-01 1.933364751451402963e-01 5.534295164959796010e-01
9.120340645903584065e-01 1.933364751451402963e-01 5.534295164959796010e-01
9.122378214852268075e-01 1.880529269697223393e-01 5.659605607709025099e-01
9.122378214852268075e-01 1.880529269697223393e-01 5.659605607709025099e-01
9.122365254385581546e-01 1.829791360001465361e-01 5.786081906755882187e-01
9.122365254385581546e-01 1.829791360001465361e-01 5.786081906755882187e-01
9.120251534758800904e-01 1.781528241816089375e-01 5.913550677574215264e-01
9.120251534758800904e-01 1.781528241816089375e-01 5.913550677574215264e-01
9.115991775201823799e-01 1.736143353118015098e-01 6.041823588325829775e-01
9.115991775201823799e-01 1.736143353118015098e-01 6.041823588325829775e-01
9.109546245540660614e-01 1.694061016811032050e-01 6.170699392804660510e-01
9.109546245540660614e-01 1.694061016811032050e-01 6.170699392804660510e-01
9.100880740748324982e-01 1.655717112522185619e-01 6.299972653604521966e-01
9.100880740748324982e-01 1.655717112522185619e-01 6.299972653604521966e-01
9.089968987917851351e-01 1.621557350652206020e-01 6.429407649710023875e-01
9.089968987917851351e-01 1.621557350652206020e-01 6.429407649710023875e-01
9.076790782483429298e-01 1.592013703086634646e-01 6.558776700789710201e-01
9.076790782483429298e-01 1.592013703086634646e-01 6.558776700789710201e-01
9.061332802399887365e-01 1.567495162596511948e-01 6.687847322563866825e-01
9.061332802399887365e-01 1.567495162596511948e-01 6.687847322563866825e-01
9.043588655876642068e-01 1.548371917154183763e-01 6.816384728111521962e-01
9.043588655876642068e-01 1.548371917154183763e-01 6.816384728111521962e-01
9.023558800690250070e-01 1.534959242337918528e-01 6.944154329493378297e-01
9.023558800690250070e-01 1.534959242337918528e-01 6.944154329493378297e-01
9.001250342984580266e-01 1.527502517091215151e-01 7.070924171119848944e-01
9.001250342984580266e-01 1.527502517091215151e-01 7.070924171119848944e-01
8.976676727653094545e-01 1.526164894398795713e-01 7.196467232015278936e-01
8.976676727653094545e-01 1.526164894398795713e-01 7.196467232015278936e-01
8.949857335655727608e-01 1.531019029199032488e-01 7.320563542745226471e-01
8.949857335655727608e-01 1.531019029199032488e-01 7.320563542745226471e-01
8.920817076927378686e-01 1.542043829125729348e-01 7.443001786746876736e-01
8.920817076927378686e-01 1.542043829125729348e-01 7.443001786746876736e-01
8.889585840627308722e-01 1.559126630271430169e-01 7.563581100245079236e-01
8.889585840627308722e-01 1.559126630271430169e-01 7.563581100245079236e-01
8.856197716202750536e-01 1.582070670377747346e-01 7.682113174959879220e-01
8.856197716202750536e-01 1.582070670377747346e-01 7.682113174959879220e-01
8.820690517432268063e-01 1.610606596913122246e-01 7.798422717930080239e-01
8.820690517432268063e-01 1.610606596913122246e-01 7.798422717930080239e-01
8.783105193233746721e-01 1.644406760675354573e-01 7.912348182387304307e-01
8.783105193233746721e-01 1.644406760675354573e-01 7.912348182387304307e-01
8.743485247908789892e-01 1.683100772059231420e-01 8.023742243945796160e-01
8.743485247908789892e-01 1.683100772059231420e-01 8.023742243945796160e-01
8.701876183898329398e-01 1.726290910301510328e-01 8.132472031582326233e-01
8.701876183898329398e-01 1.726290910301510328e-01 8.132472031582326233e-01
8.658324975293438808e-01 1.773566270758802077e-01 8.238419137680509374e-01
8.658324975293438808e-01 1.773566270758802077e-01 8.238419137680509374e-01
8.612879577926844110e-01 1.824514915192123887e-01 8.341479434186568342e-01
8.612879577926844110e-01 1.824514915192123887e-01 8.341479434186568342e-01
8.565588479655312781e-01 1.878733666363527899e-01 8.441562723109689026e-01
8.565588479655312781e-01 1.878733666363527899e-01 8.441562723109689026e-01
8.516500292509640024e-01 1.935835500525697472e-01 8.538592249456723460e-01
8.516500292509640024e-01 1.935835500525697472e-01 8.538592249456723460e-01
8.465663386774983090e-01 1.995454712464125036e-01 8.632504103502282033e-01
8.465663386774983090e-01 1.995454712464125036e-01 8.632504103502282033e-01
8.413126950479073995e-01 2.057248528603289883e-01 8.723244224613618814e-01
8.413126950479073995e-01 2.057248528603289883e-01 8.723244224613618814e-01
8.358937212701865738e-01 2.120902901087076964e-01 8.810773855093798623e-01
8.358937212701865738e-01 2.120902901087076964e-01 8.810773855093798623e-01
8.303139589802513987e-01 2.186130156238814681e-01 8.895064086396624603e-01
8.303139589802513987e-01 2.186130156238814681e-01 8.895064086396624603e-01
8.245778478584226967e-01 2.252668548873400234e-01 8.976095219873764242e-01
8.245778478584226967e-01 2.252668548873400234e-01 8.976095219873764242e-01
8.186896736501991789e-01 2.320281619217910707e-01 9.053856522894827563e-01
8.186896736501991789e-01 2.320281619217910707e-01 9.053856522894827563e-01
8.126535522851674465e-01 2.388756766387789554e-01 9.128345389245110519e-01
8.126535522851674465e-01 2.388756766387789554e-01 9.128345389245110519e-01
8.064734163300383285e-01 2.457903600713017833e-01 9.199566510224880256e-01
8.064734163300383285e-01 2.457903600713017833e-01 9.199566510224880256e-01
8.001530034539374725e-01 2.527552199718994808e-01 9.267531063784656409e-01
8.001530034539374725e-01 2.527552199718994808e-01 9.267531063784656409e-01
7.936958466178034577e-01 2.597551355776210880e-01 9.332255927118849881e-01
7.936958466178034577e-01 2.597551355776210880e-01 9.332255927118849881e-01
7.871052657389506768e-01 2.667766874459832072e-01 9.393762916545083108e-01
7.871052657389506768e-01 2.667766874459832072e-01 9.393762916545083108e-01
7.803843606235989494e-01 2.738079960668886592e-01 9.452078057202240036e-01
7.803843606235989494e-01 2.738079960668886592e-01 9.452078057202240036e-01
7.735360050029732593e-01 2.808385713395932792e-01 9.507230884084103550e-01
7.735360050029732593e-01 2.808385713395932792e-01 9.507230884084103550e-01
7.665628415509603277e-01 2.878591738543323508e-01 9.559253775154625821e-01
7.665628415509603277e-01 2.878591738543323508e-01 9.559253775154625821e-01
7.594672778022216741e-01 2.948616881287819402e-01 9.608181316736634781e-01
7.594672778022216741e-01 2.948616881287819402e-01 9.608181316736634781e-01
7.522514829287518801e-01 3.018390074298013537e-01 9.654049700993957428e-01
7.522514829287518801e-01 3.018390074298013537e-01 9.654049700993957428e-01
7.449173853695495451e-01 3.087849294886721441e-01 9.696896155109294702e-01
7.449173853695495451e-01 3.087849294886721441e-01 9.696896155109294702e-01
7.374666713424808950e-01 3.156940622363738624e-01 9.736758401669176610e-01
7.374666713424808950e-01 3.156940622363738624e-01 9.736758401669176610e-01
7.299007842994752471e-01 3.225617386016741417e-01 9.773674149781150788e-01
7.299007842994752471e-01 3.225617386016741417e-01 9.773674149781150788e-01
7.222209254161590097e-01 3.293839393971180196e-01 9.807680616544787178e-01
7.222209254161590097e-01 3.293839393971180196e-01 9.807680616544787178e-01
7.144280552351006675e-01 3.361572233432858492e-01 9.838814078664611662e-01
7.144280552351006675e-01 3.361572233432858492e-01 9.838814078664611662e-01
7.065228966082991446e-01 3.428786633336779466e-01 9.867109454213216502e-01
7.065228966082991446e-01 3.428786633336779466e-01 9.867109454213216502e-01
6.985059391096148929e-01 3.495457881097843167e-01 9.892599914820336959e-01
6.985059391096148929e-01 3.495457881097843167e-01 9.892599914820336959e-01
6.903774451118442901e-01 3.561565285905974876e-01 9.915316528867281765e-01
6.903774451118442901e-01 3.561565285905974876e-01 9.915316528867281765e-01
6.821374577459795585e-01 3.627091681782088073e-01 9.935287936604003667e-01
6.821374577459795585e-01 3.627091681782088073e-01 9.935287936604003667e-01
6.737858109822212338e-01 3.692022964377231209e-01 9.952540058470352724e-01
6.737858109822212338e-01 3.692022964377231209e-01 9.952540058470352724e-01
6.653221420931556551e-01 3.756347656242363664e-01 9.967095838291675225e-01
6.653221420931556551e-01 3.756347656242363664e-01 9.967095838291675225e-01
6.567459067790208938e-01 3.820056496009562319e-01 9.978975023427546498e-01
6.567459067790208938e-01 3.820056496009562319e-01 9.978975023427546498e-01
6.480563972527904060e-01 3.883142047607479608e-01 9.988193984375329793e-01
6.480563972527904060e-01 3.883142047607479608e-01 9.988193984375329793e-01
6.392527635979775580e-01 3.945598326288345392e-01 9.994765576761766024e-01
6.392527635979775580e-01 3.945598326288345392e-01 9.994765576761766024e-01
6.303340387239594333e-01 4.007420438875641810e-01 9.998699049086721136e-01
6.303340387239594333e-01 4.007420438875641810e-01 9.998699049086721136e-01
6.212991672506943397e-01 4.068604236260794371e-01 1.000000000000000000e+00
6.212991672506943397e-01 4.068604236260794371e-01 1.000000000000000000e+00
6.121470386556208121e-01 4.129145976790524197e-01 9.998670389281336668e-01
6.121470386556208121e-01 4.129145976790524197e-01 9.998670389281336668e-01
6.028765250083367722e-01 4.189041999803181926e-01 9.994708607030270420e-01
6.028765250083367722e-01 4.189041999803181926e-01 9.994708607030270420e-01
5.934865236010989920e-01 4.248288409200487448e-01 9.988109605833048743e-01
5.934865236010989920e-01 4.248288409200487448e-01 9.988109605833048743e-01
5.839760047527833287e-01 4.306880767584979619e-01 9.978865100823558487e-01
5.839760047527833287e-01 4.306880767584979619e-01 9.978865100823558487e-01
5.743440650180261509e-01 4.364813802157156974e-01 9.966963842555022213e-01
5.743440650180261509e-01 4.364813802157156974e-01 9.966963842555022213e-01
5.645899859688371381e-01 4.422081124247709827e-01 9.952391967406337692e-01
5.645899859688371381e-01 4.422081124247709827e-01 9.952391967406337692e-01
5.547132986300451485e-01 4.478674965056658741e-01 9.935133429807436745e-01
5.547132986300451485e-01 4.478674965056658741e-01 9.935133429807436745e-01
5.447138535400464221e-01 4.534585930867677250e-01 9.915170519833587104e-01
5.447138535400464221e-01 4.534585930867677250e-01 9.915170519833587104e-01
5.345918962717750578e-01 4.589802781689552025e-01 9.892484468630720063e-01
5.345918962717750578e-01 4.589802781689552025e-01 9.892484468630720063e-01
5.243481480843524833e-01 4.644312237918899466e-01 9.867056142645261874e-01
5.243481480843524833e-01 4.644312237918899466e-01 9.867056142645261874e-01
5.139838911829844870e-01 4.698098820188907343e-01 9.838866825698868723e-01
5.139838911829844870e-01 4.698098820188907343e-01 9.838866825698868723e-01
5.035010578441860840e-01 4.751144728027539288e-01 9.807899085543700934e-01
5.035010578441860840e-01 4.751144728027539288e-01 9.807899085543700934e-01
4.929023224186628305e-01 4.803429763247820117e-01 9.774137718651697559e-01
4.929023224186628305e-01 4.803429763247820117e-01 9.774137718651697559e-01
4.821911949601620506e-01 4.854931304081959720e-01 9.737570763656734352e-01
4.821911949601620506e-01 4.854931304081959720e-01 9.737570763656734352e-01
4.713685210403709691e-01 4.905640957663479074e-01 9.698177086027021110e-01
4.713685210403709691e-01 4.905640957663479074e-01 9.698177086027021110e-01
4.604414530514250870e-01 4.955522500533591779e-01 9.655958775751637413e-01
4.604414530514250870e-01 4.955522500533591779e-01 9.655958775751637413e-01
4.494184583853830239e-01 5.004537508223138031e-01 9.610926860995934184e-01
4.494184583853830239e-01 5.004537508223138031e-01 9.610926860995934184e-01
4.383074424479763143e-01 5.052654037156707467e-01 9.563093961248131381e-01
4.383074424479763143e-01 5.052654037156707467e-01 9.563093961248131381e-01
4.271175870742995873e-01 5.099838551324928915e-01 9.512481597249663468e-01
4.271175870742995873e-01 5.099838551324928915e-01 9.512481597249663468e-01
4.158594092301041711e-01 5.146056311212665602e-01 9.459121187825765276e-01
4.158594092301041711e-01 5.146056311212665602e-01 9.459121187825765276e-01
4.045448050778711613e-01 5.191271830775208151e-01 9.403054933238116364e-01
4.045448050778711613e-01 5.191271830775208151e-01 9.403054933238116364e-01
3.931870768787822379e-01 5.235449396111514497e-01 9.344336549309580908e-01
3.931870768787822379e-01 5.235449396111514497e-01 9.344336549309580908e-01
3.817989740400893339e-01 5.278560980162275706e-01 9.283021019944229790e-01
3.817989740400893339e-01 5.278560980162275706e-01 9.283021019944229790e-01
3.703963160936122878e-01 5.320572652444995887e-01 9.219183575467085889e-01
3.703963160936122878e-01 5.320572652444995887e-01 9.219183575467085889e-01
3.589998967068154245e-01 5.361439216409283892e-01 9.152933061997289288e-01
3.589998967068154245e-01 5.361439216409283892e-01 9.152933061997289288e-01
3.476286040506099129e-01 5.401130044301751809e-01 9.084373820869742211e-01
3.476286040506099129e-01 5.401130044301751809e-01 9.084373820869742211e-01
3.363025092220841561e-01 5.439617511792352866e-01 9.013621971912726405e-01
3.363025092220841561e-01 5.439617511792352866e-01 9.013621971912726405e-01
3.250427499761465722e-01 5.476877603653548254e-01 8.940804638254256087e-01
3.250427499761465722e-01 5.476877603653548254e-01 8.940804638254256087e-01
3.138713907677467274e-01 5.512890467790307891e-01 8.866058906837221976e-01
3.138713907677467274e-01 5.512890467790307891e-01 8.866058906837221976e-01
3.028109575091983419e-01 5.547641838920147617e-01 8.789528417815789529e-01
3.028109575091983419e-01 5.547641838920147617e-01 8.789528417815789529e-01
2.918863825891286345e-01 5.581116880651855183e-01 8.711376999352464789e-01
2.918863825891286345e-01 5.581116880651855183e-01 8.711376999352464789e-01
2.811213860055042923e-01 5.613311245574079678e-01 8.631763553630814600e-01
2.811213860055042923e-01 5.613311245574079678e-01 8.631763553630814600e-01
2.705397731302943698e-01 5.644226281709743276e-01 8.550850216293641726e-01
2.705397731302943698e-01 5.644226281709743276e-01 8.550850216293641726e-01
2.601652239508404629e-01 5.673869015221173484e-01 8.468800679674749476e-01
2.601652239508404629e-01 5.673869015221173484e-01 8.468800679674749476e-01
2.500210369124369891e-01 5.702252116640054158e-01 8.385778308818523374e-01
2.500210369124369891e-01 5.702252116640054158e-01 8.385778308818523374e-01
2.401322262105704541e-01 5.729387320235893588e-01 8.301964745473534579e-01
2.401322262105704541e-01 5.729387320235893588e-01 8.301964745473534579e-01
2.305193427048892463e-01 5.755301474810192719e-01 8.217509245425181907e-01
2.305193427048892463e-01 5.755301474810192719e-01 8.217509245425181907e-01
2.212019475915639466e-01 5.780025434494552306e-01 8.132556677254901834e-01
2.212019475915639466e-01 5.780025434494552306e-01 8.132556677254901834e-01
2.121987076748345358e-01 5.803592692975144685e-01 8.047250351382834177e-01
2.121987076748345358e-01 5.803592692975144685e-01 8.047250351382834177e-01
2.035263774925656077e-01 5.826040835236229176e-01 7.961725033593392009e-01
2.035263774925656077e-01 5.826040835236229176e-01 7.961725033593392009e-01
1.951994519233377079e-01 5.847411059386630194e-01 7.876105832260545947e-01
1.951994519233377079e-01 5.847411059386630194e-01 7.876105832260545947e-01
1.872298118184825000e-01 5.867747674807910485e-01 7.790507273928468646e-01
1.872298118184825000e-01 5.867747674807910485e-01 7.790507273928468646e-01
1.796287596782388807e-01 5.887091513817576116e-01 7.705060049812995082e-01
1.796287596782388807e-01 5.887091513817576116e-01 7.705060049812995082e-01
1.724001947228497034e-01 5.905495894009563651e-01 7.619838915994733286e-01
1.724001947228497034e-01 5.905495894009563651e-01 7.619838915994733286e-01
1.655450631486125035e-01 5.923014002221790308e-01 7.534911187065173044e-01
1.655450631486125035e-01 5.923014002221790308e-01 7.534911187065173044e-01
1.590614519735061572e-01 5.939697570051317710e-01 7.450342543111642124e-01
1.590614519735061572e-01 5.939697570051317710e-01 7.450342543111642124e-01
1.529434230779870840e-01 5.955598907000980713e-01 7.366186190745886986e-01
1.529434230779870840e-01 5.955598907000980713e-01 7.366186190745886986e-01
1.471809161358641760e-01 5.970770464295215296e-01 7.282482897518741671e-01
1.471809161358641760e-01 5.970770464295215296e-01 7.282482897518741671e-01
1.417597592597916734e-01 5.985264424918619319e-01 7.199261127467376786e-01
1.417597592597916734e-01 5.985264424918619319e-01 7.199261127467376786e-01
1.366618005401878388e-01 5.999132320309621402e-01 7.116537263451366835e-01
1.366618005401878388e-01 5.999132320309621402e-01 7.116537263451366835e-01
1.318651668177251157e-01 6.012424673207263925e-01 7.034315903617828214e-01
1.318651668177251157e-01 6.012424673207263925e-01 7.034315903617828214e-01
1.273446479181761237e-01 6.025190665492237141e-01 6.952590221315417818e-01
1.273446479181761237e-01 6.025190665492237141e-01 6.952590221315417818e-01
1.230730087200116729e-01 6.037475472638972329e-01 6.871358208632710740e-01
1.230730087200116729e-01 6.037475472638972329e-01 6.871358208632710740e-01
1.190191231635533559e-01 6.049327052965656204e-01 6.790576555980549767e-01
1.190191231635533559e-01 6.049327052965656204e-01 6.790576555980549767e-01
1.151509469769484290e-01 6.060789392957454114e-01 6.710202555718665085e-01
1.151509469769484290e-01 6.060789392957454114e-01 6.710202555718665085e-01
1.114358166783138426e-01 6.071903383128367526e-01 6.630188267071367436e-01
1.114358166783138426e-01 6.071903383128367526e-01 6.630188267071367436e-01
1.078409715136029734e-01 6.082707237325160055e-01 6.550476870933330531e-01
1.078409715136029734e-01 6.082707237325160055e-01 6.550476870933330531e-01
1.043343110507451571e-01 6.093236280546268091e-01 6.471003280810894154e-01
1.043343110507451571e-01 6.093236280546268091e-01 6.471003280810894154e-01
1.008851481167931524e-01 6.103522753366670273e-01 6.391694791409127108e-01
1.008851481167931524e-01 6.103522753366670273e-01 6.391694791409127108e-01
9.746495256787601758e-02 6.113595633518182915e-01 6.312471764109761629e-01
9.746495256787601758e-02 6.113595633518182915e-01 6.312471764109761629e-01
9.404809103160054196e-02 6.123480475611412510e-01 6.233248347935372857e-01
9.404809103160054196e-02 6.123480475611412510e-01 6.233248347935372857e-01
9.061257803237196540e-02 6.133199270323896890e-01 6.153933233580743956e-01
9.061257803237196540e-02 6.133199270323896890e-01 6.153933233580743956e-01
8.714086443809869464e-02 6.142770324586319663e-01 6.074430436793202270e-01
8.714086443809869464e-02 6.142770324586319663e-01 6.074430436793202270e-01
8.362069972888189207e-02 6.152208164347061636e-01 5.994640105905789662e-01
8.362069972888189207e-02 6.152208164347061636e-01 5.994640105905789662e-01
8.004611488792039153e-02 6.161523461369483590e-01 5.914459346789762151e-01
8.004611488792039153e-02 6.161523461369483590e-01 5.914459346789762151e-01
7.641858197099908601e-02 6.170722985210655986e-01 5.833783057027165375e-01
7.641858197099908601e-02 6.170722985210655986e-01 5.833783057027165375e-01
7.274841262667286479e-02 6.179809581052239098e-01 5.752504759840709747e-01
7.274841262667286479e-02 6.179809581052239098e-01 5.752504759840709747e-01
6.905645657117907843e-02 6.188782173423191812e-01 5.670517427380269426e-01
6.905645657117907843e-02 6.188782173423191812e-01 5.670517427380269426e-01
6.537614345780892733e-02 6.197635795101084089e-01 5.587714282459486093e-01
6.537614345780892733e-02 6.197635795101084089e-01 5.587714282459486093e-01
6.175564740901064859e-02 6.206362159885469021e-01 5.503984507248045333e-01
6.175564740901064859e-02 6.206362159885469021e-01 5.503984507248045333e-01
5.826070654496136314e-02 6.214949274760799280e-01 5.419217827291848977e-01
5.826070654496136314e-02 6.214949274760799280e-01 5.419217827291848977e-01
5.497767669545344793e-02 6.223380274773114840e-01 5.333317877688322772e-01
5.497767669545344793e-02 6.223380274773114840e-01 5.333317877688322772e-01
5.201458295977699764e-02 6.231635358536633529e-01 5.246185133783193288e-01
5.201458295977699764e-02 6.231635358536633529e-01 5.246185133783193288e-01
4.950142743354776081e-02 6.239691259142690072e-01 5.157723504350353316e-01
4.950142743354776081e-02 6.239691259142690072e-01 5.157723504350353316e-01
4.758698141572526019e-02 6.247521357298396749e-01 5.067840804984132808e-01
4.758698141572526019e-02 6.247521357298396749e-01 5.067840804984132808e-01
4.643080023579291421e-02 6.255095791592690802e-01 4.976449166324661277e-01
4.643080023579291421e-02 6.255095791592690802e-01 4.976449166324661277e-01
4.618975309007814639e-02 6.262381559904887096e-01 4.883465381566353125e-01
4.618975309007814639e-02 6.262381559904887096e-01 4.883465381566353125e-01
4.700039058078139126e-02 6.269342605973228233e-01 4.788811201332052736e-01
4.700039058078139126e-02 6.269342605973228233e-01 4.788811201332052736e-01
4.896116083310244477e-02 6.275939885340446889e-01 4.692413587763781258e-01
4.896116083310244477e-02 6.275939885340446889e-01 4.692413587763781258e-01
5.212008079126204813e-02 6.282131405288476911e-01 4.594204943540425301e-01
5.212008079126204813e-02 6.282131405288476911e-01 4.594204943540425301e-01
5.647225623588797427e-02 6.287872322033742911e-01 4.494121717488768208e-01
5.647225623588797427e-02 6.287872322033742911e-01 4.494121717488768208e-01
6.197404055707609466e-02 6.293120219206119748e-01 4.391993833560515759e-01
6.197404055707609466e-02 6.293120219206119748e-01 4.391993833560515759e-01
6.854068999683228525e-02 6.297818207707650551e-01 4.287860661089751835e-01
6.854068999683228525e-02 6.297818207707650551e-01 4.287860661089751835e-01
7.607497744153506047e-02 6.301911698455857636e-01 4.181675977517745335e-01
7.607497744153506047e-02 6.301911698455857636e-01 4.181675977517745335e-01
8.447664042860526801e-02 6.305342694623982114e-01 4.073400611425628814e-01
8.447664042860526801e-02 6.305342694623982114e-01 4.073400611425628814e-01
9.365111895405006659e-02 6.308049595837131873e-01 3.963003180746179632e-01
9.365111895405006659e-02 6.308049595837131873e-01 3.963003180746179632e-01
1.035192574811684418e-01 6.309967705204495569e-01 3.850405370429960672e-01
1.035192574811684418e-01 6.309967705204495569e-01 3.850405370429960672e-01
1.140254769538029817e-01 6.311027062429570567e-01 3.735423844306335339e-01
1.140254769538029817e-01 6.311027062429570567e-01 3.735423844306335339e-01
1.250941385194875299e-01 6.311148648482894918e-01 3.618239074069585226e-01
1.250941385194875299e-01 6.311148648482894918e-01 3.618239074069585226e-01
1.366760200418375981e-01 6.310252493007015850e-01 3.498862797279277959e-01
1.366760200418375981e-01 6.310252493007015850e-01 3.498862797279277959e-01
1.487450413940189231e-01 6.308250712176581843e-01 3.377184402275595354e-01
1.487450413940189231e-01 6.308250712176581843e-01 3.377184402275595354e-01
1.612863682693760903e-01 6.305044115803294380e-01 3.253086373521522634e-01
1.612863682693760903e-01 6.305044115803294380e-01 3.253086373521522634e-01
1.742472075397742681e-01 6.300538859887914178e-01 3.126907591502630646e-01
1.742472075397742681e-01 6.300538859887914178e-01 3.126907591502630646e-01
1.876263666649164441e-01 6.294622424929767757e-01 2.998549120399622847e-01
1.876263666649164441e-01 6.294622424929767757e-01 2.998549120399622847e-01
2.014186399941453598e-01 6.287173245321517889e-01 2.868023111823741478e-01
2.014186399941453598e-01 6.287173245321517889e-01 2.868023111823741478e-01
2.155691490751039385e-01 6.278095007281835338e-01 2.735865480671810790e-01
2.155691490751039385e-01 6.278095007281835338e-01 2.735865480671810790e-01
2.301200281597400865e-01 6.267226299910126919e-01 2.601757968834532142e-01
2.301200281597400865e-01 6.267226299910126919e-01 2.601757968834532142e-01
2.449814280254924426e-01 6.254497748549902036e-01 2.466653689672437255e-01
2.449814280254924426e-01 6.254497748549902036e-01 2.466653689672437255e-01
2.601775144473030266e-01 6.239753699519439145e-01 2.330503524445159402e-01
2.601775144473030266e-01 6.239753699519439145e-01 2.330503524445159402e-01
2.756139626296505440e-01 6.222954454207603181e-01 2.194367355137643305e-01
2.756139626296505440e-01 6.222954454207603181e-01 2.194367355137643305e-01
2.912744342917639728e-01 6.203998668476999878e-01 2.058640509664669271e-01
2.912744342917639728e-01 6.203998668476999878e-01 2.058640509664669271e-01
3.070542195484226577e-01 6.182910082129481344e-01 1.924514709513225064e-01
3.070542195484226577e-01 6.182910082129481344e-01 1.924514709513225064e-01
3.228798734297354533e-01 6.159712854614198818e-01 1.792915556754097473e-01
3.228798734297354533e-01 6.159712854614198818e-01 1.792915556754097473e-01
3.386469424958035157e-01 6.134517715971193885e-01 1.665024036413650654e-01
3.386469424958035157e-01 6.134517715971193885e-01 1.665024036413650654e-01
3.542654069300089081e-01 6.107463241048468605e-01 1.541880442415432817e-01
3.542654069300089081e-01 6.107463241048468605e-01 1.541880442415432817e-01
3.696124705829360035e-01 6.078799569961021998e-01 1.424740006201624942e-01
3.696124705829360035e-01 6.078799569961021998e-01 1.424740006201624942e-01
3.846382585809844934e-01 6.048692977280458738e-01 1.314243727911607595e-01
3.846382585809844934e-01 6.048692977280458738e-01 1.314243727911607595e-01
3.992438557266929644e-01 6.017446054761744767e-01 1.211338847430977889e-01
3.992438557266929644e-01 6.017446054761744767e-01 1.211338847430977889e-01
4.134190177134941524e-01 5.985208168603068923e-01 1.116270587404906284e-01
4.134190177134941524e-01 5.985208168603068923e-01 1.116270587404906284e-01
4.270952636131467028e-01 5.952278971035029898e-01 1.029610585301365400e-01
4.270952636131467028e-01 5.952278971035029898e-01 1.029610585301365400e-01
4.403231011404554196e-01 5.918684585493334538e-01 9.510990731973122114e-02
4.403231011404554196e-01 5.918684585493334538e-01 9.510990731973122114e-02
4.530355531465159458e-01 5.884746005463745711e-01 8.811157907258622413e-02
4.530355531465159458e-01 5.884746005463745711e-01 8.811157907258622413e-02
4.652999067437819103e-01 5.850434096050025623e-01 8.191845891918191069e-02
4.652999067437819103e-01 5.850434096050025623e-01 8.191845891918191069e-02
4.771417712862048299e-01 5.815809506949946028e-01 7.650279064819005825e-02
4.771417712862048299e-01 5.815809506949946028e-01 7.650279064819005825e-02
4.885561667843539291e-01 5.781014915707888280e-01 7.184183302933092041e-02
4.885561667843539291e-01 5.781014915707888280e-01 7.184183302933092041e-02
4.995686120038952960e-01 5.746096445054095225e-01 6.788944054515430593e-02
4.995686120038952960e-01 5.746096445054095225e-01 6.788944054515430593e-02
5.102303245271376797e-01 5.711001168267689776e-01 6.458532396818240928e-02
5.102303245271376797e-01 5.711001168267689776e-01 6.458532396818240928e-02
5.205649355055764760e-01 5.675747041921406222e-01 6.187497369674838099e-02
5.205649355055764760e-01 5.675747041921406222e-01 6.187497369674838099e-02
5.305960796400386315e-01 5.640340669473190571e-01 5.969927475568981290e-02
5.305960796400386315e-01 5.640340669473190571e-01 5.969927475568981290e-02
5.403469407133317803e-01 5.604779145814602348e-01 5.799651416580199614e-02
5.403469407133317803e-01 5.604779145814602348e-01 5.799651416580199614e-02
5.498399152024794345e-01 5.569051749521736205e-01 5.670438484423421382e-02
5.498399152024794345e-01 5.569051749521736205e-01 5.670438484423421382e-02
5.590963738423488927e-01 5.533141456339371045e-01 5.576179299989779403e-02
5.590963738423488927e-01 5.533141456339371045e-01 5.576179299989779403e-02
5.681365026030408272e-01 5.497026265454589833e-01 5.511032261800104248e-02
5.681365026030408272e-01 5.497026265454589833e-01 5.511032261800104248e-02
5.769792069275847535e-01 5.460680341564243534e-01 5.469527754435485334e-02
5.769792069275847535e-01 5.460680341564243534e-01 5.469527754435485334e-02
5.856420657725734946e-01 5.424074981989470690e-01 5.446628742988894600e-02
5.856420657725734946e-01 5.424074981989470690e-01 5.446628742988894600e-02
5.941413246890729916e-01 5.387179420431968957e-01 5.437751362549991113e-02
5.941413246890729916e-01 5.387179420431968957e-01 5.437751362549991113e-02
6.024919196870937022e-01 5.349961478508127311e-01 5.438751943720410847e-02
6.024919196870937022e-01 5.349961478508127311e-01 5.438751943720410847e-02
6.107075258475439528e-01 5.312388073818237189e-01 5.445887765880122466e-02
6.107075258475439528e-01 5.312388073818237189e-01 5.445887765880122466e-02
6.188006265465479938e-01 5.274425589669415881e-01 5.455758237140354017e-02
6.188006265465479938e-01 5.274425589669415881e-01 5.455758237140354017e-02
6.267826007433724422e-01 5.236040107141036737e-01 5.465231750579945674e-02
6.267826007433724422e-01 5.236040107141036737e-01 5.465231750579945674e-02
6.346638270878416366e-01 5.197197495254748389e-01 5.471361607834012569e-02
6.346638270878416366e-01 5.197197495254748389e-01 5.471361607834012569e-02
6.424538046749556086e-01 5.157863349743418979e-01 5.471292371820188349e-02
6.424538046749556086e-01 5.157863349743418979e-01 5.471292371820188349e-02
6.501612911725841437e-01 5.118002765346268967e-01 5.462155837569406674e-02
6.501612911725841437e-01 5.118002765346268967e-01 5.462155837569406674e-02
6.577944598329826809e-01 5.077579920670605151e-01 5.440953320737401677e-02
6.577944598329826809e-01 5.077579920670605151e-01 5.440953320737401677e-02
6.653610776170377772e-01 5.036557448476868259e-01 5.404417764765246518e-02
6.653610776170377772e-01 5.036557448476868259e-01 5.404417764765246518e-02
6.728687073148698072e-01 4.994895558054609497e-01 5.348844554281794589e-02
6.728687073148698072e-01 4.994895558054609497e-01 5.348844554281794589e-02
6.803249370361971193e-01 4.952550871217213935e-01 5.269872638401839476e-02
6.803249370361971193e-01 4.952550871217213935e-01 5.269872638401839476e-02
6.877376404355994843e-01 4.909474932229418997e-01 5.162185271970219647e-02
6.877376404355994843e-01 4.909474932229418997e-01 5.162185271970219647e-02
