1.099485733991566183e-01 1.156215703245774967e-01 1.310678749692826550e-01
1.099485733991566183e-01 1.156215703245774967e-01 1.310678749692826550e-01
1.135857638068318992e-01 1.182660812195958644e-01 1.322700602406058634e-01
1.135857638068318992e-01 1.182660812195958644e-01 1.322700602406058634e-01
1.171658207295635801e-01 1.209074052454186116e-01 1.335492653994374834e-01
1.171658207295635801e-01 1.209074052454186116e-01 1.335492653994374834e-01
1.207179140358421027e-01 1.235418306366954794e-01 1.348512840297643456e-01
1.207179140358421027e-01 1.235418306366954794e-01 1.348512840297643456e-01
1.242420773449267740e-01 1.261701084340573487e-01 1.361775150373146226e-01
1.242420773449267740e-01 1.261701084340573487e-01 1.361775150373146226e-01
1.277406669213479173e-01 1.287925636950294772e-01 1.375245946536885755e-01
1.277406669213479173e-01 1.287925636950294772e-01 1.375245946536885755e-01
1.312116814732700865e-01 1.314102336019388195e-01 1.388975189049707071e-01
1.312116814732700865e-01 1.314102336019388195e-01 1.388975189049707071e-01
1.346573670306065729e-01 1.340234086383446377e-01 1.402926643141352292e-01
1.346573670306065729e-01 1.340234086383446377e-01 1.402926643141352292e-01
1.380749520421291898e-01 1.366332389065697261e-01 1.417162301595387974e-01
1.380749520421291898e-01 1.366332389065697261e-01 1.417162301595387974e-01
1.414618824893046911e-01 1.392408108060922967e-01 1.431742496235141882e-01
1.414618824893046911e-01 1.392408108060922967e-01 1.431742496235141882e-01
1.448152576214016274e-01 1.418470698574789413e-01 1.446753800698653558e-01
1.448152576214016274e-01 1.418470698574789413e-01 1.446753800698653558e-01
1.481344540509532404e-01 1.444513303748535260e-01 1.462350723759052451e-01
1.481344540509532404e-01 1.444513303748535260e-01 1.462350723759052451e-01
1.514491547969631091e-01 1.470391386403895329e-01 1.478830660995166801e-01
1.514491547969631091e-01 1.470391386403895329e-01 1.478830660995166801e-01
1.549973072131321794e-01 1.495278086023079933e-01 1.494893029782985439e-01
1.549973072131321794e-01 1.495278086023079933e-01 1.494893029782985439e-01
1.588542323395434053e-01 1.519355214599104886e-01 1.505669302476597415e-01
1.588542323395434053e-01 1.519355214599104886e-01 1.505669302476597415e-01
1.627110951171167330e-01 1.543637876061301206e-01 1.513353296001032355e-01
1.627110951171167330e-01 1.543637876061301206e-01 1.513353296001032355e-01
1.665625755937224783e-01 1.567963710273437006e-01 1.519715587849077842e-01
1.665625755937224783e-01 1.567963710273437006e-01 1.519715587849077842e-01
1.704219485460581607e-01 1.592233331896240611e-01 1.525197438043471299e-01
1.704219485460581607e-01 1.592233331896240611e-01 1.525197438043471299e-01
1.742981562057475675e-01 1.616403281147338056e-01 1.529863155626568216e-01
1.742981562057475675e-01 1.616403281147338056e-01 1.529863155626568216e-01
1.781871349977736663e-01 1.640473367037568464e-01 1.533891588295492048e-01
1.781871349977736663e-01 1.640473367037568464e-01 1.533891588295492048e-01
1.820906265354749753e-01 1.664435194202059098e-01 1.537301964478202110e-01
1.820906265354749753e-01 1.664435194202059098e-01 1.537301964478202110e-01
1.860099322024413859e-01 1.688283421864011924e-01 1.540099345544042597e-01
1.860099322024413859e-01 1.688283421864011924e-01 1.540099345544042597e-01
1.899411776187186207e-01 1.712026239070837952e-01 1.542381520205731438e-01
1.899411776187186207e-01 1.712026239070837952e-01 1.542381520205731438e-01
1.938843137735990763e-01 1.735663558293564501e-01 1.544164587005000533e-01
1.938843137735990763e-01 1.735663558293564501e-01 1.544164587005000533e-01
1.978392659425883549e-01 1.759195731607315905e-01 1.545461199623040238e-01
1.978392659425883549e-01 1.759195731607315905e-01 1.545461199623040238e-01
2.018083873985573595e-01 1.782617136515501632e-01 1.546231302330527690e-01
2.018083873985573595e-01 1.782617136515501632e-01 1.546231302330527690e-01
2.057884988498784873e-01 1.805936282516173719e-01 1.546546644670844795e-01
2.057884988498784873e-01 1.805936282516173719e-01 1.546546644670844795e-01
2.097798353821942463e-01 1.829153273007706748e-01 1.546407977287472812e-01
2.097798353821942463e-01 1.829153273007706748e-01 1.546407977287472812e-01
2.137815065490334399e-01 1.852271247311253755e-01 1.545838563643089081e-01
2.137815065490334399e-01 1.852271247311253755e-01 1.545838563643089081e-01
2.177940755594291455e-01 1.875289569863424766e-01 1.544830526049160990e-01
2.177940755594291455e-01 1.875289569863424766e-01 1.544830526049160990e-01
2.218173307917859771e-01 1.898209673535504738e-01 1.543391520084263502e-01
2.218173307917859771e-01 1.898209673535504738e-01 1.543391520084263502e-01
2.258508128227591227e-01 1.921033731433010039e-01 1.541534054908227369e-01
2.258508128227591227e-01 1.921033731433010039e-01 1.541534054908227369e-01
2.298585822613883334e-01 1.943918832723444956e-01 1.539411997953017697e-01
2.298585822613883334e-01 1.943918832723444956e-01 1.539411997953017697e-01
2.338338811895249170e-01 1.966925790961747966e-01 1.536745355876177055e-01
2.338338811895249170e-01 1.966925790961747966e-01 1.536745355876177055e-01
2.377732138392522621e-01 1.990078301532870464e-01 1.533503733263288649e-01
2.377732138392522621e-01 1.990078301532870464e-01 1.533503733263288649e-01
2.416702413005009653e-01 2.013409111100595006e-01 1.529711540207676357e-01
2.416702413005009653e-01 2.013409111100595006e-01 1.529711540207676357e-01
2.455069913245153945e-01 2.037001755133160397e-01 1.525462064329914658e-01
2.455069913245153945e-01 2.037001755133160397e-01 1.525462064329914658e-01
2.492859430798055331e-01 2.060855029651264825e-01 1.520693857009312866e-01
2.492859430798055331e-01 2.060855029651264825e-01 1.520693857009312866e-01
2.529995392370757989e-01 2.085009816879632716e-01 1.515415986307627472e-01
2.529995392370757989e-01 2.085009816879632716e-01 1.515415986307627472e-01
2.566390451295921249e-01 2.109511652064721132e-01 1.509651618267154882e-01
2.566390451295921249e-01 2.109511652064721132e-01 1.509651618267154882e-01
2.601687699877652249e-01 2.134517719808499969e-01 1.503679848886773918e-01
2.601687699877652249e-01 2.134517719808499969e-01 1.503679848886773918e-01
2.635982831736958243e-01 2.159997326640747950e-01 1.497367560244898810e-01
2.635982831736958243e-01 2.159997326640747950e-01 1.497367560244898810e-01
2.668983584631209327e-01 2.186077959438701701e-01 1.490972798789829690e-01
2.668983584631209327e-01 2.186077959438701701e-01 1.490972798789829690e-01
2.700517017001553000e-01 2.212836159056296714e-01 1.484654997677083976e-01
2.700517017001553000e-01 2.212836159056296714e-01 1.484654997677083976e-01
2.730364154437301960e-01 2.240361906357422050e-01 1.478678678782934242e-01
2.730364154437301960e-01 2.240361906357422050e-01 1.478678678782934242e-01
2.758419467869256403e-01 2.268691893578702878e-01 1.473254837361153424e-01
2.758419467869256403e-01 2.268691893578702878e-01 1.473254837361153424e-01
2.784287299907730606e-01 2.297977106958790650e-01 1.468935410385016072e-01
2.784287299907730606e-01 2.297977106958790650e-01 1.468935410385016072e-01
2.808064246310454926e-01 2.328154230061158236e-01 1.465876023281641183e-01
2.808064246310454926e-01 2.328154230061158236e-01 1.465876023281641183e-01
2.829649463369712792e-01 2.359236062090368236e-01 1.464471089148370597e-01
2.829649463369712792e-01 2.359236062090368236e-01 1.464471089148370597e-01
2.848878435237806594e-01 2.391256270892583302e-01 1.465204758805897511e-01
2.848878435237806594e-01 2.391256270892583302e-01 1.465204758805897511e-01
2.866069408485204528e-01 2.424048392991681455e-01 1.468075038217874217e-01
2.866069408485204528e-01 2.424048392991681455e-01 1.468075038217874217e-01
2.881328625236141971e-01 2.457536267769227789e-01 1.473241161761770224e-01
2.881328625236141971e-01 2.457536267769227789e-01 1.473241161761770224e-01
2.894697633947578841e-01 2.491673457313820228e-01 1.480862271632535088e-01
2.894697633947578841e-01 2.491673457313820228e-01 1.480862271632535088e-01
2.906652504608233656e-01 2.526245447978676673e-01 1.490603387740934704e-01
2.906652504608233656e-01 2.526245447978676673e-01 1.490603387740934704e-01
2.917017890615341558e-01 2.561303422022062626e-01 1.502699581017266639e-01
2.917017890615341558e-01 2.561303422022062626e-01 1.502699581017266639e-01
2.926334190452840045e-01 2.596620748529304135e-01 1.516652036651237045e-01
2.926334190452840045e-01 2.596620748529304135e-01 1.516652036651237045e-01
2.934491522622231785e-01 2.632231017770746417e-01 1.532548380949883271e-01
2.934491522622231785e-01 2.632231017770746417e-01 1.532548380949883271e-01
2.941733861577494058e-01 2.668033158514681036e-01 1.550118911247627129e-01
2.941733861577494058e-01 2.668033158514681036e-01 1.550118911247627129e-01
2.948227510663473105e-01 2.703960490464636934e-01 1.569154021278183209e-01
2.948227510663473105e-01 2.703960490464636934e-01 1.569154021278183209e-01
2.953987429148026145e-01 2.740005254794501965e-01 1.589583137203217922e-01
2.953987429148026145e-01 2.740005254794501965e-01 1.589583137203217922e-01
2.959009186717446171e-01 2.776167182396346300e-01 1.611348078188137578e-01
2.959009186717446171e-01 2.776167182396346300e-01 1.611348078188137578e-01
2.963467431373886241e-01 2.812382753449723105e-01 1.634211538069521852e-01
2.963467431373886241e-01 2.812382753449723105e-01 1.634211538069521852e-01
2.967423330521006819e-01 2.848629631432538223e-01 1.658077586707612239e-01
2.967423330521006819e-01 2.848629631432538223e-01 1.658077586707612239e-01
2.970888351440585384e-01 2.884906486309768980e-01 1.682855876361565861e-01
2.970888351440585384e-01 2.884906486309768980e-01 1.682855876361565861e-01
2.973904832723339164e-01 2.921199390026653631e-01 1.708463002731476499e-01
2.973904832723339164e-01 2.921199390026653631e-01 1.708463002731476499e-01
2.976504229245272026e-01 2.957499218252775952e-01 1.734820924606587100e-01
2.976504229245272026e-01 2.957499218252775952e-01 1.734820924606587100e-01
2.978703866341622652e-01 2.993802544407411781e-01 1.761858257942125472e-01
2.978703866341622652e-01 2.993802544407411781e-01 1.761858257942125472e-01
2.980530146695297145e-01 3.030102516843319882e-01 1.789507874609633509e-01
2.980530146695297145e-01 3.030102516843319882e-01 1.789507874609633509e-01
2.982000389789216110e-01 3.066395886949090932e-01 1.817708251830226496e-01
2.982000389789216110e-01 3.066395886949090932e-01 1.817708251830226496e-01
2.983131073084567264e-01 3.102679765299606318e-01 1.846402355589016053e-01
2.983131073084567264e-01 3.102679765299606318e-01 1.846402355589016053e-01
2.983941823896826828e-01 3.138950202116075339e-01 1.875536437841731907e-01
2.983941823896826828e-01 3.138950202116075339e-01 1.875536437841731907e-01
2.984449009668285746e-01 3.175204546502968239e-01 1.905060771860407620e-01
2.984449009668285746e-01 3.175204546502968239e-01 1.905060771860407620e-01
2.984655951113501793e-01 3.211444741691063531e-01 1.934931755039342449e-01
2.984655951113501793e-01 3.211444741691063531e-01 1.934931755039342449e-01
2.984429081830658470e-01 3.247712710093299537e-01 1.965239070893389783e-01
2.984429081830658470e-01 3.247712710093299537e-01 1.965239070893389783e-01
2.983914619446262351e-01 3.283966064273097230e-01 1.995822505971143468e-01
2.983914619446262351e-01 3.283966064273097230e-01 1.995822505971143468e-01
2.983098699977021484e-01 3.320212177207070847e-01 2.026650083040732742e-01
2.983098699977021484e-01 3.320212177207070847e-01 2.026650083040732742e-01
2.982029025594117866e-01 3.356437896081013728e-01 2.057678687423844521e-01
2.982029025594117866e-01 3.356437896081013728e-01 2.057678687423844521e-01
2.980669368630088356e-01 3.392657711190629755e-01 2.088887270247516137e-01
2.980669368630088356e-01 3.392657711190629755e-01 2.088887270247516137e-01
2.978821662337143850e-01 3.428927901056122995e-01 2.120427076939915001e-01
2.978821662337143850e-01 3.428927901056122995e-01 2.120427076939915001e-01
2.976699378946313090e-01 3.465189421786719071e-01 2.152097359292698964e-01
2.976699378946313090e-01 3.465189421786719071e-01 2.152097359292698964e-01
2.974284250423232523e-01 3.501450237231792939e-01 2.183876273399516788e-01
2.974284250423232523e-01 3.501450237231792939e-01 2.183876273399516788e-01
2.971545777183990378e-01 3.537719880285983276e-01 2.215772422769025085e-01
2.971545777183990378e-01 3.537719880285983276e-01 2.215772422769025085e-01
2.968310475333896803e-01 3.574044508480737070e-01 2.247912983832192624e-01
2.968310475333896803e-01 3.574044508480737070e-01 2.247912983832192624e-01
2.964767571912811372e-01 3.610375677038849540e-01 2.280107456129452648e-01
2.964767571912811372e-01 3.610375677038849540e-01 2.280107456129452648e-01
2.960929342316820367e-01 3.646711124494285694e-01 2.312336090459400917e-01
2.960929342316820367e-01 3.646711124494285694e-01 2.312336090459400917e-01
2.956522203035654162e-01 3.683121504835762949e-01 2.344784645911410226e-01
2.956522203035654162e-01 3.683121504835762949e-01 2.344784645911410226e-01
2.951741468778145694e-01 3.719556947391436941e-01 2.377280934739518514e-01
2.951741468778145694e-01 3.719556947391436941e-01 2.377280934739518514e-01
2.946649532407942251e-01 3.756001987187570501e-01 2.409772601084688437e-01
2.946649532407942251e-01 3.756001987187570501e-01 2.409772601084688437e-01
2.940906179404862986e-01 3.792541379083591568e-01 2.442469462027733185e-01
2.940906179404862986e-01 3.792541379083591568e-01 2.442469462027733185e-01
2.934886033344258349e-01 3.829073743632003812e-01 2.475226222310916435e-01
2.934886033344258349e-01 3.829073743632003812e-01 2.475226222310916435e-01
2.928279744976612364e-01 3.865683645820722214e-01 2.508090334300136504e-01
2.928279744976612364e-01 3.865683645820722214e-01 2.508090334300136504e-01
2.921358085935748528e-01 3.902281334918354938e-01 2.541230974625934280e-01
2.921358085935748528e-01 3.902281334918354938e-01 2.541230974625934280e-01
2.913827255510331171e-01 3.938956211498315652e-01 2.574516022596302633e-01
2.913827255510331171e-01 3.938956211498315652e-01 2.574516022596302633e-01
2.905670402864748425e-01 3.975708834394146574e-01 2.607954551971048418e-01
2.905670402864748425e-01 3.975708834394146574e-01 2.607954551971048418e-01
2.897131675144549723e-01 4.012460402573125307e-01 2.641698923390115028e-01
2.897131675144549723e-01 4.012460402573125307e-01 2.641698923390115028e-01
2.887976826637663752e-01 4.049278559128744459e-01 2.675646603898119147e-01
2.887976826637663752e-01 4.049278559128744459e-01 2.675646603898119147e-01
2.878155005010408218e-01 4.086172838027372078e-01 2.709800720655359263e-01
2.878155005010408218e-01 4.086172838027372078e-01 2.709800720655359263e-01
2.867794688356540833e-01 4.123099896935575881e-01 2.744259979887926360e-01
2.867794688356540833e-01 4.123099896935575881e-01 2.744259979887926360e-01
2.856881294923194203e-01 4.160060791439741390e-01 2.779026470703384599e-01
2.856881294923194203e-01 4.160060791439741390e-01 2.779026470703384599e-01
2.845263098758097353e-01 4.197093184821470979e-01 2.814058623309895202e-01
2.845263098758097353e-01 4.197093184821470979e-01 2.814058623309895202e-01
2.832930978390467702e-01 4.234193522565792844e-01 2.849377861372656695e-01
2.832930978390467702e-01 4.234193522565792844e-01 2.849377861372656695e-01
2.820084648861488352e-01 4.271301405191310629e-01 2.885105230143191757e-01
2.820084648861488352e-01 4.271301405191310629e-01 2.885105230143191757e-01
2.806572083770701997e-01 4.308454151463574355e-01 2.921187356656900769e-01
2.806572083770701997e-01 4.308454151463574355e-01 2.921187356656900769e-01
2.792309920569643333e-01 4.345667150296280701e-01 2.957625703094142744e-01
2.792309920569643333e-01 4.345667150296280701e-01 2.957625703094142744e-01
2.777307101210035323e-01 4.382932201673034323e-01 2.994441434667581836e-01
2.777307101210035323e-01 4.382932201673034323e-01 2.994441434667581836e-01
2.761633065633492534e-01 4.420225017860739958e-01 3.031695016916166607e-01
2.761633065633492534e-01 4.420225017860739958e-01 3.031695016916166607e-01
2.745372686572536969e-01 4.457519162663944323e-01 3.069444313909581168e-01
2.745372686572536969e-01 4.457519162663944323e-01 3.069444313909581168e-01
2.728360845078824926e-01 4.494850529720809673e-01 3.107645860352221123e-01
2.728360845078824926e-01 4.494850529720809673e-01 3.107645860352221123e-01
2.710614004414124700e-01 4.532209338040393276e-01 3.146323641741010091e-01
2.710614004414124700e-01 4.532209338040393276e-01 3.146323641741010091e-01
2.692097156140337288e-01 4.569595661000478981e-01 3.185517786695231668e-01
2.692097156140337288e-01 4.569595661000478981e-01 3.185517786695231668e-01
2.672865314033833206e-01 4.606992310029900950e-01 3.225244856601138244e-01
2.672865314033833206e-01 4.606992310029900950e-01 3.225244856601138244e-01
2.652957647829607413e-01 4.644384582345080781e-01 3.265543372879776696e-01
2.652957647829607413e-01 4.644384582345080781e-01 3.265543372879776696e-01
2.632498079993619844e-01 4.681739030865898488e-01 3.306489195085970945e-01
2.632498079993619844e-01 4.681739030865898488e-01 3.306489195085970945e-01
2.611365360702988525e-01 4.719078891515994245e-01 3.348052825484086892e-01
2.611365360702988525e-01 4.719078891515994245e-01 3.348052825484086892e-01
2.589598373352155480e-01 4.756391203156345449e-01 3.390262198453449227e-01
2.589598373352155480e-01 4.756391203156345449e-01 3.390262198453449227e-01
2.567243111306550252e-01 4.793662268222479983e-01 3.433145213720831257e-01
2.567243111306550252e-01 4.793662268222479983e-01 3.433145213720831257e-01
2.544351439830833117e-01 4.830877958629011260e-01 3.476730279763342035e-01
2.544351439830833117e-01 4.830877958629011260e-01 3.476730279763342035e-01
2.520986720181717655e-01 4.868022924961267206e-01 3.521044641641633000e-01
2.520986720181717655e-01 4.868022924961267206e-01 3.521044641641633000e-01
2.497220538664831901e-01 4.905081272716865226e-01 3.566115550334895690e-01
2.497220538664831901e-01 4.905081272716865226e-01 3.566115550334895690e-01
2.473148245764112685e-01 4.942034414111206586e-01 3.611964888900235926e-01
2.473148245764112685e-01 4.942034414111206586e-01 3.611964888900235926e-01
2.448872712265085516e-01 4.978863781971013536e-01 3.658614649217865056e-01
2.448872712265085516e-01 4.978863781971013536e-01 3.658614649217865056e-01
2.424518495735247803e-01 5.015548958335254159e-01 3.706081815302342264e-01
2.424518495735247803e-01 5.015548958335254159e-01 3.706081815302342264e-01
2.400219261635468393e-01 5.052069679591510987e-01 3.754382841054886288e-01
2.400219261635468393e-01 5.052069679591510987e-01 3.754382841054886288e-01
2.376126123204457541e-01 5.088404825562842237e-01 3.803530467818666549e-01
2.376126123204457541e-01 5.088404825562842237e-01 3.803530467818666549e-01
2.352425818916171751e-01 5.124530397051322295e-01 3.853525705244140176e-01
2.352425818916171751e-01 5.124530397051322295e-01 3.853525705244140176e-01
2.329311066112718098e-01 5.160423613142209875e-01 3.904368963423228700e-01
2.329311066112718098e-01 5.160423613142209875e-01 3.904368963423228700e-01
2.306979430529938480e-01 5.196062951625376458e-01 3.956060614540528042e-01
2.306979430529938480e-01 5.196062951625376458e-01 3.956060614540528042e-01
2.285676802037930888e-01 5.231423246074713429e-01 4.008580518900560774e-01
2.285676802037930888e-01 5.231423246074713429e-01 4.008580518900560774e-01
2.265635372601444986e-01 5.266483025363306592e-01 4.061914150763701326e-01
2.265635372601444986e-01 5.266483025363306592e-01 4.061914150763701326e-01
2.247374853517328519e-01 5.301179470554746587e-01 4.116081022236395270e-01
2.247374853517328519e-01 5.301179470554746587e-01 4.116081022236395270e-01
2.230940363091251655e-01 5.335526826539670475e-01 4.171005032350145192e-01
2.230940363091251655e-01 5.335526826539670475e-01 4.171005032350145192e-01
2.216573678924782798e-01 5.369509422891279860e-01 4.226641029658656512e-01
2.216573678924782798e-01 5.369509422891279860e-01 4.226641029658656512e-01
2.204526590645044526e-01 5.403111163909649628e-01 4.282941561959655585e-01
2.204526590645044526e-01 5.403111163909649628e-01 4.282941561959655585e-01
2.195038571198449640e-01 5.436318452931828693e-01 4.339853579949108919e-01
2.195038571198449640e-01 5.436318452931828693e-01 4.339853579949108919e-01
2.188329896204458946e-01 5.469120507441251888e-01 4.397319460149096693e-01
2.188329896204458946e-01 5.469120507441251888e-01 4.397319460149096693e-01
2.184593082356252325e-01 5.501509721155516397e-01 4.455279761558727514e-01
2.184593082356252325e-01 5.501509721155516397e-01 4.455279761558727514e-01
2.183993016842480928e-01 5.533481381519349540e-01 4.513669979893517037e-01
2.183993016842480928e-01 5.533481381519349540e-01 4.513669979893517037e-01
2.186870903012621825e-01 5.565003589814609963e-01 4.572463250821076630e-01
2.186870903012621825e-01 5.565003589814609963e-01 4.572463250821076630e-01
2.193184539785133502e-01 5.596096966577568388e-01 4.631571103220600283e-01
2.193184539785133502e-01 5.596096966577568388e-01 4.631571103220600283e-01
2.202865827518762087e-01 5.626781524961160796e-01 4.690922024265565260e-01
2.202865827518762087e-01 5.626781524961160796e-01 4.690922024265565260e-01
2.215916290558258006e-01 5.657065204624310839e-01 4.750454564327132867e-01
2.215916290558258006e-01 5.657065204624310839e-01 4.750454564327132867e-01
2.232296435562298731e-01 5.686958435897561115e-01 4.810113691789469348e-01
2.232296435562298731e-01 5.686958435897561115e-01 4.810113691789469348e-01
2.251929544149178231e-01 5.716473577777347881e-01 4.869853186664093170e-01
2.251929544149178231e-01 5.716473577777347881e-01 4.869853186664093170e-01
2.274713259248352382e-01 5.745624865071278231e-01 4.929621487610974517e-01
2.274713259248352382e-01 5.745624865071278231e-01 4.929621487610974517e-01
2.300515798708999415e-01 5.774427881774079063e-01 4.989377312136801246e-01
2.300515798708999415e-01 5.774427881774079063e-01 4.989377312136801246e-01
2.329184148989453806e-01 5.802899035223467727e-01 5.049087485061747316e-01
2.329184148989453806e-01 5.802899035223467727e-01 5.049087485061747316e-01
2.360551458425342586e-01 5.831055682415651198e-01 5.108718639614970858e-01
2.360551458425342586e-01 5.831055682415651198e-01 5.108718639614970858e-01
2.394439858727312465e-01 5.858915746186660334e-01 5.168241677073545093e-01
2.394439858727312465e-01 5.858915746186660334e-01 5.168241677073545093e-01
2.430664938801310182e-01 5.886497511726633824e-01 5.227631304195184958e-01
2.430664938801310182e-01 5.886497511726633824e-01 5.227631304195184958e-01
2.469039777071877773e-01 5.913819328916362084e-01 5.286866816825204207e-01
2.469039777071877773e-01 5.913819328916362084e-01 5.286866816825204207e-01
2.509377301061522791e-01 5.940900110101789977e-01 5.345925963221522803e-01
2.509377301061522791e-01 5.940900110101789977e-01 5.345925963221522803e-01
2.551495580359916526e-01 5.967757543945129139e-01 5.404799228042378445e-01
2.551495580359916526e-01 5.967757543945129139e-01 5.404799228042378445e-01
2.595218467870525347e-01 5.994409385292814862e-01 5.463476082206895068e-01
2.595218467870525347e-01 5.994409385292814862e-01 5.463476082206895068e-01
2.640377617525089815e-01 6.020872938486193648e-01 5.521948897551016699e-01
2.640377617525089815e-01 6.020872938486193648e-01 5.521948897551016699e-01
2.686812784160925172e-01 6.047165282064854708e-01 5.580210808360697161e-01
2.686812784160925172e-01 6.047165282064854708e-01 5.580210808360697161e-01
2.734372746696819845e-01 6.073303086887616997e-01 5.638256689112565168e-01
2.734372746696819845e-01 6.073303086887616997e-01 5.638256689112565168e-01
2.783247857798973324e-01 6.099249754244724375e-01 5.696112710588957517e-01
2.783247857798973324e-01 6.099249754244724375e-01 5.696112710588957517e-01
2.833036955779699717e-01 6.125057077845151854e-01 5.753805636591718953e-01
2.833036955779699717e-01 6.125057077845151854e-01 5.753805636591718953e-01
2.883203830947818624e-01 6.150805781786493620e-01 5.811315520732678319e-01
2.883203830947818624e-01 6.150805781786493620e-01 5.811315520732678319e-01
2.933689532335170824e-01 6.176499601862790456e-01 5.868693316476365496e-01
2.933689532335170824e-01 6.176499601862790456e-01 5.868693316476365496e-01
2.984505668601136752e-01 6.202137895949306756e-01 5.925922417951320353e-01
2.984505668601136752e-01 6.202137895949306756e-01 5.925922417951320353e-01
3.035668077058196190e-01 6.227718537688126110e-01 5.982993642772027609e-01
3.035668077058196190e-01 6.227718537688126110e-01 5.982993642772027609e-01
3.087194192133520532e-01 6.253238778679571785e-01 6.039900057932654498e-01
3.087194192133520532e-01 6.253238778679571785e-01 6.039900057932654498e-01
3.139147415120061013e-01 6.278689270508486242e-01 6.096621873915442080e-01
3.139147415120061013e-01 6.278689270508486242e-01 6.096621873915442080e-01
3.191570865765788190e-01 6.304064490991020397e-01 6.153129445716469803e-01
3.191570865765788190e-01 6.304064490991020397e-01 6.153129445716469803e-01
3.244395910168733632e-01 6.329372182512055245e-01 6.209449854719497619e-01
3.244395910168733632e-01 6.329372182512055245e-01 6.209449854719497619e-01
3.297638494819579158e-01 6.354609570129593488e-01 6.265573325670698024e-01
3.297638494819579158e-01 6.354609570129593488e-01 6.265573325670698024e-01
3.351313941798470530e-01 6.379773914005576474e-01 6.321489299092597491e-01
3.351313941798470530e-01 6.379773914005576474e-01 6.321489299092597491e-01
3.405438343712182681e-01 6.404862093556160652e-01 6.377188132902107398e-01
3.405438343712182681e-01 6.404862093556160652e-01 6.377188132902107398e-01
3.460024359395043048e-01 6.429871846901713539e-01 6.432656282132198644e-01
3.460024359395043048e-01 6.429871846901713539e-01 6.432656282132198644e-01
3.515084806174580412e-01 6.454800699128655506e-01 6.487880797341525341e-01
3.515084806174580412e-01 6.454800699128655506e-01 6.487880797341525341e-01
3.570630984412230813e-01 6.479646455088415857e-01 6.542847513071936572e-01
3.570630984412230813e-01 6.479646455088415857e-01 6.542847513071936572e-01
3.626673499760852404e-01 6.504406957344281981e-01 6.597542070193680441e-01
3.626673499760852404e-01 6.504406957344281981e-01 6.597542070193680441e-01
3.683221685346761420e-01 6.529080255293048252e-01 6.651949420894310849e-01
3.683221685346761420e-01 6.529080255293048252e-01 6.651949420894310849e-01
3.740284180693084215e-01 6.553664439095855387e-01 6.706054486135428760e-01
3.740284180693084215e-01 6.553664439095855387e-01 6.706054486135428760e-01
3.797866697663457303e-01 6.578158286278013023e-01 6.759840272649851878e-01
3.797866697663457303e-01 6.578158286278013023e-01 6.759840272649851878e-01
3.855974645073668716e-01 6.602560507558870029e-01 6.813290426868277017e-01
3.855974645073668716e-01 6.602560507558870029e-01 6.813290426868277017e-01
3.914610568254910383e-01 6.626870489419676158e-01 6.866387150430657282e-01
3.914610568254910383e-01 6.626870489419676158e-01 6.866387150430657282e-01
3.973777658251167466e-01 6.651087292878630208e-01 6.919114189161824635e-01
3.973777658251167466e-01 6.651087292878630208e-01 6.919114189161824635e-01
4.033475099691281596e-01 6.675210996838163435e-01 6.971453242542099416e-01
4.033475099691281596e-01 6.675210996838163435e-01 6.971453242542099416e-01
4.093698585776432419e-01 6.699242558574325379e-01 7.023384812185985426e-01
4.093698585776432419e-01 6.699242558574325379e-01 7.023384812185985426e-01
4.154443481549625061e-01 6.723182919314570904e-01 7.074890672019722437e-01
4.154443481549625061e-01 6.723182919314570904e-01 7.074890672019722437e-01
4.215705211579440781e-01 6.747032905993149976e-01 7.125954010967018304e-01
4.215705211579440781e-01 6.747032905993149976e-01 7.125954010967018304e-01
4.277474924732870276e-01 6.770794487809591589e-01 7.176556657701721464e-01
4.277474924732870276e-01 6.770794487809591589e-01 7.176556657701721464e-01
4.339739618187496428e-01 6.794470758490858131e-01 7.226679604137893342e-01
4.339739618187496428e-01 6.794470758490858131e-01 7.226679604137893342e-01
4.402486986198073105e-01 6.818064561336218965e-01 7.276306097700123710e-01
4.402486986198073105e-01 6.818064561336218965e-01 7.276306097700123710e-01
4.465703977082322584e-01 6.841578917864823417e-01 7.325420642152927764e-01
4.465703977082322584e-01 6.841578917864823417e-01 7.325420642152927764e-01
4.529369478136806015e-01 6.865019156446946491e-01 7.374005273156908347e-01
4.529369478136806015e-01 6.865019156446946491e-01 7.374005273156908347e-01
4.593467171688083717e-01 6.888389224985547177e-01 7.422046591079161093e-01
4.593467171688083717e-01 6.888389224985547177e-01 7.422046591079161093e-01
4.658049096987599835e-01 6.911682760241023571e-01 7.469478336200473523e-01
4.658049096987599835e-01 6.911682760241023571e-01 7.469478336200473523e-01
4.723018160479571237e-01 6.934917550485342197e-01 7.516337184679962036e-01
4.723018160479571237e-01 6.934917550485342197e-01 7.516337184679962036e-01
4.788350487614085327e-01 6.958099702824751542e-01 7.562613366939247017e-01
4.788350487614085327e-01 6.958099702824751542e-01 7.562613366939247017e-01
4.854018227395818785e-01 6.981236613171789562e-01 7.608297061863082966e-01
4.854018227395818785e-01 6.981236613171789562e-01 7.608297061863082966e-01
4.919994600850892685e-01 7.004335467497937451e-01 7.653380987556690496e-01
4.919994600850892685e-01 7.004335467497937451e-01 7.653380987556690496e-01
4.986251187669875073e-01 7.027404035942158567e-01 7.697859340017516594e-01
4.986251187669875073e-01 7.027404035942158567e-01 7.697859340017516594e-01
5.052759447532909620e-01 7.050450244734962624e-01 7.741728330105693834e-01
5.052759447532909620e-01 7.050450244734962624e-01 7.741728330105693834e-01
5.119488999708844412e-01 7.073482688392821460e-01 7.784985644269417637e-01
5.119488999708844412e-01 7.073482688392821460e-01 7.784985644269417637e-01
5.186411958582292092e-01 7.096509370109275183e-01 7.827631671905006527e-01
5.186411958582292092e-01 7.096509370109275183e-01 7.827631671905006527e-01
5.253497626661042252e-01 7.119539260738443343e-01 7.869667937615548725e-01
5.253497626661042252e-01 7.119539260738443343e-01 7.869667937615548725e-01
5.320717376949358757e-01 7.142580871064014847e-01 7.911098386188447629e-01
5.320717376949358757e-01 7.142580871064014847e-01 7.911098386188447629e-01
5.388050584777321905e-01 7.165641220586483895e-01 7.951923877036007893e-01
5.388050584777321905e-01 7.165641220586483895e-01 7.951923877036007893e-01
5.455506141165721301e-01 7.188722708524180049e-01 7.992116450575665887e-01
5.455506141165721301e-01 7.188722708524180049e-01 7.992116450575665887e-01
5.523008370640533071e-01 7.211842029323358716e-01 8.031729138507618382e-01
5.523008370640533071e-01 7.211842029323358716e-01 8.031729138507618382e-01
5.590532232045842820e-01 7.235007208296800885e-01 8.070773371416458675e-01
5.590532232045842820e-01 7.235007208296800885e-01 8.070773371416458675e-01
5.658047575753054614e-01 7.258227937149176467e-01 8.109261383529978717e-01
5.658047575753054614e-01 7.258227937149176467e-01 8.109261383529978717e-01
5.725535076418105662e-01 7.281510812615267225e-01 8.147208062168019849e-01
5.725535076418105662e-01 7.281510812615267225e-01 8.147208062168019849e-01
5.792973366510909550e-01 7.304863153804460607e-01 8.184629073198211868e-01
5.792973366510909550e-01 7.304863153804460607e-01 8.184629073198211868e-01
5.860340804232685441e-01 7.328292476551050427e-01 8.221541123745140789e-01
5.860340804232685441e-01 7.328292476551050427e-01 8.221541123745140789e-01
5.927614663208916612e-01 7.351806739356665510e-01 8.257961939600159118e-01
5.927614663208916612e-01 7.351806739356665510e-01 8.257961939600159118e-01
5.994781704981410053e-01 7.375411116499165365e-01 8.293910618238079513e-01
5.994781704981410053e-01 7.375411116499165365e-01 8.293910618238079513e-01
6.061825747310713997e-01 7.399111751668471237e-01 8.329406744394806106e-01
6.061825747310713997e-01 7.399111751668471237e-01 8.329406744394806106e-01
6.128732122408800942e-01 7.422914399839443123e-01 8.364470601623835710e-01
6.128732122408800942e-01 7.422914399839443123e-01 8.364470601623835710e-01
6.195487446619735161e-01 7.446824486469605375e-01 8.399123061458444450e-01
6.195487446619735161e-01 7.446824486469605375e-01 8.399123061458444450e-01
6.262080237731966204e-01 7.470846905273967886e-01 8.433385468163311360e-01
6.262080237731966204e-01 7.470846905273967886e-01 8.433385468163311360e-01
6.328498631923209494e-01 7.494986715561897661e-01 8.467279612695475244e-01
6.328498631923209494e-01 7.494986715561897661e-01 8.467279612695475244e-01
6.394733835119864596e-01 7.519248062121837162e-01 8.500827548414827683e-01
6.394733835119864596e-01 7.519248062121837162e-01 8.500827548414827683e-01
6.460779767390709694e-01 7.543634265942666950e-01 8.534051405561242643e-01
6.460779767390709694e-01 7.543634265942666950e-01 8.534051405561242643e-01
6.526630782107056827e-01 7.568148524750170081e-01 8.566973417492055320e-01
6.526630782107056827e-01 7.568148524750170081e-01 8.566973417492055320e-01
6.592281153939959504e-01 7.592794070441656329e-01 8.599615955506022535e-01
6.592281153939959504e-01 7.592794070441656329e-01 8.599615955506022535e-01
6.657727357629179554e-01 7.617573443809868561e-01 8.632001278950105494e-01
6.657727357629179554e-01 7.617573443809868561e-01 8.632001278950105494e-01
6.722965930645157240e-01 7.642489161352824523e-01 8.664151676817437586e-01
6.722965930645157240e-01 7.642489161352824523e-01 8.664151676817437586e-01
6.788230763711537996e-01 7.667468985998869835e-01 8.696045585304792436e-01
6.788230763711537996e-01 7.667468985998869835e-01 8.696045585304792436e-01
6.853064211557969854e-01 7.692602985556939998e-01 8.728249758289770011e-01
6.853064211557969854e-01 7.692602985556939998e-01 8.728249758289770011e-01
6.917542320063342354e-01 7.717870650481792882e-01 8.760764665538943730e-01
6.917542320063342354e-01 7.717870650481792882e-01 8.760764665538943730e-01
6.981685617073671857e-01 7.743268903363088596e-01 8.793597912113574333e-01
6.981685617073671857e-01 7.743268903363088596e-01 8.793597912113574333e-01
7.045515991477221407e-01 7.768793947583705339e-01 8.826756930848707050e-01
7.045515991477221407e-01 7.768793947583705339e-01 8.826756930848707050e-01
7.109051850818541851e-01 7.794442896041037239e-01 8.860249450953976424e-01
7.109051850818541851e-01 7.794442896041037239e-01 8.860249450953976424e-01
7.172316537098589739e-01 7.820210961286526707e-01 8.894082621697305679e-01
7.172316537098589739e-01 7.820210961286526707e-01 8.894082621697305679e-01
7.235335619088267833e-01 7.846092319116000358e-01 8.928263374283794684e-01
7.235335619088267833e-01 7.846092319116000358e-01 8.928263374283794684e-01
7.298126741964710007e-01 7.872083624269952118e-01 8.962799181263180204e-01
7.298126741964710007e-01 7.872083624269952118e-01 8.962799181263180204e-01
7.360707837567150857e-01 7.898181264237038590e-01 8.997697187945007391e-01
7.360707837567150857e-01 7.898181264237038590e-01 8.997697187945007391e-01
7.423077557466392085e-01 7.924388333784889715e-01 9.032965126779695098e-01
7.423077557466392085e-01 7.924388333784889715e-01 9.032965126779695098e-01
7.485270859870528648e-01 7.950695000682306279e-01 9.068608106179227857e-01
7.485270859870528648e-01 7.950695000682306279e-01 9.068608106179227857e-01
7.547323935578674758e-01 7.977090614017953163e-01 9.104631377739537124e-01
7.547323935578674758e-01 7.977090614017953163e-01 9.104631377739537124e-01
7.609257258652838418e-01 8.003569905323161260e-01 9.141040715435734265e-01
7.609257258652838418e-01 8.003569905323161260e-01 9.141040715435734265e-01
7.671111794488695290e-01 8.030119870530171289e-01 9.177841304452477589e-01
7.671111794488695290e-01 8.030119870530171289e-01 9.177841304452477589e-01
7.732905697848391213e-01 8.056735601726038309e-01 9.215038658724373777e-01
7.732905697848391213e-01 8.056735601726038309e-01 9.215038658724373777e-01
7.794594479151379929e-01 8.083435752754137837e-01 9.252636603927083536e-01
7.794594479151379929e-01 8.083435752754137837e-01 9.252636603927083536e-01
7.856243651604867262e-01 8.110197868891000361e-01 9.290638447071428718e-01
7.856243651604867262e-01 8.110197868891000361e-01 9.290638447071428718e-01
7.917922246117853335e-01 8.136997372737848622e-01 9.329049168282896876e-01
7.917922246117853335e-01 8.136997372737848622e-01 9.329049168282896876e-01
7.979590608369550031e-01 8.163851110419684254e-01 9.367869670458462972e-01
7.979590608369550031e-01 8.163851110419684254e-01 9.367869670458462972e-01
8.041279422838751856e-01 8.190749119961263647e-01 9.407101868988420046e-01
8.041279422838751856e-01 8.190749119961263647e-01 9.407101868988420046e-01
8.103067793259510765e-01 8.217662018801814572e-01 9.446751325425307710e-01
8.103067793259510765e-01 8.217662018801814572e-01 9.446751325425307710e-01
8.164869417975558763e-01 8.244625589651132236e-01 9.486810767234400421e-01
8.164869417975558763e-01 8.244625589651132236e-01 9.486810767234400421e-01
8.226822325774273414e-01 8.271586597958979770e-01 9.527290201250687707e-01
8.226822325774273414e-01 8.271586597958979770e-01 9.527290201250687707e-01
8.288893440298433779e-01 8.298559647520780125e-01 9.568184971881400491e-01
8.288893440298433779e-01 8.298559647520780125e-01 9.568184971881400491e-01
8.351077804144658723e-01 8.325548487253462415e-01 9.609490772449030827e-01
8.351077804144658723e-01 8.325548487253462415e-01 9.609490772449030827e-01
8.413448191599376402e-01 8.352524930842760709e-01 9.651212395700349278e-01
8.413448191599376402e-01 8.352524930842760709e-01 9.651212395700349278e-01
8.476013696843776035e-01 8.379486551574061304e-01 9.693346928756521041e-01
8.476013696843776035e-01 8.379486551574061304e-01 9.693346928756521041e-01
8.538798916817361695e-01 8.406424449098044427e-01 9.735892955340259558e-01
8.538798916817361695e-01 8.406424449098044427e-01 9.735892955340259558e-01
8.601856757020597266e-01 8.433317522743123407e-01 9.778853714179217560e-01
8.601856757020597266e-01 8.433317522743123407e-01 9.778853714179217560e-01
8.665115829105380918e-01 8.460197366894157689e-01 9.822210532402544381e-01
8.665115829105380918e-01 8.460197366894157689e-01 9.822210532402544381e-01
8.728718484548741996e-01 8.487004394268267138e-01 9.865982128409002128e-01
8.728718484548741996e-01 8.487004394268267138e-01 9.865982128409002128e-01
8.792688154351969709e-01 8.513728982932906586e-01 9.910167566105210213e-01
8.792688154351969709e-01 8.513728982932906586e-01 9.910167566105210213e-01
8.857082476931333881e-01 8.540346330193786528e-01 9.954772929648267876e-01
8.857082476931333881e-01 8.540346330193786528e-01 9.954772929648267876e-01
8.922836690252535785e-01 8.566442848884625594e-01 1.000000000000000000e+00
8.922836690252535785e-01 8.566442848884625594e-01 1.000000000000000000e+00
