1.000000000000000000e+00 7.940760782625672087e-01 8.078517358195846931e-01
1.000000000000000000e+00 7.940760782625672087e-01 8.078517358195846931e-01
9.987517389773640231e-01 7.891121804744679613e-01 8.029529795505268019e-01
9.987517389773640231e-01 7.891121804744679613e-01 8.029529795505268019e-01
9.975132607944787733e-01 7.841531540381215803e-01 7.980372400332117477e-01
9.975132607944787733e-01 7.841531540381215803e-01 7.980372400332117477e-01
9.962840491039491875e-01 7.791990436287755672e-01 7.931039803732033988e-01
9.962840491039491875e-01 7.791990436287755672e-01 7.931039803732033988e-01
9.950635785498802566e-01 7.742499025546358826e-01 7.881526564968862614e-01
9.950635785498802566e-01 7.742499025546358826e-01 7.881526564968862614e-01
9.938513818229109953e-01 7.693057601527177880e-01 7.831826830325212541e-01
9.938513818229109953e-01 7.693057601527177880e-01 7.831826830325212541e-01
9.926471863297345877e-01 7.643665539756266947e-01 7.781933586716527351e-01
9.926471863297345877e-01 7.643665539756266947e-01 7.781933586716527351e-01
9.914502319168322364e-01 7.594324653252769730e-01 7.731842133964672570e-01
9.914502319168322364e-01 7.594324653252769730e-01 7.731842133964672570e-01
9.902599512236075485e-01 7.545035868534436529e-01 7.681546691004241811e-01
9.902599512236075485e-01 7.545035868534436529e-01 7.681546691004241811e-01
9.890757633843002550e-01 7.495800235876936002e-01 7.631041410706576045e-01
9.890757633843002550e-01 7.495800235876936002e-01 7.631041410706576045e-01
9.878970730920905163e-01 7.446618937857489851e-01 7.580320382771439380e-01
9.878970730920905163e-01 7.446618937857489851e-01 7.580320382771439380e-01
9.867232696357874921e-01 7.397493298326132116e-01 7.529377637153292779e-01
9.867232696357874921e-01 7.397493298326132116e-01 7.529377637153292779e-01
9.855537259092304048e-01 7.348424791817915747e-01 7.478207148067730348e-01
9.855537259092304048e-01 7.348424791817915747e-01 7.478207148067730348e-01
9.843877973937685821e-01 7.299415053418397692e-01 7.426802838626389569e-01
9.843877973937685821e-01 7.299415053418397692e-01 7.426802838626389569e-01
9.832248211144839489e-01 7.250465889092817529e-01 7.375158586151077111e-01
9.832248211144839489e-01 7.250465889092817529e-01 7.375158586151077111e-01
9.820641145712057929e-01 7.201579286487334031e-01 7.323268228220676246e-01
9.820641145712057929e-01 7.201579286487334031e-01 7.323268228220676246e-01
9.809049746456690588e-01 7.152757426208294911e-01 7.271125569506762254e-01
9.809049746456690588e-01 7.152757426208294911e-01 7.271125569506762254e-01
9.797466764866092914e-01 7.104002693582728289e-01 7.218724389456360191e-01
9.797466764866092914e-01 7.104002693582728289e-01 7.218724389456360191e-01
9.785884723750529757e-01 7.055317690899678418e-01 7.166058450882694109e-01
9.785884723750529757e-01 7.055317690899678418e-01 7.166058450882694109e-01
9.774303523064291621e-01 7.006701257473338940e-01 7.113116225518691937e-01
9.774303523064291621e-01 7.006701257473338940e-01 7.113116225518691937e-01
9.762725252647922458e-01 6.958151113224388951e-01 7.059883950533534236e-01
9.762725252647922458e-01 6.958151113224388951e-01 7.059883950533534236e-01
9.751125365356680952e-01 6.909679089520691653e-01 7.006366349873289767e-01
9.751125365356680952e-01 6.909679089520691653e-01 7.006366349873289767e-01
9.739495297520259776e-01 6.861288807605190332e-01 6.952557155129144295e-01
9.739495297520259776e-01 6.861288807605190332e-01 6.952557155129144295e-01
9.727826190152045749e-01 6.812984178961833948e-01 6.898450142944553276e-01
9.727826190152045749e-01 6.812984178961833948e-01 6.898450142944553276e-01
9.716108876893579938e-01 6.764769420503541353e-01 6.844039151102672136e-01
9.716108876893579938e-01 6.764769420503541353e-01 6.844039151102672136e-01
9.704341235172737612e-01 6.716645100258076262e-01 6.789312197552345163e-01
9.704341235172737612e-01 6.716645100258076262e-01 6.789312197552345163e-01
9.692533405753444020e-01 6.668605228701020016e-01 6.734246467092057653e-01
9.692533405753444020e-01 6.668605228701020016e-01 6.734246467092057653e-01
9.680648904893799367e-01 6.620669155120003646e-01 6.678856540268042208e-01
9.680648904893799367e-01 6.620669155120003646e-01 6.678856540268042208e-01
9.668677108847061330e-01 6.572842531639745411e-01 6.623136645959203372e-01
9.668677108847061330e-01 6.572842531639745411e-01 6.623136645959203372e-01
9.656607020413601195e-01 6.525131402655046653e-01 6.567081185526287834e-01
9.656607020413601195e-01 6.525131402655046653e-01 6.567081185526287834e-01
9.644456306423090375e-01 6.477526206871390135e-01 6.510658367441551908e-01
9.644456306423090375e-01 6.477526206871390135e-01 6.510658367441551908e-01
9.632196334507173718e-01 6.430042952187657868e-01 6.453876656227379716e-01
9.632196334507173718e-01 6.430042952187657868e-01 6.453876656227379716e-01
9.619803155514141668e-01 6.382695423488918829e-01 6.396741423289096229e-01
9.619803155514141668e-01 6.382695423488918829e-01 6.396741423289096229e-01
9.607265257663888391e-01 6.335490801912213588e-01 6.339246840306441699e-01
9.607265257663888391e-01 6.335490801912213588e-01 6.339246840306441699e-01
9.594612107928028877e-01 6.288413533839866121e-01 6.281345460195322250e-01
9.594612107928028877e-01 6.288413533839866121e-01 6.281345460195322250e-01
9.581786180135021258e-01 6.241496893719530314e-01 6.223075303073427600e-01
9.581786180135021258e-01 6.241496893719530314e-01 6.223075303073427600e-01
9.568773253162884407e-01 6.194750349724913452e-01 6.164432944481590404e-01
9.568773253162884407e-01 6.194750349724913452e-01 6.164432944481590404e-01
9.555599626704588401e-01 6.148160686373232986e-01 6.105370458067210793e-01
9.555599626704588401e-01 6.148160686373232986e-01 6.105370458067210793e-01
9.542215382096819187e-01 6.101757996283410090e-01 6.045920856249592523e-01
9.542215382096819187e-01 6.101757996283410090e-01 6.045920856249592523e-01
9.528600473757418143e-01 6.055555906049571169e-01 5.986086759938145097e-01
9.528600473757418143e-01 6.055555906049571169e-01 5.986086759938145097e-01
9.514782486364660175e-01 6.009541138959093587e-01 5.925814366652376597e-01
9.514782486364660175e-01 6.009541138959093587e-01 5.925814366652376597e-01
9.500697254073396936e-01 5.963753088530948654e-01 5.865156964033316767e-01
9.500697254073396936e-01 5.963753088530948654e-01 5.865156964033316767e-01
9.486352589443426409e-01 5.918190393649614967e-01 5.804083206973739140e-01
9.486352589443426409e-01 5.918190393649614967e-01 5.804083206973739140e-01
9.471728503901568619e-01 5.872867918206922111e-01 5.742594574459950474e-01
9.471728503901568619e-01 5.872867918206922111e-01 5.742594574459950474e-01
9.456790849748772931e-01 5.827809070687944848e-01 5.680712275631130126e-01
9.456790849748772931e-01 5.827809070687944848e-01 5.680712275631130126e-01
9.441551036326180091e-01 5.783011341234487457e-01 5.618396681175372720e-01
9.441551036326180091e-01 5.783011341234487457e-01 5.618396681175372720e-01
9.425949550717146463e-01 5.738513539157308330e-01 5.555705871252766270e-01
9.425949550717146463e-01 5.738513539157308330e-01 5.555705871252766270e-01
9.410011719485950055e-01 5.694305790055538274e-01 5.492578836183097390e-01
9.410011719485950055e-01 5.694305790055538274e-01 5.492578836183097390e-01
9.393670236532549733e-01 5.650432186534468659e-01 5.429090025579980106e-01
9.393670236532549733e-01 5.650432186534468659e-01 5.429090025579980106e-01
9.376946150002829494e-01 5.606886014178534827e-01 5.365182445911799158e-01
9.376946150002829494e-01 5.606886014178534827e-01 5.365182445911799158e-01
9.359778419571072039e-01 5.563708438667024359e-01 5.300927882413164483e-01
9.359778419571072039e-01 5.563708438667024359e-01 5.300927882413164483e-01
9.342180826349091305e-01 5.520897623462878157e-01 5.236279134665886570e-01
9.342180826349091305e-01 5.520897623462878157e-01 5.236279134665886570e-01
9.324100349947951338e-01 5.478490670351755520e-01 5.171302122217528163e-01
9.324100349947951338e-01 5.478490670351755520e-01 5.171302122217528163e-01
9.305536481413663186e-01 5.436494594596248398e-01 5.105974559366234233e-01
9.305536481413663186e-01 5.436494594596248398e-01 5.105974559366234233e-01
9.286453077619631902e-01 5.394937181348965494e-01 5.040340021443198149e-01
9.286453077619631902e-01 5.394937181348965494e-01 5.040340021443198149e-01
9.266832627134508060e-01 5.353835642363286018e-01 4.974411186100692328e-01
9.266832627134508060e-01 5.353835642363286018e-01 4.974411186100692328e-01
9.246656659747612972e-01 5.313207884450834584e-01 4.908204572362646068e-01
9.246656659747612972e-01 5.313207884450834584e-01 4.908204572362646068e-01
9.225894597354378224e-01 5.273078701128605106e-01 4.841766434397574148e-01
9.225894597354378224e-01 5.273078701128605106e-01 4.841766434397574148e-01
9.204539021766088291e-01 5.233459782281670858e-01 4.775096776245898456e-01
9.204539021766088291e-01 5.233459782281670858e-01 4.775096776245898456e-01
9.182560081324490087e-01 5.194375305019151012e-01 4.708250335924651364e-01
9.182560081324490087e-01 5.194375305019151012e-01 4.708250335924651364e-01
9.159942898074932005e-01 5.155840826482388506e-01 4.641253471071821735e-01
9.159942898074932005e-01 5.155840826482388506e-01 4.641253471071821735e-01
9.136674138133940026e-01 5.117870823998793561e-01 4.574132977934146083e-01
9.136674138133940026e-01 5.117870823998793561e-01 4.574132977934146083e-01
9.112734758397961210e-01 5.080482440060295479e-01 4.506937303819790186e-01
9.112734758397961210e-01 5.080482440060295479e-01 4.506937303819790186e-01
9.088114981337092058e-01 5.043687328572861173e-01 4.439696618645842530e-01
9.088114981337092058e-01 5.043687328572861173e-01 4.439696618645842530e-01
9.062803623354918070e-01 5.007497304152549455e-01 4.372451895432367119e-01
9.062803623354918070e-01 5.007497304152549455e-01 4.372451895432367119e-01
9.036792462333872455e-01 4.971921924709716278e-01 4.305243065674729253e-01
9.036792462333872455e-01 4.971921924709716278e-01 4.305243065674729253e-01
9.010076020975629207e-01 4.936968562313758802e-01 4.238109258438070848e-01
9.010076020975629207e-01 4.936968562313758802e-01 4.238109258438070848e-01
8.982650935317068042e-01 4.902642654320520932e-01 4.171090883485352174e-01
8.982650935317068042e-01 4.902642654320520932e-01 4.171090883485352174e-01
8.954517942562347788e-01 4.868946789186048285e-01 4.104221169429926874e-01
8.954517942562347788e-01 4.868946789186048285e-01 4.104221169429926874e-01
8.925676353013035635e-01 4.835883046625867321e-01 4.037549483517826054e-01
8.925676353013035635e-01 4.835883046625867321e-01 4.037549483517826054e-01
8.896132951202101458e-01 4.803449244308061195e-01 3.971101842003897375e-01
8.896132951202101458e-01 4.803449244308061195e-01 3.971101842003897375e-01
8.865894790684523130e-01 4.771642088033656304e-01 3.904910469211665403e-01
8.865894790684523130e-01 4.771642088033656304e-01 3.904910469211665403e-01
8.834967913493381175e-01 4.740457166548595613e-01 3.839025931273987724e-01
8.834967913493381175e-01 4.740457166548595613e-01 3.839025931273987724e-01
8.803367399096873047e-01 4.709886186195854085e-01 3.773454264163408900e-01
8.803367399096873047e-01 4.709886186195854085e-01 3.773454264163408900e-01
8.771103433175128083e-01 4.679920878179734678e-01 3.708242562532956255e-01
8.771103433175128083e-01 4.679920878179734678e-01 3.708242562532956255e-01
8.738191912047132970e-01 4.650550442942306684e-01 3.643408407809419769e-01
8.738191912047132970e-01 4.650550442942306684e-01 3.643408407809419769e-01
8.704649883148425360e-01 4.621763147473925137e-01 3.578964114687615550e-01
8.704649883148425360e-01 4.621763147473925137e-01 3.578964114687615550e-01
8.670492411082203477e-01 4.593545354856196083e-01 3.514958514211785068e-01
8.670492411082203477e-01 4.593545354856196083e-01 3.514958514211785068e-01
8.635741057695668355e-01 4.565884095168395995e-01 3.451364900817034398e-01
8.635741057695668355e-01 4.565884095168395995e-01 3.451364900817034398e-01
8.600412165989974600e-01 4.538762119527361971e-01 3.388252824797961527e-01
8.600412165989974600e-01 4.538762119527361971e-01 3.388252824797961527e-01
8.564528060113461017e-01 4.512166629600810608e-01 3.325576319152982463e-01
8.564528060113461017e-01 4.512166629600810608e-01 3.325576319152982463e-01
8.528107831374088788e-01 4.486078048464473556e-01 3.263396905122822877e-01
8.528107831374088788e-01 4.486078048464473556e-01 3.263396905122822877e-01
8.491172481166588959e-01 4.460483695112742453e-01 3.201671053643133091e-01
8.491172481166588959e-01 4.460483695112742453e-01 3.201671053643133091e-01
8.453743230092478633e-01 4.435362004004609893e-01 3.140455126177896794e-01
8.453743230092478633e-01 4.435362004004609893e-01 3.140455126177896794e-01
8.415839226999477507e-01 4.410702215496046796e-01 3.079692751957454067e-01
8.415839226999477507e-01 4.410702215496046796e-01 3.079692751957454067e-01
8.377483906722247298e-01 4.386479252738505474e-01 3.019453575701093739e-01
8.377483906722247298e-01 4.386479252738505474e-01 3.019453575701093739e-01
8.338693722510995832e-01 4.362685333814145250e-01 2.959665063753480485e-01
8.338693722510995832e-01 4.362685333814145250e-01 2.959665063753480485e-01
8.299492656290975434e-01 4.339295517888796527e-01 2.900383846431184298e-01
8.299492656290975434e-01 4.339295517888796527e-01 2.900383846431184298e-01
8.259896996366824506e-01 4.316299453046553158e-01 2.841564074107025828e-01
8.259896996366824506e-01 4.316299453046553158e-01 2.841564074107025828e-01
8.219926093176455062e-01 4.293680143969028085e-01 2.783207191534232128e-01
8.219926093176455062e-01 4.293680143969028085e-01 2.783207191534232128e-01
8.179601957030184778e-01 4.271416695213337000e-01 2.725333412038237757e-01
8.179601957030184778e-01 4.271416695213337000e-01 2.725333412038237757e-01
8.138936390207895943e-01 4.249502684400962016e-01 2.667886591603317314e-01
8.138936390207895943e-01 4.249502684400962016e-01 2.667886591603317314e-01
8.097952170261357718e-01 4.227915498565872343e-01 2.610896361499328022e-01
8.097952170261357718e-01 4.227915498565872343e-01 2.610896361499328022e-01
8.056664993179235568e-01 4.206642309787583800e-01 2.554342191816310614e-01
8.056664993179235568e-01 4.206642309787583800e-01 2.554342191816310614e-01
8.015086284232536551e-01 4.185675076504884462e-01 2.498185854406111683e-01
8.015086284232536551e-01 4.185675076504884462e-01 2.498185854406111683e-01
7.973236865920902972e-01 4.164993472306441902e-01 2.442444334337243173e-01
7.973236865920902972e-01 4.164993472306441902e-01 2.442444334337243173e-01
7.931132549137345222e-01 4.144583512696158323e-01 2.387105940993509978e-01
7.931132549137345222e-01 4.144583512696158323e-01 2.387105940993509978e-01
7.888781533425121006e-01 4.124439904184982741e-01 2.332126727302025748e-01
7.888781533425121006e-01 4.124439904184982741e-01 2.332126727302025748e-01
7.846197339729542586e-01 4.104550500221425535e-01 2.277492516964849667e-01
7.846197339729542586e-01 4.104550500221425535e-01 2.277492516964849667e-01
7.803403668565119800e-01 4.084891510465824549e-01 2.223230724467899488e-01
7.803403668565119800e-01 4.084891510465824549e-01 2.223230724467899488e-01
7.760404613006885999e-01 4.065461493675261440e-01 2.169287397747907964e-01
7.760404613006885999e-01 4.065461493675261440e-01 2.169287397747907964e-01
7.717210462154492356e-01 4.046251474624578126e-01 2.115638446985490528e-01
7.717210462154492356e-01 4.046251474624578126e-01 2.115638446985490528e-01
7.673832686388644131e-01 4.027250969836852490e-01 2.062265631092270735e-01
7.673832686388644131e-01 4.027250969836852490e-01 2.062265631092270735e-01
7.630286637206162847e-01 4.008445235543121599e-01 2.009164320837829032e-01
7.630286637206162847e-01 4.008445235543121599e-01 2.009164320837829032e-01
7.586585799642114880e-01 3.989821608493963612e-01 1.956322075984057995e-01
7.586585799642114880e-01 3.989821608493963612e-01 1.956322075984057995e-01
7.542733068855166367e-01 3.971378515852087565e-01 1.903691984644137192e-01
7.542733068855166367e-01 3.971378515852087565e-01 1.903691984644137192e-01
7.498738030523375286e-01 3.953107044373720402e-01 1.851250763643744190e-01
7.498738030523375286e-01 3.953107044373720402e-01 1.851250763643744190e-01
7.454609855227186666e-01 3.934998631529126323e-01 1.798973568486568753e-01
7.454609855227186666e-01 3.934998631529126323e-01 1.798973568486568753e-01
7.410357310661459529e-01 3.917045056751678467e-01 1.746833823067904246e-01
7.410357310661459529e-01 3.917045056751678467e-01 1.746833823067904246e-01
7.365989175605980321e-01 3.899238028134654477e-01 1.694804164430570859e-01
7.365989175605980321e-01 3.899238028134654477e-01 1.694804164430570859e-01
7.321521335005923836e-01 3.881562123338202497e-01 1.642875894156471117e-01
7.321521335005923836e-01 3.881562123338202497e-01 1.642875894156471117e-01
7.276952777861149801e-01 3.864018849177571213e-01 1.590990784280130466e-01
7.276952777861149801e-01 3.864018849177571213e-01 1.590990784280130466e-01
7.232290727657273433e-01 3.846601297181203583e-01 1.539112917681892123e-01
7.232290727657273433e-01 3.846601297181203583e-01 1.539112917681892123e-01
7.187542073758035333e-01 3.829302846113910030e-01 1.487203151379987709e-01
7.187542073758035333e-01 3.829302846113910030e-01 1.487203151379987709e-01
7.142713384039002245e-01 3.812117151591850606e-01 1.435218614973242657e-01
7.142713384039002245e-01 3.812117151591850606e-01 1.435218614973242657e-01
7.097810917364694161e-01 3.795038135694096537e-01 1.383112102463602278e-01
7.097810917364694161e-01 3.795038135694096537e-01 1.383112102463602278e-01
7.052840635866688412e-01 3.778059976626017002e-01 1.330831329985066314e-01
7.052840635866688412e-01 3.778059976626017002e-01 1.330831329985066314e-01
7.007808216986997074e-01 3.761177098482000325e-01 1.278318023092676614e-01
7.007808216986997074e-01 3.761177098482000325e-01 1.278318023092676614e-01
6.962719065257095830e-01 3.744384161148472390e-01 1.225506784944260935e-01
6.962719065257095830e-01 3.744384161148472390e-01 1.225506784944260935e-01
6.917578323788233785e-01 3.727676050381568684e-01 1.172323679340567942e-01
6.917578323788233785e-01 3.727676050381568684e-01 1.172323679340567942e-01
6.872390885453157905e-01 3.711047868088635515e-01 1.118684437707340440e-01
6.872390885453157905e-01 3.711047868088635515e-01 1.118684437707340440e-01
6.827161403744147483e-01 3.694494922837392448e-01 1.064492162806183612e-01
6.827161403744147483e-01 3.694494922837392448e-01 1.064492162806183612e-01
6.781894303295454840e-01 3.678012720612238162e-01 1.009634347947648558e-01
6.781894303295454840e-01 3.678012720612238162e-01 1.009634347947648558e-01
6.736593790062012088e-01 3.661596955832966960e-01 9.539789482988753067e-02
6.736593790062012088e-01 3.661596955832966960e-01 9.539789482988753067e-02
6.691263861148881720e-01 3.645243502647783074e-01 8.973691126921673478e-02
6.691263861148881720e-01 3.645243502647783074e-01 8.973691126921673478e-02
6.645908314288536678e-01 3.628948406509296398e-01 8.396159787005529063e-02
6.645908314288536678e-01 3.628948406509296398e-01 8.396159787005529063e-02
6.600530756965293788e-01 3.612707876039226718e-01 7.804885931324047343e-02
6.600530756965293788e-01 3.612707876039226718e-01 7.804885931324047343e-02
6.555134615188281666e-01 3.596518275185304203e-01 7.196994347839606732e-02
6.555134615188281666e-01 3.596518275185304203e-01 7.196994347839606732e-02
6.509723141915422229e-01 3.580376115671680126e-01 6.568829665227114700e-02
6.509723141915422229e-01 3.580376115671680126e-01 6.568829665227114700e-02
6.464299425133002153e-01 3.564278049742341525e-01 5.915626636052482429e-02
6.464299425133002153e-01 3.564278049742341525e-01 5.915626636052482429e-02
6.418866395596077856e-01 3.548220863195298280e-01 5.230979970756715475e-02
6.418866395596077856e-01 3.548220863195298280e-01 5.230979970756715475e-02
6.373426834235902394e-01 3.532201468704342373e-01 4.505942885261580988e-02
6.373426834235902394e-01 3.532201468704342373e-01 4.505942885261580988e-02
6.327983379241908235e-01 3.516216899423483255e-01 3.727380731430120220e-02
6.327983379241908235e-01 3.516216899423483255e-01 3.727380731430120220e-02
6.282538532825657773e-01 3.500264302868892896e-01 2.916034140154837723e-02
6.282538532825657773e-01 3.500264302868892896e-01 2.916034140154837723e-02
6.237094667675255888e-01 3.484340935071759127e-01 2.136078384240851918e-02
6.237094667675255888e-01 3.484340935071759127e-01 2.136078384240851918e-02
6.191654033108846544e-01 3.468444154995350970e-01 1.386970926479823112e-02
6.191654033108846544e-01 3.468444154995350970e-01 1.386970926479823112e-02
6.146218760936296155e-01 3.452571419208631531e-01 6.677980485029861787e-03
6.146218760936296155e-01 3.452571419208631531e-01 6.677980485029861787e-03
6.100797092700633861e-01 3.436715059429973906e-01 0.000000000000000000e+00
6.100797092700633861e-01 3.436715059429973906e-01 0.000000000000000000e+00
6.055390258194623954e-01 3.420873369866730407e-01 0.000000000000000000e+00
6.055390258194623954e-01 3.420873369866730407e-01 0.000000000000000000e+00
6.009995315759572021e-01 3.405048088608831902e-01 0.000000000000000000e+00
6.009995315759572021e-01 3.405048088608831902e-01 0.000000000000000000e+00
5.964613969416998618e-01 3.389237032805911820e-01 0.000000000000000000e+00
5.964613969416998618e-01 3.389237032805911820e-01 0.000000000000000000e+00
5.919247830350671258e-01 3.373438094370784790e-01 0.000000000000000000e+00
5.919247830350671258e-01 3.373438094370784790e-01 0.000000000000000000e+00
5.873898421287182536e-01 3.357649235956712275e-01 0.000000000000000000e+00
5.873898421287182536e-01 3.357649235956712275e-01 0.000000000000000000e+00
5.828567180644282919e-01 3.341868487138181520e-01 0.000000000000000000e+00
5.828567180644282919e-01 3.341868487138181520e-01 0.000000000000000000e+00
5.783255466456087568e-01 3.326093940786556402e-01 0.000000000000000000e+00
5.783255466456087568e-01 3.326093940786556402e-01 0.000000000000000000e+00
5.737974460399524190e-01 3.310315808944442328e-01 0.000000000000000000e+00
5.737974460399524190e-01 3.310315808944442328e-01 0.000000000000000000e+00
5.692723004115106678e-01 3.294534320206443656e-01 0.000000000000000000e+00
5.692723004115106678e-01 3.294534320206443656e-01 0.000000000000000000e+00
5.647495417614917246e-01 3.278753244806393852e-01 0.000000000000000000e+00
5.647495417614917246e-01 3.278753244806393852e-01 0.000000000000000000e+00
5.602292757736208051e-01 3.262970916079081518e-01 0.000000000000000000e+00
5.602292757736208051e-01 3.262970916079081518e-01 0.000000000000000000e+00
5.557116017436205535e-01 3.247185714968071624e-01 0.000000000000000000e+00
5.557116017436205535e-01 3.247185714968071624e-01 0.000000000000000000e+00
5.511966128602227011e-01 3.231396067364892266e-01 0.000000000000000000e+00
5.511966128602227011e-01 3.231396067364892266e-01 0.000000000000000000e+00
5.466853941986470344e-01 3.215592700926451775e-01 0.000000000000000000e+00
5.466853941986470344e-01 3.215592700926451775e-01 0.000000000000000000e+00
5.421781718830186447e-01 3.199773138892288982e-01 0.000000000000000000e+00
5.421781718830186447e-01 3.199773138892288982e-01 0.000000000000000000e+00
5.376739452725504131e-01 3.183944337165779404e-01 0.000000000000000000e+00
5.376739452725504131e-01 3.183944337165779404e-01 0.000000000000000000e+00
5.331727840431134124e-01 3.168104896878161103e-01 0.000000000000000000e+00
5.331727840431134124e-01 3.168104896878161103e-01 0.000000000000000000e+00
5.286747529463396988e-01 3.152253452418358748e-01 0.000000000000000000e+00
5.286747529463396988e-01 3.152253452418358748e-01 0.000000000000000000e+00
5.241805127346272908e-01 3.136384136973960346e-01 0.000000000000000000e+00
5.241805127346272908e-01 3.136384136973960346e-01 0.000000000000000000e+00
5.196913684911695919e-01 3.120486346185487592e-01 0.000000000000000000e+00
5.196913684911695919e-01 3.120486346185487592e-01 0.000000000000000000e+00
5.152055803637703990e-01 3.104572398112138698e-01 0.000000000000000000e+00
5.152055803637703990e-01 3.104572398112138698e-01 0.000000000000000000e+00
5.107231936527794058e-01 3.088641060093992308e-01 0.000000000000000000e+00
5.107231936527794058e-01 3.088641060093992308e-01 0.000000000000000000e+00
5.062442496061685393e-01 3.072691123590350903e-01 0.000000000000000000e+00
5.062442496061685393e-01 3.072691123590350903e-01 0.000000000000000000e+00
5.017703081156072997e-01 3.056710234057268827e-01 0.000000000000000000e+00
5.017703081156072997e-01 3.056710234057268827e-01 0.000000000000000000e+00
4.973011020830451767e-01 3.040699609537473869e-01 0.000000000000000000e+00
4.973011020830451767e-01 3.040699609537473869e-01 0.000000000000000000e+00
4.928354929594156997e-01 3.024666730749439592e-01 0.000000000000000000e+00
4.928354929594156997e-01 3.024666730749439592e-01 0.000000000000000000e+00
4.883735055590228136e-01 3.008610488258026683e-01 0.000000000000000000e+00
4.883735055590228136e-01 3.008610488258026683e-01 0.000000000000000000e+00
4.839159121199328450e-01 2.992524406023293615e-01 0.000000000000000000e+00
4.839159121199328450e-01 2.992524406023293615e-01 0.000000000000000000e+00
4.794641977125310150e-01 2.976397042071645682e-01 0.000000000000000000e+00
4.794641977125310150e-01 2.976397042071645682e-01 0.000000000000000000e+00
4.750162083329536600e-01 2.960242979208956293e-01 0.000000000000000000e+00
4.750162083329536600e-01 2.960242979208956293e-01 0.000000000000000000e+00
4.705719541708892062e-01 2.944061184499666695e-01 0.000000000000000000e+00
4.705719541708892062e-01 2.944061184499666695e-01 0.000000000000000000e+00
4.661321666362061023e-01 2.927845562922450351e-01 0.000000000000000000e+00
4.661321666362061023e-01 2.927845562922450351e-01 0.000000000000000000e+00
4.616985835118082582e-01 2.911583118802988923e-01 0.000000000000000000e+00
4.616985835118082582e-01 2.911583118802988923e-01 0.000000000000000000e+00
4.572687927375956862e-01 2.895289862831458283e-01 0.000000000000000000e+00
4.572687927375956862e-01 2.895289862831458283e-01 0.000000000000000000e+00
4.528427912348859108e-01 2.878964819162578848e-01 0.000000000000000000e+00
4.528427912348859108e-01 2.878964819162578848e-01 0.000000000000000000e+00
4.484219974672687958e-01 2.862597273467922809e-01 0.000000000000000000e+00
4.484219974672687958e-01 2.862597273467922809e-01 0.000000000000000000e+00
4.440069386526730444e-01 2.846182793546646606e-01 0.000000000000000000e+00
4.440069386526730444e-01 2.846182793546646606e-01 0.000000000000000000e+00
4.395956837132056205e-01 2.829733643462052917e-01 0.000000000000000000e+00
4.395956837132056205e-01 2.829733643462052917e-01 0.000000000000000000e+00
4.351882172691513007e-01 2.813248887512978524e-01 0.000000000000000000e+00
4.351882172691513007e-01 2.813248887512978524e-01 0.000000000000000000e+00
4.307873498205275209e-01 2.796708698501474966e-01 0.000000000000000000e+00
4.307873498205275209e-01 2.796708698501474966e-01 0.000000000000000000e+00
4.263909794942563058e-01 2.780126311473998801e-01 0.000000000000000000e+00
4.263909794942563058e-01 2.780126311473998801e-01 0.000000000000000000e+00
4.219983724061504571e-01 2.763505581905300601e-01 0.000000000000000000e+00
4.219983724061504571e-01 2.763505581905300601e-01 0.000000000000000000e+00
4.176106913966488587e-01 2.746837794511156616e-01 0.000000000000000000e+00
4.176106913966488587e-01 2.746837794511156616e-01 0.000000000000000000e+00
4.132292492532332329e-01 2.730113433329816597e-01 0.000000000000000000e+00
4.132292492532332329e-01 2.730113433329816597e-01 0.000000000000000000e+00
4.088515157779625264e-01 2.713348079142683944e-01 0.000000000000000000e+00
4.088515157779625264e-01 2.713348079142683944e-01 0.000000000000000000e+00
4.044774551757913117e-01 2.696540833468099030e-01 0.000000000000000000e+00
4.044774551757913117e-01 2.696540833468099030e-01 0.000000000000000000e+00
4.001107825622155501e-01 2.679666783812734709e-01 0.000000000000000000e+00
4.001107825622155501e-01 2.679666783812734709e-01 0.000000000000000000e+00
3.957478461186353380e-01 2.662748438551336694e-01 0.000000000000000000e+00
3.957478461186353380e-01 2.662748438551336694e-01 0.000000000000000000e+00
3.913884908280306774e-01 2.645785615571061844e-01 0.000000000000000000e+00
3.913884908280306774e-01 2.645785615571061844e-01 0.000000000000000000e+00
3.870355937375228872e-01 2.628759065075324530e-01 0.000000000000000000e+00
3.870355937375228872e-01 2.628759065075324530e-01 0.000000000000000000e+00
3.826872886725796730e-01 2.611679568104217086e-01 0.000000000000000000e+00
3.826872886725796730e-01 2.611679568104217086e-01 0.000000000000000000e+00
3.783424449943321166e-01 2.594553034207911502e-01 0.000000000000000000e+00
3.783424449943321166e-01 2.594553034207911502e-01 0.000000000000000000e+00
3.740034255993959222e-01 2.577363674172393759e-01 0.000000000000000000e+00
3.740034255993959222e-01 2.577363674172393759e-01 0.000000000000000000e+00
3.696694981479263786e-01 2.560114993803129235e-01 0.000000000000000000e+00
3.696694981479263786e-01 2.560114993803129235e-01 0.000000000000000000e+00
3.653388843199539826e-01 2.542816719927114000e-01 0.000000000000000000e+00
3.653388843199539826e-01 2.542816719927114000e-01 0.000000000000000000e+00
3.610137510448863107e-01 2.525454473841876046e-01 0.000000000000000000e+00
3.610137510448863107e-01 2.525454473841876046e-01 0.000000000000000000e+00
3.566938594272870966e-01 2.508028631784477436e-01 0.000000000000000000e+00
3.566938594272870966e-01 2.508028631784477436e-01 0.000000000000000000e+00
3.523771053819728105e-01 2.490550618311840325e-01 0.000000000000000000e+00
3.523771053819728105e-01 2.490550618311840325e-01 0.000000000000000000e+00
3.480657721991112230e-01 2.473005565452248700e-01 0.000000000000000000e+00
3.480657721991112230e-01 2.473005565452248700e-01 0.000000000000000000e+00
3.437594857466081955e-01 2.455394562268547187e-01 0.000000000000000000e+00
3.437594857466081955e-01 2.455394562268547187e-01 0.000000000000000000e+00
3.394561318450286524e-01 2.437728764848821894e-01 0.000000000000000000e+00
3.394561318450286524e-01 2.437728764848821894e-01 0.000000000000000000e+00
3.351584167341050136e-01 2.419991063679184651e-01 0.000000000000000000e+00
3.351584167341050136e-01 2.419991063679184651e-01 0.000000000000000000e+00
3.308652138589835978e-01 2.402186805195696273e-01 0.000000000000000000e+00
3.308652138589835978e-01 2.402186805195696273e-01 0.000000000000000000e+00
3.265747083888136393e-01 2.384325061568298154e-01 0.000000000000000000e+00
3.265747083888136393e-01 2.384325061568298154e-01 0.000000000000000000e+00
3.222903307053940902e-01 2.366384873425265711e-01 0.000000000000000000e+00
3.222903307053940902e-01 2.366384873425265711e-01 0.000000000000000000e+00
3.180095954319355211e-01 2.348379098501987838e-01 0.000000000000000000e+00
3.180095954319355211e-01 2.348379098501987838e-01 0.000000000000000000e+00
3.137312905403661922e-01 2.330313056928342286e-01 0.000000000000000000e+00
3.137312905403661922e-01 2.330313056928342286e-01 0.000000000000000000e+00
3.094598669124042356e-01 2.312160471058221922e-01 0.000000000000000000e+00
3.094598669124042356e-01 2.312160471058221922e-01 0.000000000000000000e+00
3.051908835323841052e-01 2.293944681868270996e-01 0.000000000000000000e+00
3.051908835323841052e-01 2.293944681868270996e-01 0.000000000000000000e+00
3.009250368500653861e-01 2.275660233099073282e-01 0.000000000000000000e+00
3.009250368500653861e-01 2.275660233099073282e-01 0.000000000000000000e+00
2.966650672592665017e-01 2.257290694859312441e-01 0.000000000000000000e+00
2.966650672592665017e-01 2.257290694859312441e-01 0.000000000000000000e+00
2.924070124308341678e-01 2.238856092272219211e-01 0.000000000000000000e+00
2.924070124308341678e-01 2.238856092272219211e-01 0.000000000000000000e+00
2.881532528007804683e-01 2.220341947798075144e-01 0.000000000000000000e+00
2.881532528007804683e-01 2.220341947798075144e-01 0.000000000000000000e+00
2.839036367070762457e-01 2.201747555126264133e-01 0.000000000000000000e+00
2.839036367070762457e-01 2.201747555126264133e-01 0.000000000000000000e+00
2.796555678807996492e-01 2.183084984785029770e-01 0.000000000000000000e+00
2.796555678807996492e-01 2.183084984785029770e-01 0.000000000000000000e+00
2.754131982560542036e-01 2.164330728186771580e-01 0.000000000000000000e+00
2.754131982560542036e-01 2.164330728186771580e-01 0.000000000000000000e+00
2.711729047601232345e-01 2.145502086472101666e-01 0.000000000000000000e+00
2.711729047601232345e-01 2.145502086472101666e-01 0.000000000000000000e+00
2.669349067981839352e-01 2.126596052428306738e-01 0.000000000000000000e+00
2.669349067981839352e-01 2.126596052428306738e-01 0.000000000000000000e+00
2.627019212401988657e-01 2.107596960496890548e-01 0.000000000000000000e+00
2.627019212401988657e-01 2.107596960496890548e-01 0.000000000000000000e+00
2.584697668701273487e-01 2.088524294901624168e-01 0.000000000000000000e+00
2.584697668701273487e-01 2.088524294901624168e-01 0.000000000000000000e+00
2.542416763356570297e-01 2.069359818933336759e-01 0.000000000000000000e+00
2.542416763356570297e-01 2.069359818933336759e-01 0.000000000000000000e+00
2.500159784918865591e-01 2.050110080314698491e-01 0.000000000000000000e+00
2.500159784918865591e-01 2.050110080314698491e-01 0.000000000000000000e+00
2.457911049244476953e-01 2.030780813873389601e-01 0.000000000000000000e+00
2.457911049244476953e-01 2.030780813873389601e-01 0.000000000000000000e+00
2.415712407826493824e-01 2.011349537696742462e-01 0.000000000000000000e+00
2.415712407826493824e-01 2.011349537696742462e-01 0.000000000000000000e+00
2.373512901071772041e-01 1.991839152763887066e-01 0.000000000000000000e+00
2.373512901071772041e-01 1.991839152763887066e-01 0.000000000000000000e+00
2.331342305438700580e-01 1.972233207574086433e-01 0.000000000000000000e+00
2.331342305438700580e-01 1.972233207574086433e-01 0.000000000000000000e+00
2.289189184293356216e-01 1.952535322997307476e-01 0.000000000000000000e+00
2.289189184293356216e-01 1.952535322997307476e-01 0.000000000000000000e+00
2.247032242884545727e-01 1.932754191741361816e-01 0.000000000000000000e+00
2.247032242884545727e-01 1.932754191741361816e-01 0.000000000000000000e+00
2.204911243582492464e-01 1.912870953035739618e-01 0.000000000000000000e+00
2.204911243582492464e-01 1.912870953035739618e-01 0.000000000000000000e+00
2.162771892869664869e-01 1.892909025233908693e-01 0.000000000000000000e+00
2.162771892869664869e-01 1.892909025233908693e-01 0.000000000000000000e+00
2.120648068130066566e-01 1.872850398039330733e-01 0.000000000000000000e+00
2.120648068130066566e-01 1.872850398039330733e-01 0.000000000000000000e+00
2.078520097921901233e-01 1.852701561970638844e-01 0.000000000000000000e+00
2.078520097921901233e-01 1.852701561970638844e-01 0.000000000000000000e+00
2.036377103794727028e-01 1.832464612842909513e-01 0.000000000000000000e+00
2.036377103794727028e-01 1.832464612842909513e-01 0.000000000000000000e+00
1.994248920208333276e-01 1.812123446510615632e-01 0.000000000000000000e+00
1.994248920208333276e-01 1.812123446510615632e-01 0.000000000000000000e+00
1.952086231657430004e-01 1.791696824314006620e-01 0.000000000000000000e+00
1.952086231657430004e-01 1.791696824314006620e-01 0.000000000000000000e+00
1.909934517283271016e-01 1.771161729561737952e-01 0.000000000000000000e+00
1.909934517283271016e-01 1.771161729561737952e-01 0.000000000000000000e+00
1.867751950124233729e-01 1.750533017385724754e-01 0.000000000000000000e+00
1.867751950124233729e-01 1.750533017385724754e-01 0.000000000000000000e+00
1.825550736235843075e-01 1.729801939874683891e-01 0.000000000000000000e+00
1.825550736235843075e-01 1.729801939874683891e-01 0.000000000000000000e+00
1.783333874799589158e-01 1.708963706723154730e-01 0.000000000000000000e+00
1.783333874799589158e-01 1.708963706723154730e-01 0.000000000000000000e+00
1.741068456589909830e-01 1.688028191645801757e-01 0.000000000000000000e+00
1.741068456589909830e-01 1.688028191645801757e-01 0.000000000000000000e+00
1.698801166649431815e-01 1.666972290382936206e-01 0.000000000000000000e+00
1.698801166649431815e-01 1.666972290382936206e-01 0.000000000000000000e+00
1.656470157253568387e-01 1.645817077850005028e-01 0.000000000000000000e+00
1.656470157253568387e-01 1.645817077850005028e-01 0.000000000000000000e+00
1.614118924152321555e-01 1.624540711207437815e-01 0.000000000000000000e+00
1.614118924152321555e-01 1.624540711207437815e-01 0.000000000000000000e+00
1.571708530171318785e-01 1.603154169244720983e-01 0.000000000000000000e+00
1.571708530171318785e-01 1.603154169244720983e-01 0.000000000000000000e+00
1.529247253700161679e-01 1.581649364774062316e-01 0.000000000000000000e+00
1.529247253700161679e-01 1.581649364774062316e-01 0.000000000000000000e+00
1.486735074682180580e-01 1.560021373086571128e-01 0.000000000000000000e+00
1.486735074682180580e-01 1.560021373086571128e-01 0.000000000000000000e+00
1.444140090531804421e-01 1.538276972055627745e-01 0.000000000000000000e+00
1.444140090531804421e-01 1.538276972055627745e-01 0.000000000000000000e+00
1.401500121955756850e-01 1.516396507014173556e-01 0.000000000000000000e+00
1.401500121955756850e-01 1.516396507014173556e-01 0.000000000000000000e+00
1.358750825426674469e-01 1.494397840324922233e-01 0.000000000000000000e+00
1.358750825426674469e-01 1.494397840324922233e-01 0.000000000000000000e+00
1.315945369491349215e-01 1.472255463998757841e-01 0.000000000000000000e+00
1.315945369491349215e-01 1.472255463998757841e-01 0.000000000000000000e+00
1.273019573476034672e-01 1.449985830579721413e-01 0.000000000000000000e+00
1.273019573476034672e-01 1.449985830579721413e-01 0.000000000000000000e+00
1.230001542769867118e-01 1.427572004534747308e-01 0.000000000000000000e+00
1.230001542769867118e-01 1.427572004534747308e-01 0.000000000000000000e+00
1.186859358245937607e-01 1.405017676792836567e-01 0.000000000000000000e+00
1.186859358245937607e-01 1.405017676792836567e-01 0.000000000000000000e+00
1.143585218947183318e-01 1.382317511893698114e-01 0.000000000000000000e+00
1.143585218947183318e-01 1.382317511893698114e-01 0.000000000000000000e+00
1.100178167267586438e-01 1.359463460908051924e-01 0.000000000000000000e+00
1.100178167267586438e-01 1.359463460908051924e-01 0.000000000000000000e+00
1.056594425718500596e-01 1.336460704651941944e-01 0.000000000000000000e+00
1.056594425718500596e-01 1.336460704651941944e-01 0.000000000000000000e+00
1.012862610847861805e-01 1.313290438251670245e-01 0.000000000000000000e+00
1.012862610847861805e-01 1.313290438251670245e-01 0.000000000000000000e+00
9.689024059248038667e-02 1.289967298634666637e-01 0.000000000000000000e+00
9.689024059248038667e-02 1.289967298634666637e-01 0.000000000000000000e+00
