1.298622786828331765e-01 1.268273082517299144e-01 1.523173382887331971e-02
1.298622786828331765e-01 1.268273082517299144e-01 1.523173382887331971e-02
1.340773085205089477e-01 1.296365002878963057e-01 1.504727130227322129e-02
1.340773085205089477e-01 1.296365002878963057e-01 1.504727130227322129e-02
1.382875599242007481e-01 1.324326476584107570e-01 1.481845234280481857e-02
1.382875599242007481e-01 1.324326476584107570e-01 1.481845234280481857e-02
1.424927374367975508e-01 1.352165230983420341e-01 1.454439058449635662e-02
1.424927374367975508e-01 1.352165230983420341e-01 1.454439058449635662e-02
1.466925330118335757e-01 1.379888810887455464e-01 1.422426011123878280e-02
1.466925330118335757e-01 1.379888810887455464e-01 1.422426011123878280e-02
1.508866256009507301e-01 1.407504600128344219e-01 1.385729049351016456e-02
1.508866256009507301e-01 1.407504600128344219e-01 1.385729049351016456e-02
1.550746810746915227e-01 1.435019839928351471e-01 1.344276202341313994e-02
1.550746810746915227e-01 1.435019839928351471e-01 1.344276202341313994e-02
1.592563522887972260e-01 1.462441644951589792e-01 1.298000119556701193e-02
1.592563522887972260e-01 1.462441644951589792e-01 1.298000119556701193e-02
1.634309305421457470e-01 1.489778158384113538e-01 1.246910849366236577e-02
1.634309305421457470e-01 1.489778158384113538e-01 1.246910849366236577e-02
1.675984923635628898e-01 1.517034827265968389e-01 1.190857426635915338e-02
1.675984923635628898e-01 1.517034827265968389e-01 1.190857426635915338e-02
1.717588543360371867e-01 1.544217788240690448e-01 1.129738169788385878e-02
1.717588543360371867e-01 1.544217788240690448e-01 1.129738169788385878e-02
1.759115942687323741e-01 1.571333840105313406e-01 1.063501049196648521e-02
1.759115942687323741e-01 1.571333840105313406e-01 1.063501049196648521e-02
1.800562743071145999e-01 1.598389729709343010e-01 9.920975108349765204e-03
1.800562743071145999e-01 1.598389729709343010e-01 9.920975108349765204e-03
1.841924406089096855e-01 1.625392162519129768e-01 9.154821866611951089e-03
1.841924406089096855e-01 1.625392162519129768e-01 9.154821866611951089e-03
1.883196698225330645e-01 1.652347653604151201e-01 8.336013574885482724e-03
1.883196698225330645e-01 1.652347653604151201e-01 8.336013574885482724e-03
1.924377379298823632e-01 1.679261956308147341e-01 7.463498136000886601e-03
1.924377379298823632e-01 1.679261956308147341e-01 7.463498136000886601e-03
1.965460435192771249e-01 1.706142030628000628e-01 6.537089339655840180e-03
1.965460435192771249e-01 1.706142030628000628e-01 6.537089339655840180e-03
2.006440296453395333e-01 1.732994627090001516e-01 5.556478594323648566e-03
2.006440296453395333e-01 1.732994627090001516e-01 5.556478594323648566e-03
2.047311177154128303e-01 1.759826516838583488e-01 4.521385666968930767e-03
2.047311177154128303e-01 1.759826516838583488e-01 4.521385666968930767e-03
2.088067058161695855e-01 1.786644503742751966e-01 3.431558192584561930e-03
2.088067058161695855e-01 1.786644503742751966e-01 3.431558192584561930e-03
2.128701667924237373e-01 1.813455437080704336e-01 2.286771688764617332e-03
2.128701667924237373e-01 1.813455437080704336e-01 2.286771688764617332e-03
2.169212622502280641e-01 1.840264781130849514e-01 1.085651512070639558e-03
2.169212622502280641e-01 1.840264781130849514e-01 1.085651512070639558e-03
2.209592667923900855e-01 1.867079655157496687e-01 0.000000000000000000e+00
2.209592667923900855e-01 1.867079655157496687e-01 0.000000000000000000e+00
2.249831619992321563e-01 1.893908176094669382e-01 0.000000000000000000e+00
2.249831619992321563e-01 1.893908176094669382e-01 0.000000000000000000e+00
2.289921678222574808e-01 1.920757616585709593e-01 0.000000000000000000e+00
2.289921678222574808e-01 1.920757616585709593e-01 0.000000000000000000e+00
2.329854673910205509e-01 1.947635362535550529e-01 0.000000000000000000e+00
2.329854673910205509e-01 1.947635362535550529e-01 0.000000000000000000e+00
2.369622040831109722e-01 1.974548927228732265e-01 0.000000000000000000e+00
2.369622040831109722e-01 1.974548927228732265e-01 0.000000000000000000e+00
2.409214784741941784e-01 2.001505965467188231e-01 0.000000000000000000e+00
2.409214784741941784e-01 2.001505965467188231e-01 0.000000000000000000e+00
2.448623452015575575e-01 2.028514287537776239e-01 0.000000000000000000e+00
2.448623452015575575e-01 2.028514287537776239e-01 0.000000000000000000e+00
2.487843088978248518e-01 2.055580167518230306e-01 0.000000000000000000e+00
2.487843088978248518e-01 2.055580167518230306e-01 0.000000000000000000e+00
2.526859902460914520e-01 2.082712928739337832e-01 0.000000000000000000e+00
2.526859902460914520e-01 2.082712928739337832e-01 0.000000000000000000e+00
2.565660716086691773e-01 2.109921672595234943e-01 0.000000000000000000e+00
2.565660716086691773e-01 2.109921672595234943e-01 0.000000000000000000e+00
2.604233777187092702e-01 2.137215014003137070e-01 0.000000000000000000e+00
2.604233777187092702e-01 2.137215014003137070e-01 0.000000000000000000e+00
2.642566746040549419e-01 2.164601770780792411e-01 0.000000000000000000e+00
2.642566746040549419e-01 2.164601770780792411e-01 0.000000000000000000e+00
2.680646671433468686e-01 2.192090969597625394e-01 0.000000000000000000e+00
2.680646671433468686e-01 2.192090969597625394e-01 0.000000000000000000e+00
2.718459969541177634e-01 2.219691849381223159e-01 0.000000000000000000e+00
2.718459969541177634e-01 2.219691849381223159e-01 0.000000000000000000e+00
2.755992407041573111e-01 2.247413861681444025e-01 0.000000000000000000e+00
2.755992407041573111e-01 2.247413861681444025e-01 0.000000000000000000e+00
2.793229089444572155e-01 2.275266667466856463e-01 0.000000000000000000e+00
2.793229089444572155e-01 2.275266667466856463e-01 0.000000000000000000e+00
2.830154455677435510e-01 2.303260129811730006e-01 0.000000000000000000e+00
2.830154455677435510e-01 2.303260129811730006e-01 0.000000000000000000e+00
2.866752280003160847e-01 2.331404301929215217e-01 0.000000000000000000e+00
2.866752280003160847e-01 2.331404301929215217e-01 0.000000000000000000e+00
2.903005682360676465e-01 2.359709410021531006e-01 0.000000000000000000e+00
2.903005682360676465e-01 2.359709410021531006e-01 0.000000000000000000e+00
2.938897148194175579e-01 2.388185830454252756e-01 0.000000000000000000e+00
2.938897148194175579e-01 2.388185830454252756e-01 0.000000000000000000e+00
2.974408558778919298e-01 2.416844060823239992e-01 0.000000000000000000e+00
2.974408558778919298e-01 2.416844060823239992e-01 0.000000000000000000e+00
3.009521232945156499e-01 2.445694684570943744e-01 0.000000000000000000e+00
3.009521232945156499e-01 2.445694684570943744e-01 0.000000000000000000e+00
3.044215980945990663e-01 2.474748328927603713e-01 0.000000000000000000e+00
3.044215980945990663e-01 2.474748328927603713e-01 0.000000000000000000e+00
3.078473171005471354e-01 2.504015616101104014e-01 0.000000000000000000e+00
3.078473171005471354e-01 2.504015616101104014e-01 0.000000000000000000e+00
3.112272808818865588e-01 2.533507107817796755e-01 0.000000000000000000e+00
3.112272808818865588e-01 2.533507107817796755e-01 0.000000000000000000e+00
3.145594629959060362e-01 2.563233243521756410e-01 0.000000000000000000e+00
3.145594629959060362e-01 2.563233243521756410e-01 0.000000000000000000e+00
3.178418204778627465e-01 2.593204272766755913e-01 0.000000000000000000e+00
3.178418204778627465e-01 2.593204272766755913e-01 0.000000000000000000e+00
3.210723054992020709e-01 2.623430182577531355e-01 0.000000000000000000e+00
3.210723054992020709e-01 2.623430182577531355e-01 0.000000000000000000e+00
3.242488780693761896e-01 2.653920620803291719e-01 0.000000000000000000e+00
3.242488780693761896e-01 2.653920620803291719e-01 0.000000000000000000e+00
3.273695196130279594e-01 2.684684816726939371e-01 0.000000000000000000e+00
3.273695196130279594e-01 2.684684816726939371e-01 0.000000000000000000e+00
3.304322472116641429e-01 2.715731500413998134e-01 0.000000000000000000e+00
3.304322472116641429e-01 2.715731500413998134e-01 0.000000000000000000e+00
3.334351282598265742e-01 2.747068822471732674e-01 0.000000000000000000e+00
3.334351282598265742e-01 2.747068822471732674e-01 0.000000000000000000e+00
3.363762952524125827e-01 2.778704276028188813e-01 0.000000000000000000e+00
3.363762952524125827e-01 2.778704276028188813e-01 0.000000000000000000e+00
3.392539603945229909e-01 2.810644622819502003e-01 0.000000000000000000e+00
3.392539603945229909e-01 2.810644622819502003e-01 0.000000000000000000e+00
3.420664297102313789e-01 2.842895825281736011e-01 0.000000000000000000e+00
3.420664297102313789e-01 2.842895825281736011e-01 0.000000000000000000e+00
3.448121163233723863e-01 2.875462986474696669e-01 0.000000000000000000e+00
3.448121163233723863e-01 2.875462986474696669e-01 0.000000000000000000e+00
3.474894762031431883e-01 2.908350812819153197e-01 0.000000000000000000e+00
3.474894762031431883e-01 2.908350812819153197e-01 0.000000000000000000e+00
3.500971262404946605e-01 2.941562768819902529e-01 0.000000000000000000e+00
3.500971262404946605e-01 2.941562768819902529e-01 0.000000000000000000e+00
3.526339837033669045e-01 2.975100329499322793e-01 0.000000000000000000e+00
3.526339837033669045e-01 2.975100329499322793e-01 0.000000000000000000e+00
3.550990133330854115e-01 3.008964685952171814e-01 0.000000000000000000e+00
3.550990133330854115e-01 3.008964685952171814e-01 0.000000000000000000e+00
3.574913315038854567e-01 3.043156037313379247e-01 0.000000000000000000e+00
3.574913315038854567e-01 3.043156037313379247e-01 0.000000000000000000e+00
3.598102084185469951e-01 3.077673606077474533e-01 0.000000000000000000e+00
3.598102084185469951e-01 3.077673606077474533e-01 0.000000000000000000e+00
3.620550681194791287e-01 3.112515666168380046e-01 0.000000000000000000e+00
3.620550681194791287e-01 3.112515666168380046e-01 0.000000000000000000e+00
3.642254863799582743e-01 3.147679582833950995e-01 0.000000000000000000e+00
3.642254863799582743e-01 3.147679582833950995e-01 0.000000000000000000e+00
3.663211615649035746e-01 3.183161995609168349e-01 0.000000000000000000e+00
3.663211615649035746e-01 3.183161995609168349e-01 0.000000000000000000e+00
3.683420007685222486e-01 3.218958387439680435e-01 0.000000000000000000e+00
3.683420007685222486e-01 3.218958387439680435e-01 0.000000000000000000e+00
3.702880744729326046e-01 3.255063376534533259e-01 0.000000000000000000e+00
3.702880744729326046e-01 3.255063376534533259e-01 0.000000000000000000e+00
3.721595159210083770e-01 3.291471259115799075e-01 0.000000000000000000e+00
3.721595159210083770e-01 3.291471259115799075e-01 0.000000000000000000e+00
3.739565707914124792e-01 3.328175762983484054e-01 0.000000000000000000e+00
3.739565707914124792e-01 3.328175762983484054e-01 0.000000000000000000e+00
3.756795864071880708e-01 3.365170125162479375e-01 0.000000000000000000e+00
3.756795864071880708e-01 3.365170125162479375e-01 0.000000000000000000e+00
3.773290005345281695e-01 3.402447169284678052e-01 0.000000000000000000e+00
3.773290005345281695e-01 3.402447169284678052e-01 0.000000000000000000e+00
3.789053300302875349e-01 3.439999381227434316e-01 0.000000000000000000e+00
3.789053300302875349e-01 3.439999381227434316e-01 0.000000000000000000e+00
3.804094490506075288e-01 3.477817632479675014e-01 0.000000000000000000e+00
3.804094490506075288e-01 3.477817632479675014e-01 0.000000000000000000e+00
3.818418367047790030e-01 3.515894749599597913e-01 0.000000000000000000e+00
3.818418367047790030e-01 3.515894749599597913e-01 0.000000000000000000e+00
3.832031328212748833e-01 3.554222863861290493e-01 0.000000000000000000e+00
3.832031328212748833e-01 3.554222863861290493e-01 0.000000000000000000e+00
3.844940529203118018e-01 3.592793843559741740e-01 0.000000000000000000e+00
3.844940529203118018e-01 3.592793843559741740e-01 0.000000000000000000e+00
3.857153384348041003e-01 3.631599538048672082e-01 0.000000000000000000e+00
3.857153384348041003e-01 3.631599538048672082e-01 0.000000000000000000e+00
3.868677487251396818e-01 3.670631822042506598e-01 0.000000000000000000e+00
3.868677487251396818e-01 3.670631822042506598e-01 0.000000000000000000e+00
3.879520539644339960e-01 3.709882633864471368e-01 0.000000000000000000e+00
3.879520539644339960e-01 3.709882633864471368e-01 0.000000000000000000e+00
3.889690289163790782e-01 3.749344007779018551e-01 0.000000000000000000e+00
3.889690289163790782e-01 3.749344007779018551e-01 0.000000000000000000e+00
3.899195624359997336e-01 3.789007619910677582e-01 0.000000000000000000e+00
3.899195624359997336e-01 3.789007619910677582e-01 0.000000000000000000e+00
3.908047316376800362e-01 3.828864516083407277e-01 0.000000000000000000e+00
3.908047316376800362e-01 3.828864516083407277e-01 0.000000000000000000e+00
3.916248836908216568e-01 3.868908909352036241e-01 0.000000000000000000e+00
3.916248836908216568e-01 3.868908909352036241e-01 0.000000000000000000e+00
3.923807567222710180e-01 3.909133475200421981e-01 0.000000000000000000e+00
3.923807567222710180e-01 3.909133475200421981e-01 0.000000000000000000e+00
3.930730757225993632e-01 3.949531065070949754e-01 0.000000000000000000e+00
3.930730757225993632e-01 3.949531065070949754e-01 0.000000000000000000e+00
3.937025513725853632e-01 3.990094710127009003e-01 0.000000000000000000e+00
3.937025513725853632e-01 3.990094710127009003e-01 0.000000000000000000e+00
3.942698795095165298e-01 4.030817621944468021e-01 0.000000000000000000e+00
3.942698795095165298e-01 4.030817621944468021e-01 0.000000000000000000e+00
3.947757411837138908e-01 4.071693190537094553e-01 0.000000000000000000e+00
3.947757411837138908e-01 4.071693190537094553e-01 0.000000000000000000e+00
3.952208032574048291e-01 4.112714980096571216e-01 0.000000000000000000e+00
3.952208032574048291e-01 4.112714980096571216e-01 0.000000000000000000e+00
3.956057195007351979e-01 4.153876722799166310e-01 0.000000000000000000e+00
3.956057195007351979e-01 4.153876722799166310e-01 0.000000000000000000e+00
3.959311321432817943e-01 4.195172311000636700e-01 0.000000000000000000e+00
3.959311321432817943e-01 4.195172311000636700e-01 0.000000000000000000e+00
3.961976738433523604e-01 4.236595788108990512e-01 0.000000000000000000e+00
3.961976738433523604e-01 4.236595788108990512e-01 0.000000000000000000e+00
3.964060681456608726e-01 4.278140988287157942e-01 0.000000000000000000e+00
3.964060681456608726e-01 4.278140988287157942e-01 0.000000000000000000e+00
3.965570399997980777e-01 4.319801873773505552e-01 0.000000000000000000e+00
3.965570399997980777e-01 4.319801873773505552e-01 0.000000000000000000e+00
3.966509634669531104e-01 4.361573757989536948e-01 0.000000000000000000e+00
3.966509634669531104e-01 4.361573757989536948e-01 0.000000000000000000e+00
3.966884569644679726e-01 4.403451182746722647e-01 0.000000000000000000e+00
3.966884569644679726e-01 4.403451182746722647e-01 0.000000000000000000e+00
3.966701448988526613e-01 4.445428781433618526e-01 0.000000000000000000e+00
3.966701448988526613e-01 4.445428781433618526e-01 0.000000000000000000e+00
3.965966615544359031e-01 4.487501266619681184e-01 0.000000000000000000e+00
3.965966615544359031e-01 4.487501266619681184e-01 0.000000000000000000e+00
3.964686552572945777e-01 4.529663417554750104e-01 0.000000000000000000e+00
3.964686552572945777e-01 4.529663417554750104e-01 0.000000000000000000e+00
3.962867928107808302e-01 4.571910067648538023e-01 0.000000000000000000e+00
3.962867928107808302e-01 4.571910067648538023e-01 0.000000000000000000e+00
3.960517642016730955e-01 4.614236092000447709e-01 0.000000000000000000e+00
3.960517642016730955e-01 4.614236092000447709e-01 0.000000000000000000e+00
3.957642875782920733e-01 4.656636395039076559e-01 0.000000000000000000e+00
3.957642875782920733e-01 4.656636395039076559e-01 0.000000000000000000e+00
3.954251145038837345e-01 4.699105898321164765e-01 0.000000000000000000e+00
3.954251145038837345e-01 4.699105898321164765e-01 0.000000000000000000e+00
3.950350354900055150e-01 4.741639528532676784e-01 0.000000000000000000e+00
3.950350354900055150e-01 4.741639528532676784e-01 0.000000000000000000e+00
3.945948858157804495e-01 4.784232205728934928e-01 0.000000000000000000e+00
3.945948858157804495e-01 4.784232205728934928e-01 0.000000000000000000e+00
3.941055516393139335e-01 4.826878831847149498e-01 0.000000000000000000e+00
3.941055516393139335e-01 4.826878831847149498e-01 0.000000000000000000e+00
3.935679764077419929e-01 4.869574279522123628e-01 0.000000000000000000e+00
3.935679764077419929e-01 4.869574279522123628e-01 0.000000000000000000e+00
3.929831675718094552e-01 4.912313381234962306e-01 0.000000000000000000e+00
3.929831675718094552e-01 4.912313381234962306e-01 0.000000000000000000e+00
3.923522036098062160e-01 4.955090918824968660e-01 0.000000000000000000e+00
3.923522036098062160e-01 4.955090918824968660e-01 0.000000000000000000e+00
3.916762413640088591e-01 4.997901613396165676e-01 0.000000000000000000e+00
3.916762413640088591e-01 4.997901613396165676e-01 0.000000000000000000e+00
3.909563752028932249e-01 5.040740523143185658e-01 0.000000000000000000e+00
3.909563752028932249e-01 5.040740523143185658e-01 0.000000000000000000e+00
3.901940307747835401e-01 5.083601960104781048e-01 0.000000000000000000e+00
3.901940307747835401e-01 5.083601960104781048e-01 0.000000000000000000e+00
3.893906513747332765e-01 5.126480388343126471e-01 0.000000000000000000e+00
3.893906513747332765e-01 5.126480388343126471e-01 0.000000000000000000e+00
3.885477867972980115e-01 5.169370187548182338e-01 0.000000000000000000e+00
3.885477867972980115e-01 5.169370187548182338e-01 0.000000000000000000e+00
3.876671068631148409e-01 5.212265632504257118e-01 0.000000000000000000e+00
3.876671068631148409e-01 5.212265632504257118e-01 0.000000000000000000e+00
3.867504105639201772e-01 5.255160886146367227e-01 0.000000000000000000e+00
3.867504105639201772e-01 5.255160886146367227e-01 0.000000000000000000e+00
3.857996354321691079e-01 5.298049993340910868e-01 0.000000000000000000e+00
3.857996354321691079e-01 5.298049993340910868e-01 0.000000000000000000e+00
3.848168670939758895e-01 5.340926875460524359e-01 0.000000000000000000e+00
3.848168670939758895e-01 5.340926875460524359e-01 0.000000000000000000e+00
3.838043489537643627e-01 5.383785325828751578e-01 0.000000000000000000e+00
3.838043489537643627e-01 5.383785325828751578e-01 0.000000000000000000e+00
3.827644919478506158e-01 5.426619006114631327e-01 0.000000000000000000e+00
3.827644919478506158e-01 5.426619006114631327e-01 0.000000000000000000e+00
3.816998842914523515e-01 5.469421443762184643e-01 0.000000000000000000e+00
3.816998842914523515e-01 5.469421443762184643e-01 0.000000000000000000e+00
3.806133011302087477e-01 5.512186030543048121e-01 0.000000000000000000e+00
3.806133011302087477e-01 5.512186030543048121e-01 0.000000000000000000e+00
3.795077139923250797e-01 5.554906022323335968e-01 0.000000000000000000e+00
3.795077139923250797e-01 5.554906022323335968e-01 0.000000000000000000e+00
3.783862999219561596e-01 5.597574540137261190e-01 1.089571232545605631e-02
3.783862999219561596e-01 5.597574540137261190e-01 1.089571232545605631e-02
3.772524501579273548e-01 5.640184572659586726e-01 2.448642494702682471e-02
3.772524501579273548e-01 5.640184572659586726e-01 2.448642494702682471e-02
3.761091660577874918e-01 5.682730283562442697e-01 3.885778958213605833e-02
3.761091660577874918e-01 5.682730283562442697e-01 3.885778958213605833e-02
3.749608279232803931e-01 5.725203215908523102e-01 5.266085250889486480e-02
3.749608279232803931e-01 5.725203215908523102e-01 5.266085250889486480e-02
3.738115653738375288e-01 5.767595879269543646e-01 6.493280075200066892e-02
3.738115653738375288e-01 5.767595879269543646e-01 6.493280075200066892e-02
3.726657082243177710e-01 5.809900766585252008e-01 7.619961462983297629e-02
3.726657082243177710e-01 5.809900766585252008e-01 7.619961462983297629e-02
3.715278319347988800e-01 5.852110274636610487e-01 8.675403659042492388e-02
3.715278319347988800e-01 5.852110274636610487e-01 8.675403659042492388e-02
3.704027596541042411e-01 5.894216716938259770e-01 9.677965342968869455e-02
3.704027596541042411e-01 5.894216716938259770e-01 9.677965342968869455e-02
3.692955623733098491e-01 5.936212338530800769e-01 1.063998643522131859e-01
3.692955623733098491e-01 5.936212338530800769e-01 1.063998643522131859e-01
3.682115569400743471e-01 5.978089332680579515e-01 1.157018867090100073e-01
3.682115569400743471e-01 5.978089332680579515e-01 1.157018867090100073e-01
3.671563016832706805e-01 6.019839859472118082e-01 1.247497480279583792e-01
3.671563016832706805e-01 6.019839859472118082e-01 1.247497480279583792e-01
3.661355894020911217e-01 6.061456066252549624e-01 1.335918563591593777e-01
3.661355894020911217e-01 6.061456066252549624e-01 1.335918563591593777e-01
3.651551727221845067e-01 6.102930573146904125e-01 1.422660225068158868e-01
3.651551727221845067e-01 6.102930573146904125e-01 1.422660225068158868e-01
3.642211172425993682e-01 6.144255820592856576e-01 1.508019901891355929e-01
3.642211172425993682e-01 6.144255820592856576e-01 1.508019901891355929e-01
3.633403414730791980e-01 6.185423181946781979e-01 1.592227440290775453e-01
3.633403414730791980e-01 6.185423181946781979e-01 1.592227440290775453e-01
3.625194573747421711e-01 6.226424979815001759e-01 1.675474120888659768e-01
3.625194573747421711e-01 6.226424979815001759e-01 1.675474120888659768e-01
3.617652282309526401e-01 6.267253654212003866e-01 1.757916244805677042e-01
3.617652282309526401e-01 6.267253654212003866e-01 1.757916244805677042e-01
3.610845415781647194e-01 6.307901791936324498e-01 1.839682426559202388e-01
3.610845415781647194e-01 6.307901791936324498e-01 1.839682426559202388e-01
3.604843785986281413e-01 6.348362156625310115e-01 1.920879021397171038e-01
3.604843785986281413e-01 6.348362156625310115e-01 1.920879021397171038e-01
3.599717800829684844e-01 6.388627719204069688e-01 2.001594239724449609e-01
3.599717800829684844e-01 6.388627719204069688e-01 2.001594239724449609e-01
3.595538091557328730e-01 6.428691688422000228e-01 2.081901318957957714e-01
3.595538091557328730e-01 6.428691688422000228e-01 2.081901318957957714e-01
3.592372607851090915e-01 6.468547892312545011e-01 2.161864609131684822e-01
3.592372607851090915e-01 6.468547892312545011e-01 2.161864609131684822e-01
3.590293923672675525e-01 6.508189702570849056e-01 2.241530587047543821e-01
3.590293923672675525e-01 6.508189702570849056e-01 2.241530587047543821e-01
3.589371724391210994e-01 6.547611104351735989e-01 2.320939206441603453e-01
3.589371724391210994e-01 6.547611104351735989e-01 2.320939206441603453e-01
3.589673236985285731e-01 6.586806572559906758e-01 2.400124077546504642e-01
3.589673236985285731e-01 6.586806572559906758e-01 2.400124077546504642e-01
3.591263667101685098e-01 6.625770966032394904e-01 2.479112255371411777e-01
3.591263667101685098e-01 6.625770966032394904e-01 2.479112255371411777e-01
3.594205724711000971e-01 6.664499551194832394e-01 2.557925133406394047e-01
3.594205724711000971e-01 6.664499551194832394e-01 2.557925133406394047e-01
3.598559156419187111e-01 6.702988023442890686e-01 2.636579198246984945e-01
3.598559156419187111e-01 6.702988023442890686e-01 2.636579198246984945e-01
3.604380292501519478e-01 6.741232525990685787e-01 2.715086673487297486e-01
3.604380292501519478e-01 6.741232525990685787e-01 2.715086673487297486e-01
3.611722595074028375e-01 6.779229568782033644e-01 2.793454172170616867e-01
3.611722595074028375e-01 6.779229568782033644e-01 2.793454172170616867e-01
3.620634095036517341e-01 6.816976276246373700e-01 2.871687076562366991e-01
3.620634095036517341e-01 6.816976276246373700e-01 2.871687076562366991e-01
3.631158132717651199e-01 6.854470265570922205e-01 2.949788149148703797e-01
3.631158132717651199e-01 6.854470265570922205e-01 2.949788149148703797e-01
3.643333243365879937e-01 6.891709634742371193e-01 3.027757506430846512e-01
3.643333243365879937e-01 6.891709634742371193e-01 3.027757506430846512e-01
3.657192772419016746e-01 6.928692978913565392e-01 3.105593182240569128e-01
3.657192772419016746e-01 6.928692978913565392e-01 3.105593182240569128e-01
3.672764673302986171e-01 6.965419390276358369e-01 3.183291422788851466e-01
3.672764673302986171e-01 6.965419390276358369e-01 3.183291422788851466e-01
3.690071365408916781e-01 7.001888454830533792e-01 3.260846950691003721e-01
3.690071365408916781e-01 7.001888454830533792e-01 3.260846950691003721e-01
3.709129654330055037e-01 7.038100246163320195e-01 3.338253201827799388e-01
3.709129654330055037e-01 7.038100246163320195e-01 3.338253201827799388e-01
3.729952257534204230e-01 7.074055325371518821e-01 3.415496655916755997e-01
3.729952257534204230e-01 7.074055325371518821e-01 3.415496655916755997e-01
3.752543527543764634e-01 7.109754809068372650e-01 3.492571556691579926e-01
3.752543527543764634e-01 7.109754809068372650e-01 3.492571556691579926e-01
3.776902805928664675e-01 7.145200199884212955e-01 3.569470925754845703e-01
3.776902805928664675e-01 7.145200199884212955e-01 3.569470925754845703e-01
3.803024761585263591e-01 7.180393422277311366e-01 3.646185105910021984e-01
3.803024761585263591e-01 7.180393422277311366e-01 3.646185105910021984e-01
3.830898974834488491e-01 7.215336815388752045e-01 3.722704023046649047e-01
3.830898974834488491e-01 7.215336815388752045e-01 3.722704023046649047e-01
3.860510196160760188e-01 7.250033113162973608e-01 3.799017306480319545e-01
3.860510196160760188e-01 7.250033113162973608e-01 3.799017306480319545e-01
3.891838643333915271e-01 7.284485423223712175e-01 3.875114395267092449e-01
3.891838643333915271e-01 7.284485423223712175e-01 3.875114395267092449e-01
3.924860329992675978e-01 7.318697204793223055e-01 3.950984631515830348e-01
3.924860329992675978e-01 7.318697204793223055e-01 3.950984631515830348e-01
3.959547418545278363e-01 7.352672245937176276e-01 4.026617341641829384e-01
3.959547418545278363e-01 7.352672245937176276e-01 4.026617341641829384e-01
3.995868459639531634e-01 7.386414795679240308e-01 4.101999510250806669e-01
3.995868459639531634e-01 7.386414795679240308e-01 4.101999510250806669e-01
4.033788325888233994e-01 7.419929646829022118e-01 4.177115573920740510e-01
4.033788325888233994e-01 7.419929646829022118e-01 4.177115573920740510e-01
4.073270032679128239e-01 7.453221003699967984e-01 4.251962686154143745e-01
4.073270032679128239e-01 7.453221003699967984e-01 4.251962686154143745e-01
4.114274133986826065e-01 7.486293730061862606e-01 4.326530809953112455e-01
4.114274133986826065e-01 7.486293730061862606e-01 4.326530809953112455e-01
4.156759235345345305e-01 7.519152901640110409e-01 4.400810138855920650e-01
4.156759235345345305e-01 7.519152901640110409e-01 4.400810138855920650e-01
4.200682353136429015e-01 7.551803784811513820e-01 4.474791122538704924e-01
4.200682353136429015e-01 7.551803784811513820e-01 4.474791122538704924e-01
4.245999257436058882e-01 7.584251816165343829e-01 4.548464486022181785e-01
4.245999257436058882e-01 7.584251816165343829e-01 4.548464486022181785e-01
4.292664795300366043e-01 7.616502583053356146e-01 4.621821243156956083e-01
4.292664795300366043e-01 7.616502583053356146e-01 4.621821243156956083e-01
4.340633192101979176e-01 7.648561805229702193e-01 4.694852705031896667e-01
4.340633192101979176e-01 7.648561805229702193e-01 4.694852705031896667e-01
4.389858329219814559e-01 7.680435317660534444e-01 4.767550483920470206e-01
4.389858329219814559e-01 7.680435317660534444e-01 4.767550483920470206e-01
4.440293997021947381e-01 7.712129054562452124e-01 4.839906493349023231e-01
4.440293997021947381e-01 7.712129054562452124e-01 4.839906493349023231e-01
4.491894122652111965e-01 7.743649034710131662e-01 4.911912944838748851e-01
4.491894122652111965e-01 7.743649034710131662e-01 4.911912944838748851e-01
4.544612972629513137e-01 7.775001348036247872e-01 4.983562341840762078e-01
4.544612972629513137e-01 7.775001348036247872e-01 4.983562341840762078e-01
4.598405330695223836e-01 7.806192143530699123e-01 5.054847471350523147e-01
4.598405330695223836e-01 7.806192143530699123e-01 5.054847471350523147e-01
4.653226651688594506e-01 7.837227618432517362e-01 5.125761393654737486e-01
4.653226651688594506e-01 7.837227618432517362e-01 5.125761393654737486e-01
4.709032771842123766e-01 7.868114144331257442e-01 5.196296677708737155e-01
4.709032771842123766e-01 7.868114144331257442e-01 5.196296677708737155e-01
4.765779175988414385e-01 7.898858521123530707e-01 5.266444164153700758e-01
4.765779175988414385e-01 7.898858521123530707e-01 5.266444164153700758e-01
4.823426161417866953e-01 7.929466348968398082e-01 5.336201610711873711e-01
4.823426161417866953e-01 7.929466348968398082e-01 5.336201610711873711e-01
4.881933007559849380e-01 7.959943926389900781e-01 5.405563035818952144e-01
4.881933007559849380e-01 7.959943926389900781e-01 5.405563035818952144e-01
4.941260113950587951e-01 7.990297565278879910e-01 5.474522662264443840e-01
4.941260113950587951e-01 7.990297565278879910e-01 5.474522662264443840e-01
5.001369038232863495e-01 8.020533587063426451e-01 5.543074904240707923e-01
5.001369038232863495e-01 8.020533587063426451e-01 5.543074904240707923e-01
5.062222520392862801e-01 8.050658319821638598e-01 5.611214354836406848e-01
5.062222520392862801e-01 8.050658319821638598e-01 5.611214354836406848e-01
5.123784494765900588e-01 8.080678096268093524e-01 5.678935774192287456e-01
5.123784494765900588e-01 8.080678096268093524e-01 5.678935774192287456e-01
5.186020091286941414e-01 8.110599252541698112e-01 5.746234078516629928e-01
5.186020091286941414e-01 8.110599252541698112e-01 5.746234078516629928e-01
5.248895627392220486e-01 8.140428127719251394e-01 5.813104330138477716e-01
5.248895627392220486e-01 8.140428127719251394e-01 5.813104330138477716e-01
5.312378591899653557e-01 8.170171063976193748e-01 5.879541728758944652e-01
5.312378591899653557e-01 8.170171063976193748e-01 5.879541728758944652e-01
5.376437622115022297e-01 8.199834407312474038e-01 5.945541604043989015e-01
5.376437622115022297e-01 8.199834407312474038e-01 5.945541604043989015e-01
5.441042475324655570e-01 8.229424508759032308e-01 6.011099409686021522e-01
5.441042475324655570e-01 8.229424508759032308e-01 6.011099409686021522e-01
5.506163995754680407e-01 8.258947725976490961e-01 6.076210719045677111e-01
5.506163995754680407e-01 8.258947725976490961e-01 6.076210719045677111e-01
5.571774077994239294e-01 8.288410425154998373e-01 6.140871222469559410e-01
5.571774077994239294e-01 8.288410425154998373e-01 6.140871222469559410e-01
5.637845627806339355e-01 8.317818983119940057e-01 6.205076726363517592e-01
5.637845627806339355e-01 8.317818983119940057e-01 6.205076726363517592e-01
5.704352521176342394e-01 8.347179789545073891e-01 6.268823154084107729e-01
5.704352521176342394e-01 8.347179789545073891e-01 6.268823154084107729e-01
5.771269562384846452e-01 8.376499249170280548e-01 6.332106548692494341e-01
5.771269562384846452e-01 8.376499249170280548e-01 6.332106548692494341e-01
5.838572441829866788e-01 8.405783783917555319e-01 6.394923077595476846e-01
5.838572441829866788e-01 8.405783783917555319e-01 6.394923077595476846e-01
5.906237694269717009e-01 8.435039834794800795e-01 6.457269039076038997e-01
5.906237694269717009e-01 8.435039834794800795e-01 6.457269039076038997e-01
5.974242658108468440e-01 8.464273863473221748e-01 6.519140870691366718e-01
5.974242658108468440e-01 8.464273863473221748e-01 6.519140870691366718e-01
6.042565436299804915e-01 8.493492353421248087e-01 6.580535159488987151e-01
6.042565436299804915e-01 8.493492353421248087e-01 6.580535159488987151e-01
6.111184859404291680e-01 8.522701810475005191e-01 6.641448653961062876e-01
6.111184859404291680e-01 8.522701810475005191e-01 6.641448653961062876e-01
6.180080451295063559e-01 8.551908762724106383e-01 6.701878277623153357e-01
6.180080451295063559e-01 8.551908762724106383e-01 6.701878277623153357e-01
6.249228948754517177e-01 8.581120860827273766e-01 6.761818641908066141e-01
6.249228948754517177e-01 8.581120860827273766e-01 6.761818641908066141e-01
6.318611181838441615e-01 8.610344681837713843e-01 6.821267306136062913e-01
6.318611181838441615e-01 8.610344681837713843e-01 6.821267306136062913e-01
6.388210771781194230e-01 8.639586118776325652e-01 6.880223526421366254e-01
6.388210771781194230e-01 8.639586118776325652e-01 6.880223526421366254e-01
6.458009565699783794e-01 8.668851830634922706e-01 6.938685043528042273e-01
6.458009565699783794e-01 8.668851830634922706e-01 6.938685043528042273e-01
6.527989965688193452e-01 8.698148491267134741e-01 6.996649857919772231e-01
6.527989965688193452e-01 8.698148491267134741e-01 6.996649857919772231e-01
6.598134917576451430e-01 8.727482783166240488e-01 7.054116249650416171e-01
6.598134917576451430e-01 8.727482783166240488e-01 7.054116249650416171e-01
6.668427904828874153e-01 8.756861389760536296e-01 7.111082798091928892e-01
6.668427904828874153e-01 8.756861389760536296e-01 7.111082798091928892e-01
6.738852947745272992e-01 8.786290986152354154e-01 7.167548401031966776e-01
6.738852947745272992e-01 8.786290986152354154e-01 7.167548401031966776e-01
6.809394608063169541e-01 8.815778228248153381e-01 7.223512292626526055e-01
6.809394608063169541e-01 8.815778228248153381e-01 7.223512292626526055e-01
6.880037998984818159e-01 8.845329740251242079e-01 7.278974059648961603e-01
6.880037998984818159e-01 8.845329740251242079e-01 7.278974059648961603e-01
6.950768800572477701e-01 8.874952100517550235e-01 7.333933655439631716e-01
6.950768800572477701e-01 8.874952100517550235e-01 7.333933655439631716e-01
7.021573280369365344e-01 8.904651825805808274e-01 7.388391410930778003e-01
7.021573280369365344e-01 8.904651825805808274e-01 7.388391410930778003e-01
7.092438319012940307e-01 8.934435353987998374e-01 7.442348042102057137e-01
7.092438319012940307e-01 8.934435353987998374e-01 7.442348042102057137e-01
7.163351440514903468e-01 8.964309025321610669e-01 7.495804653214745983e-01
7.163351440514903468e-01 8.964309025321610669e-01 7.495804653214745983e-01
7.234281067408911969e-01 8.994285682569849172e-01 7.548753939320600459e-01
7.234281067408911969e-01 8.994285682569849172e-01 7.548753939320600459e-01
7.305222577490770863e-01 9.024369301561893097e-01 7.601201613967064619e-01
7.305222577490770863e-01 9.024369301561893097e-01 7.601201613967064619e-01
7.376173905331373515e-01 9.054563062897973413e-01 7.653154007906730616e-01
7.376173905331373515e-01 9.054563062897973413e-01 7.653154007906730616e-01
7.447125036368824613e-01 9.084872884298956786e-01 7.704613781133399231e-01
7.447125036368824613e-01 9.084872884298956786e-01 7.704613781133399231e-01
7.518066790673648692e-01 9.115304481797349423e-01 7.755583944841518695e-01
7.518066790673648692e-01 9.115304481797349423e-01 7.755583944841518695e-01
7.588990874212147020e-01 9.145863344749350921e-01 7.806067830503163885e-01
7.588990874212147020e-01 9.145863344749350921e-01 7.806067830503163885e-01
7.659889930911221168e-01 9.176554710786286595e-01 7.856069051086020938e-01
7.659889930911221168e-01 9.176554710786286595e-01 7.856069051086020938e-01
7.730755181337035653e-01 9.207384364728886661e-01 7.905590687365063873e-01
7.730755181337035653e-01 9.207384364728886661e-01 7.905590687365063873e-01
7.801525917389153797e-01 9.238375921375473476e-01 7.954620298160038905e-01
7.801525917389153797e-01 9.238375921375473476e-01 7.954620298160038905e-01
7.872247514389116851e-01 9.269516841346850944e-01 8.003179129919374413e-01
7.872247514389116851e-01 9.269516841346850944e-01 8.003179129919374413e-01
7.942916323342175122e-01 9.300811316589017164e-01 8.051271678567968326e-01
7.942916323342175122e-01 9.300811316589017164e-01 8.051271678567968326e-01
8.013529896929240115e-01 9.332263164750045359e-01 8.098902458743464372e-01
8.013529896929240115e-01 9.332263164750045359e-01 8.098902458743464372e-01
8.084087037956215749e-01 9.363875807058791301e-01 8.146075919444825120e-01
8.084087037956215749e-01 9.363875807058791301e-01 8.146075919444825120e-01
8.154552942988694264e-01 9.395664312650882088e-01 8.192789062128693622e-01
8.154552942988694264e-01 9.395664312650882088e-01 8.192789062128693622e-01
8.224902209668686348e-01 9.427640604110033573e-01 8.239042744735884938e-01
8.224902209668686348e-01 9.427640604110033573e-01 8.239042744735884938e-01
8.295188284204495499e-01 9.459789330983799926e-01 8.284852806350391230e-01
8.295188284204495499e-01 9.459789330983799926e-01 8.284852806350391230e-01
8.365414915289246522e-01 9.492112306409983269e-01 8.330223059750151426e-01
8.365414915289246522e-01 9.492112306409983269e-01 8.330223059750151426e-01
8.435587338554008108e-01 9.524610842059313409e-01 8.375156799445213629e-01
8.435587338554008108e-01 9.524610842059313409e-01 8.375156799445213629e-01
8.505616925315947485e-01 9.557318939636691990e-01 8.419645712335932508e-01
8.505616925315947485e-01 9.557318939636691990e-01 8.419645712335932508e-01
8.575567187530724889e-01 9.590217724602259075e-01 8.463702531918961824e-01
8.575567187530724889e-01 9.590217724602259075e-01 8.463702531918961824e-01
8.645474890876895246e-01 9.623297565240817031e-01 8.507332780844897302e-01
8.645474890876895246e-01 9.623297565240817031e-01 8.507332780844897302e-01
8.715351201558664274e-01 9.656557731633684805e-01 8.550537400523460230e-01
8.715351201558664274e-01 9.656557731633684805e-01 8.550537400523460230e-01
8.785086203941596672e-01 9.690039769556344496e-01 8.593311864209608464e-01
8.785086203941596672e-01 9.690039769556344496e-01 8.593311864209608464e-01
8.854770029702858647e-01 9.723715407330829619e-01 8.635663640135617936e-01
8.854770029702858647e-01 9.723715407330829619e-01 8.635663640135617936e-01
8.924451339393842941e-01 9.757570792995688969e-01 8.677593122341193954e-01
8.924451339393842941e-01 9.757570792995688969e-01 8.677593122341193954e-01
8.994105425077192351e-01 9.791617676169499518e-01 8.719098692661643168e-01
8.994105425077192351e-01 9.791617676169499518e-01 8.719098692661643168e-01
9.063642437073934355e-01 9.825890526885904253e-01 8.760184191715418844e-01
9.063642437073934355e-01 9.825890526885904253e-01 8.760184191715418844e-01
9.133220036613974857e-01 9.860337299877458550e-01 8.800844591321833610e-01
9.133220036613974857e-01 9.860337299877458550e-01 8.800844591321833610e-01
9.202861621973501549e-01 9.894952809264594418e-01 8.841074097246330865e-01
9.202861621973501549e-01 9.894952809264594418e-01 8.841074097246330865e-01
9.272370269750217497e-01 9.929808659984924457e-01 8.880890693541247938e-01
9.272370269750217497e-01 9.929808659984924457e-01 8.880890693541247938e-01
9.341976958619755411e-01 9.964827021079537550e-01 8.920272906321626838e-01
9.341976958619755411e-01 9.964827021079537550e-01 8.920272906321626838e-01
9.411712126025479908e-01 1.000000000000000000e+00 8.959211728799717500e-01
9.411712126025479908e-01 1.000000000000000000e+00 8.959211728799717500e-01
