7.835695251413787865e-01 8.387651959979415262e-01 7.225551209134046804e-01
7.835695251413787865e-01 8.387651959979415262e-01 7.225551209134046804e-01
7.746408826159580929e-01 8.322934185928241302e-01 7.100252712004041511e-01
7.746408826159580929e-01 8.322934185928241302e-01 7.100252712004041511e-01
7.658024720978285904e-01 8.258390329610482139e-01 6.976388753703808288e-01
7.658024720978285904e-01 8.258390329610482139e-01 6.976388753703808288e-01
7.570201239599628762e-01 8.194236033900650362e-01 6.852776200378245530e-01
7.570201239599628762e-01 8.194236033900650362e-01 6.852776200378245530e-01
7.482959071485757452e-01 8.130443471160730962e-01 6.729522328494751404e-01
7.482959071485757452e-01 8.130443471160730962e-01 6.729522328494751404e-01
7.396124456328856400e-01 8.067114280650153901e-01 6.606010738202013899e-01
7.396124456328856400e-01 8.067114280650153901e-01 6.606010738202013899e-01
7.309796089500903982e-01 8.004169013758946072e-01 6.482624256731575052e-01
7.309796089500903982e-01 8.004169013758946072e-01 6.482624256731575052e-01
7.223966429555279678e-01 7.941599441727159592e-01 6.359354075909593451e-01
7.223966429555279678e-01 7.941599441727159592e-01 6.359354075909593451e-01
7.138595356492556387e-01 7.879418906394209943e-01 6.236064382392205729e-01
7.138595356492556387e-01 7.879418906394209943e-01 6.236064382392205729e-01
7.053665358793909101e-01 7.817625904882280485e-01 6.112699688998026737e-01
7.053665358793909101e-01 7.817625904882280485e-01 6.112699688998026737e-01
6.969227421366841480e-01 7.756174753619820006e-01 5.989466378612566810e-01
6.969227421366841480e-01 7.756174753619820006e-01 5.989466378612566810e-01
6.885187424099128428e-01 7.695114061636206815e-01 5.866008062910048615e-01
6.885187424099128428e-01 7.695114061636206815e-01 5.866008062910048615e-01
6.802060214323293330e-01 7.634203343851444501e-01 5.743031533053215565e-01
6.802060214323293330e-01 7.634203343851444501e-01 5.743031533053215565e-01
6.719954112726941320e-01 7.573458783476850753e-01 5.619742174750723684e-01
6.719954112726941320e-01 7.573458783476850753e-01 5.619742174750723684e-01
6.638934882133440407e-01 7.512859480755068597e-01 5.496002210985787562e-01
6.638934882133440407e-01 7.512859480755068597e-01 5.496002210985787562e-01
6.559116766925943143e-01 7.452365388602555374e-01 5.371713656662829850e-01
6.559116766925943143e-01 7.452365388602555374e-01 5.371713656662829850e-01
6.480715511802558337e-01 7.391904849565597013e-01 5.246755371603606388e-01
6.480715511802558337e-01 7.391904849565597013e-01 5.246755371603606388e-01
6.404038950079280479e-01 7.331361033866624632e-01 5.121226848211316574e-01
6.404038950079280479e-01 7.331361033866624632e-01 5.121226848211316574e-01
6.329469212546573464e-01 7.270621807219153077e-01 4.994839971982824034e-01
6.329469212546573464e-01 7.270621807219153077e-01 4.994839971982824034e-01
6.257542752381107798e-01 7.209529405914525402e-01 4.867240287463597825e-01
6.257542752381107798e-01 7.209529405914525402e-01 4.867240287463597825e-01
6.189350675416914749e-01 7.147724908661386989e-01 4.738377246735507864e-01
6.189350675416914749e-01 7.147724908661386989e-01 4.738377246735507864e-01
6.126915024218000383e-01 7.084585034892945110e-01 4.607641195971327597e-01
6.126915024218000383e-01 7.084585034892945110e-01 4.607641195971327597e-01
6.075563904611346322e-01 7.018293767535199734e-01 4.476152872902128266e-01
6.075563904611346322e-01 7.018293767535199734e-01 4.476152872902128266e-01
6.048065224489621583e-01 6.943884815166433411e-01 4.355842083872107917e-01
6.048065224489621583e-01 6.943884815166433411e-01 4.355842083872107917e-01
6.038337617699516269e-01 6.861903075388965378e-01 4.267719543636138146e-01
6.038337617699516269e-01 6.861903075388965378e-01 4.267719543636138146e-01
6.028869524796438562e-01 6.779601441313464205e-01 4.187370021101816109e-01
6.028869524796438562e-01 6.779601441313464205e-01 4.187370021101816109e-01
6.018910945899751397e-01 6.697548251774128047e-01 4.109669353086811694e-01
6.018910945899751397e-01 6.697548251774128047e-01 4.109669353086811694e-01
6.008634576417420936e-01 6.615756457058286077e-01 4.033400820323907454e-01
6.008634576417420936e-01 6.615756457058286077e-01 4.033400820323907454e-01
5.997943730981962762e-01 6.534283226850284843e-01 3.958087037369875660e-01
5.997943730981962762e-01 6.534283226850284843e-01 3.958087037369875660e-01
5.986982718807676296e-01 6.453089680553244500e-01 3.883438799119314777e-01
5.986982718807676296e-01 6.453089680553244500e-01 3.883438799119314777e-01
5.975467159895496705e-01 6.372275554928888974e-01 3.809377907907053329e-01
5.975467159895496705e-01 6.372275554928888974e-01 3.809377907907053329e-01
5.963465869241825201e-01 6.291818028456520606e-01 3.735807989241267668e-01
5.963465869241825201e-01 6.291818028456520606e-01 3.735807989241267668e-01
5.951323073753675974e-01 6.211595640023898079e-01 3.662552192872681189e-01
5.951323073753675974e-01 6.211595640023898079e-01 3.662552192872681189e-01
5.938938976034981998e-01 6.131636173218038000e-01 3.589606618447502839e-01
5.938938976034981998e-01 6.131636173218038000e-01 3.589606618447502839e-01
5.926152568151522582e-01 6.051991293162855001e-01 3.516990302467154494e-01
5.926152568151522582e-01 6.051991293162855001e-01 3.516990302467154494e-01
5.913246272041660090e-01 5.972552802422079754e-01 3.444585840276478406e-01
5.913246272041660090e-01 5.972552802422079754e-01 3.444585840276478406e-01
5.900123297578252490e-01 5.893346941025668917e-01 3.372408132790015167e-01
5.900123297578252490e-01 5.893346941025668917e-01 3.372408132790015167e-01
5.886706311613698617e-01 5.814394052644653588e-01 3.300474163438437136e-01
5.886706311613698617e-01 5.814394052644653588e-01 3.300474163438437136e-01
5.872847097725590881e-01 5.735742766844582619e-01 3.228833429753624751e-01
5.872847097725590881e-01 5.735742766844582619e-01 3.228833429753624751e-01
5.858637348982284054e-01 5.657352137314047846e-01 3.157446952962044140e-01
5.858637348982284054e-01 5.657352137314047846e-01 3.157446952962044140e-01
5.844063960860698126e-01 5.579220026065415672e-01 3.086317399018501662e-01
5.844063960860698126e-01 5.579220026065415672e-01 3.086317399018501662e-01
5.829594314901005436e-01 5.501151011036757854e-01 3.015296238245698257e-01
5.829594314901005436e-01 5.501151011036757854e-01 3.015296238245698257e-01
5.814772174403811666e-01 5.423315548577889444e-01 2.944525841175945069e-01
5.814772174403811666e-01 5.423315548577889444e-01 2.944525841175945069e-01
5.799495480283102244e-01 5.345747822067724586e-01 2.874043501689659830e-01
5.799495480283102244e-01 5.345747822067724586e-01 2.874043501689659830e-01
5.783965438269519366e-01 5.268357073799950774e-01 2.803781816070056720e-01
5.783965438269519366e-01 5.268357073799950774e-01 2.803781816070056720e-01
5.768326268378833888e-01 5.191071190874507746e-01 2.733696342834495696e-01
5.768326268378833888e-01 5.191071190874507746e-01 2.733696342834495696e-01
5.752118607578577958e-01 5.114076275010833728e-01 2.663941858239705085e-01
5.752118607578577958e-01 5.114076275010833728e-01 2.663941858239705085e-01
5.735593695244611823e-01 5.037257548432495513e-01 2.594427339945137856e-01
5.735593695244611823e-01 5.037257548432495513e-01 2.594427339945137856e-01
5.719018923487290129e-01 4.960485999606861762e-01 2.525050370305179093e-01
5.719018923487290129e-01 4.960485999606861762e-01 2.525050370305179093e-01
5.701845802254901230e-01 4.883995432131609249e-01 2.456005026948697156e-01
5.701845802254901230e-01 4.883995432131609249e-01 2.456005026948697156e-01
5.684585338093727236e-01 4.807546015598327949e-01 2.387096120497922414e-01
5.684585338093727236e-01 4.807546015598327949e-01 2.387096120497922414e-01
5.666946383846318547e-01 4.731258838551905543e-01 2.318425169703261512e-01
5.666946383846318547e-01 4.731258838551905543e-01 2.318425169703261512e-01
5.648580450072676618e-01 4.655290397936561742e-01 2.250128158175352389e-01
5.648580450072676618e-01 4.655290397936561742e-01 2.250128158175352389e-01
5.630433766893282455e-01 4.579181881764692319e-01 2.181802469968067704e-01
5.630433766893282455e-01 4.579181881764692319e-01 2.181802469968067704e-01
5.611926669083109331e-01 4.503190147015090905e-01 2.113748838549940334e-01
5.611926669083109331e-01 4.503190147015090905e-01 2.113748838549940334e-01
5.592292906836500155e-01 4.427661678942804713e-01 2.046801488006187997e-01
5.592292906836500155e-01 4.427661678942804713e-01 2.046801488006187997e-01
5.572522358309942581e-01 4.352115126197591555e-01 1.980267816169266337e-01
5.572522358309942581e-01 4.352115126197591555e-01 1.980267816169266337e-01
5.552564849957091209e-01 4.276557816982350380e-01 1.914190766269490696e-01
5.552564849957091209e-01 4.276557816982350380e-01 1.914190766269490696e-01
5.531574535842219698e-01 4.201401485866271268e-01 1.849298486713253364e-01
5.531574535842219698e-01 4.201401485866271268e-01 1.849298486713253364e-01
5.510403149022797820e-01 4.126212707928245682e-01 1.784869156960449121e-01
5.510403149022797820e-01 4.126212707928245682e-01 1.784869156960449121e-01
5.488781919177689872e-01 4.051112262822662013e-01 1.721188638686009520e-01
5.488781919177689872e-01 4.051112262822662013e-01 1.721188638686009520e-01
5.466171964508441672e-01 3.976374443204420128e-01 1.658820262597630879e-01
5.466171964508441672e-01 3.976374443204420128e-01 1.658820262597630879e-01
5.443220222621661941e-01 3.901649612210468243e-01 1.597234119632602867e-01
5.443220222621661941e-01 3.901649612210468243e-01 1.597234119632602867e-01
5.419831994846228129e-01 3.826971836378788017e-01 1.536602134745220505e-01
5.419831994846228129e-01 3.826971836378788017e-01 1.536602134745220505e-01
5.395823924442301189e-01 3.752428015958522711e-01 1.477203670365294930e-01
5.395823924442301189e-01 3.752428015958522711e-01 1.477203670365294930e-01
5.370784073433495509e-01 3.678243151818378909e-01 1.419584427115299918e-01
5.370784073433495509e-01 3.678243151818378909e-01 1.419584427115299918e-01
5.345065991195870891e-01 3.604209867446215299e-01 1.363566236126430298e-01
5.345065991195870891e-01 3.604209867446215299e-01 1.363566236126430298e-01
5.318596933545036709e-01 3.530355846394734876e-01 1.309490586859485828e-01
5.318596933545036709e-01 3.530355846394734876e-01 1.309490586859485828e-01
5.291460749859017154e-01 3.456606130881691441e-01 1.257781377114262356e-01
5.291460749859017154e-01 3.456606130881691441e-01 1.257781377114262356e-01
5.263152191289257598e-01 3.383266905030925531e-01 1.209073878550120940e-01
5.263152191289257598e-01 3.383266905030925531e-01 1.209073878550120940e-01
5.233937969746725871e-01 3.310139500204075103e-01 1.164109667883493904e-01
5.233937969746725871e-01 3.310139500204075103e-01 1.164109667883493904e-01
5.202622361788886707e-01 3.237978520905804847e-01 1.124786599741005449e-01
5.202622361788886707e-01 3.237978520905804847e-01 1.124786599741005449e-01
5.169500818413566012e-01 3.166574102392189505e-01 1.092327669350841718e-01
5.169500818413566012e-01 3.166574102392189505e-01 1.092327669350841718e-01
5.132980248641694221e-01 3.096950299101218218e-01 1.070460129210309974e-01
5.132980248641694221e-01 3.096950299101218218e-01 1.070460129210309974e-01
5.090788804480603780e-01 3.030651189819325575e-01 1.063822165145238141e-01
5.090788804480603780e-01 3.030651189819325575e-01 1.063822165145238141e-01
5.038385677822848630e-01 2.970941130475152070e-01 1.077259005968701222e-01
5.038385677822848630e-01 2.970941130475152070e-01 1.077259005968701222e-01
4.971383331923252547e-01 2.921419236586704216e-01 1.106375296220928617e-01
4.971383331923252547e-01 2.921419236586704216e-01 1.106375296220928617e-01
4.893474692214285215e-01 2.880055391172350876e-01 1.137169665841698957e-01
4.893474692214285215e-01 2.880055391172350876e-01 1.137169665841698957e-01
4.810022309444088040e-01 2.843149444858102948e-01 1.163320151411851300e-01
4.810022309444088040e-01 2.843149444858102948e-01 1.163320151411851300e-01
4.723696211955115687e-01 2.808705990661616303e-01 1.184532444763309461e-01
4.723696211955115687e-01 2.808705990661616303e-01 1.184532444763309461e-01
4.636351829503335131e-01 2.775327823650436954e-01 1.201040563266705108e-01
4.636351829503335131e-01 2.775327823650436954e-01 1.201040563266705108e-01
4.547912485457740184e-01 2.742915149569596367e-01 1.215358455100962465e-01
4.547912485457740184e-01 2.742915149569596367e-01 1.215358455100962465e-01
4.460241482540280300e-01 2.710074677567059775e-01 1.228264706603009598e-01
4.460241482540280300e-01 2.710074677567059775e-01 1.228264706603009598e-01
4.373168341705435114e-01 2.676910609117558182e-01 1.240120752323999875e-01
4.373168341705435114e-01 2.676910609117558182e-01 1.240120752323999875e-01
4.286636786602777138e-01 2.643455425244199408e-01 1.251044959386395095e-01
4.286636786602777138e-01 2.643455425244199408e-01 1.251044959386395095e-01
4.200648219566953112e-01 2.609705207144953354e-01 1.261063551452982490e-01
4.200648219566953112e-01 2.609705207144953354e-01 1.261063551452982490e-01
4.115185191223338368e-01 2.575669190996327518e-01 1.270194774755234457e-01
4.115185191223338368e-01 2.575669190996327518e-01 1.270194774755234457e-01
4.030252164903050938e-01 2.541343787783847952e-01 1.278413982690738970e-01
4.030252164903050938e-01 2.541343787783847952e-01 1.278413982690738970e-01
3.945850087262514627e-01 2.506726561023045474e-01 1.285718112098152566e-01
3.945850087262514627e-01 2.506726561023045474e-01 1.285718112098152566e-01
3.861948335684390887e-01 2.471832186019620459e-01 1.292163639911023121e-01
3.861948335684390887e-01 2.471832186019620459e-01 1.292163639911023121e-01
3.778557023654163238e-01 2.436652574228390933e-01 1.297727131808093792e-01
3.778557023654163238e-01 2.436652574228390933e-01 1.297727131808093792e-01
3.695649004051306807e-01 2.401199548759328506e-01 1.302455173167492986e-01
3.695649004051306807e-01 2.401199548759328506e-01 1.302455173167492986e-01
3.613229424599490591e-01 2.365467092627477896e-01 1.306334402143322915e-01
3.613229424599490591e-01 2.365467092627477896e-01 1.306334402143322915e-01
3.531268304051016216e-01 2.329466768365370255e-01 1.309424202790508973e-01
3.531268304051016216e-01 2.329466768365370255e-01 1.309424202790508973e-01
3.449764482157428036e-01 2.293196314037630468e-01 1.311702464557927827e-01
3.449764482157428036e-01 2.293196314037630468e-01 1.311702464557927827e-01
3.368732571728907388e-01 2.256644471151213749e-01 1.313133440843731459e-01
3.368732571728907388e-01 2.256644471151213749e-01 1.313133440843731459e-01
3.288128249539266634e-01 2.219829248812573430e-01 1.313788977458233143e-01
3.288128249539266634e-01 2.219829248812573430e-01 1.313788977458233143e-01
3.207980940762779620e-01 2.182731578835505060e-01 1.313604664270270894e-01
3.207980940762779620e-01 2.182731578835505060e-01 1.313604664270270894e-01
3.128251679536028229e-01 2.145365724690430631e-01 1.312639936903511606e-01
3.128251679536028229e-01 2.145365724690430631e-01 1.312639936903511606e-01
3.048939091134969526e-01 2.107727042213077828e-01 1.310884663724425081e-01
3.048939091134969526e-01 2.107727042213077828e-01 1.310884663724425081e-01
2.970050019438489897e-01 2.069806894762533933e-01 1.308313525661557453e-01
2.970050019438489897e-01 2.069806894762533933e-01 1.308313525661557453e-01
2.891549727149130833e-01 2.031615612617343747e-01 1.304974197361566390e-01
2.891549727149130833e-01 2.031615612617343747e-01 1.304974197361566390e-01
2.813445560901667308e-01 1.993143481780177417e-01 1.300838486270048389e-01
2.813445560901667308e-01 1.993143481780177417e-01 1.300838486270048389e-01
2.735733871554136276e-01 1.954385643714622589e-01 1.295897033440252810e-01
2.735733871554136276e-01 1.954385643714622589e-01 1.295897033440252810e-01
2.658387250949138525e-01 1.915347225300094158e-01 1.290180680748948261e-01
2.658387250949138525e-01 1.915347225300094158e-01 1.290180680748948261e-01
2.581403322442150094e-01 1.876021632132666705e-01 1.283675368558051255e-01
2.581403322442150094e-01 1.876021632132666705e-01 1.283675368558051255e-01
2.504791027325626862e-01 1.836397170649084754e-01 1.276346885438297551e-01
2.504791027325626862e-01 1.836397170649084754e-01 1.276346885438297551e-01
2.428520687307161308e-01 1.796478040656238617e-01 1.268225997038459063e-01
2.428520687307161308e-01 1.796478040656238617e-01 1.268225997038459063e-01
2.352582835008673878e-01 1.756259057121855593e-01 1.259307254488454542e-01
2.352582835008673878e-01 1.756259057121855593e-01 1.259307254488454542e-01
2.276975043583861213e-01 1.715731584732908543e-01 1.249572062911007975e-01
2.276975043583861213e-01 1.715731584732908543e-01 1.249572062911007975e-01
2.201701294900805517e-01 1.674884003143820022e-01 1.238990052323483276e-01
2.201701294900805517e-01 1.674884003143820022e-01 1.238990052323483276e-01
2.126476986713222994e-01 1.633815175708047962e-01 1.228005984827840319e-01
2.126476986713222994e-01 1.633815175708047962e-01 1.228005984827840319e-01
2.051664769566339808e-01 1.592380829970112543e-01 1.215880089856611473e-01
2.051664769566339808e-01 1.592380829970112543e-01 1.215880089856611473e-01
1.977029170694923899e-01 1.550658524246090464e-01 1.202976651403305924e-01
1.977029170694923899e-01 1.550658524246090464e-01 1.202976651403305924e-01
1.902637172739798099e-01 1.508609732955077387e-01 1.189163522796876926e-01
1.902637172739798099e-01 1.508609732955077387e-01 1.189163522796876926e-01
1.828566437158008484e-01 1.466196492306041654e-01 1.174300952880569515e-01
1.828566437158008484e-01 1.466196492306041654e-01 1.174300952880569515e-01
1.754650613985149210e-01 1.423476116475458353e-01 1.158648236456517044e-01
1.754650613985149210e-01 1.423476116475458353e-01 1.158648236456517044e-01
1.681079888835720348e-01 1.380398745206841693e-01 1.141942190477248237e-01
1.681079888835720348e-01 1.380398745206841693e-01 1.141942190477248237e-01
1.607744213961623259e-01 1.337064891285591195e-01 1.124472148010558087e-01
1.607744213961623259e-01 1.337064891285591195e-01 1.124472148010558087e-01
1.534840221127252158e-01 1.293560490692947929e-01 1.106226981550457455e-01
1.534840221127252158e-01 1.293560490692947929e-01 1.106226981550457455e-01
1.462689852351673203e-01 1.250098996812476770e-01 1.087327433251114722e-01
1.462689852351673203e-01 1.250098996812476770e-01 1.087327433251114722e-01
1.391739378162497043e-01 1.207127942270181664e-01 1.068227700554071208e-01
1.391739378162497043e-01 1.207127942270181664e-01 1.068227700554071208e-01
1.322684264564810974e-01 1.165412340965973209e-01 1.049761660147304071e-01
1.322684264564810974e-01 1.165412340965973209e-01 1.049761660147304071e-01
1.256771933719560419e-01 1.126051287435367726e-01 1.032910461753691195e-01
1.256771933719560419e-01 1.126051287435367726e-01 1.032910461753691195e-01
1.195719961328032960e-01 1.090545958964226070e-01 1.019004318817793436e-01
1.195719961328032960e-01 1.090545958964226070e-01 1.019004318817793436e-01
1.141396391890283357e-01 1.060798576395598353e-01 1.009996152869514774e-01
1.141396391890283357e-01 1.060798576395598353e-01 1.009996152869514774e-01
1.096034450021496909e-01 1.038786262014812223e-01 1.007666288057190024e-01
1.096034450021496909e-01 1.038786262014812223e-01 1.007666288057190024e-01
1.061910922784539968e-01 1.026251605921103122e-01 1.013327807639766848e-01
1.061910922784539968e-01 1.026251605921103122e-01 1.013327807639766848e-01
1.050534526346554864e-01 1.022702013734050619e-01 1.006539278955857347e-01
1.050534526346554864e-01 1.022702013734050619e-01 1.006539278955857347e-01
1.061100576885124075e-01 1.029227852940187149e-01 9.874810244912018975e-02
1.061100576885124075e-01 1.029227852940187149e-01 9.874810244912018975e-02
1.083509132553865384e-01 1.046951289469556928e-01 9.775152344270485183e-02
1.083509132553865384e-01 1.046951289469556928e-01 9.775152344270485183e-02
1.116322077440677213e-01 1.074548743304793025e-01 9.759800048647407356e-02
1.116322077440677213e-01 1.074548743304793025e-01 9.759800048647407356e-02
1.157647512665679473e-01 1.110174007010027164e-01 9.811363199105711808e-02
1.157647512665679473e-01 1.110174007010027164e-01 9.811363199105711808e-02
1.205376159180022860e-01 1.151799298045279724e-01 9.912288992388494646e-02
1.205376159180022860e-01 1.151799298045279724e-01 9.912288992388494646e-02
1.257623783440912912e-01 1.197542453356163494e-01 1.004190947219370800e-01
1.257623783440912912e-01 1.197542453356163494e-01 1.004190947219370800e-01
1.312783817719530288e-01 1.245856937569302381e-01 1.018661200708567971e-01
1.312783817719530288e-01 1.245856937569302381e-01 1.018661200708567971e-01
1.369676137677942329e-01 1.295611755467732384e-01 1.033662788575691882e-01
1.369676137677942329e-01 1.295611755467732384e-01 1.033662788575691882e-01
1.427561221536609581e-01 1.346062634239015565e-01 1.048348251375971624e-01
1.427561221536609581e-01 1.346062634239015565e-01 1.048348251375971624e-01
1.485983150566726196e-01 1.396764710742349203e-01 1.062287029172829939e-01
1.485983150566726196e-01 1.396764710742349203e-01 1.062287029172829939e-01
1.544679399699593059e-01 1.447478731165315613e-01 1.075333496715332043e-01
1.544679399699593059e-01 1.447478731165315613e-01 1.075333496715332043e-01
1.603509037406255222e-01 1.498091137845035947e-01 1.087493035977210309e-01
1.603509037406255222e-01 1.498091137845035947e-01 1.087493035977210309e-01
1.662480531620978141e-01 1.548555642492559226e-01 1.098429023892572992e-01
1.662480531620978141e-01 1.548555642492559226e-01 1.098429023892572992e-01
1.721537303287633547e-01 1.598860145304321079e-01 1.108343061290235076e-01
1.721537303287633547e-01 1.598860145304321079e-01 1.108343061290235076e-01
1.780257150194252125e-01 1.649167332462488644e-01 1.117495230243886473e-01
1.780257150194252125e-01 1.649167332462488644e-01 1.117495230243886473e-01
1.837116992383898140e-01 1.700087738374558843e-01 1.126596731641343468e-01
1.837116992383898140e-01 1.700087738374558843e-01 1.126596731641343468e-01
1.891674127129949479e-01 1.751834348334069258e-01 1.135612167662072569e-01
1.891674127129949479e-01 1.751834348334069258e-01 1.135612167662072569e-01
1.943086091712241115e-01 1.804734316073897116e-01 1.145214187139168699e-01
1.943086091712241115e-01 1.804734316073897116e-01 1.145214187139168699e-01
1.989857619592750870e-01 1.859307961605641824e-01 1.157129795053883220e-01
1.989857619592750870e-01 1.859307961605641824e-01 1.157129795053883220e-01
2.031050473333321504e-01 1.915833841657838821e-01 1.172882627831606239e-01
2.031050473333321504e-01 1.915833841657838821e-01 1.172882627831606239e-01
2.065669832804921113e-01 1.974490667217649875e-01 1.195331183593986157e-01
2.065669832804921113e-01 1.974490667217649875e-01 1.195331183593986157e-01
2.093528281242670597e-01 2.035085200948837103e-01 1.227342627257046598e-01
2.093528281242670597e-01 2.035085200948837103e-01 1.227342627257046598e-01
2.116637301312413455e-01 2.096741827285940885e-01 1.268469584171916797e-01
2.116637301312413455e-01 2.096741827285940885e-01 1.268469584171916797e-01
2.136906701601448411e-01 2.158757189411173727e-01 1.316933855578248380e-01
2.136906701601448411e-01 2.158757189411173727e-01 1.316933855578248380e-01
2.155049068478180063e-01 2.220886808584925654e-01 1.371709058231080081e-01
2.155049068478180063e-01 2.220886808584925654e-01 1.371709058231080081e-01
2.172319127859502208e-01 2.282786248369928772e-01 1.430600128503078938e-01
2.172319127859502208e-01 2.282786248369928772e-01 1.430600128503078938e-01
2.189083243217306018e-01 2.344401499494044028e-01 1.492501867434358198e-01
2.189083243217306018e-01 2.344401499494044028e-01 1.492501867434358198e-01
2.205456433551532536e-01 2.405748355833474406e-01 1.556764895690655182e-01
2.205456433551532536e-01 2.405748355833474406e-01 1.556764895690655182e-01
2.221578235730135853e-01 2.466830006100171890e-01 1.622847829920215645e-01
2.221578235730135853e-01 2.466830006100171890e-01 1.622847829920215645e-01
2.237696248508450059e-01 2.527615655603828726e-01 1.690225737924677396e-01
2.237696248508450059e-01 2.527615655603828726e-01 1.690225737924677396e-01
2.253720359855476696e-01 2.588174746509511182e-01 1.758642526303686726e-01
2.253720359855476696e-01 2.588174746509511182e-01 1.758642526303686726e-01
2.269726740524428132e-01 2.648522016777900001e-01 1.827801739407362569e-01
2.269726740524428132e-01 2.648522016777900001e-01 1.827801739407362569e-01
2.285780063694077269e-01 2.708673944129615929e-01 1.897453228761972754e-01
2.285780063694077269e-01 2.708673944129615929e-01 1.897453228761972754e-01
2.301855256702806385e-01 2.768663470712526831e-01 1.967520466343693764e-01
2.301855256702806385e-01 2.768663470712526831e-01 1.967520466343693764e-01
2.317613030108364724e-01 2.828590256781850498e-01 2.038319433653011103e-01
2.317613030108364724e-01 2.828590256781850498e-01 2.038319433653011103e-01
2.333482955297272732e-01 2.888387722789092504e-01 2.109137004171657837e-01
2.333482955297272732e-01 2.888387722789092504e-01 2.109137004171657837e-01
2.349433536071063866e-01 2.948090452779228987e-01 2.179883448419584202e-01
2.349433536071063866e-01 2.948090452779228987e-01 2.179883448419584202e-01
2.364905983131737333e-01 3.007829632288112620e-01 2.251220478650291790e-01
2.364905983131737333e-01 3.007829632288112620e-01 2.251220478650291790e-01
2.380277096916544044e-01 3.067550791430845303e-01 2.322526299578303310e-01
2.380277096916544044e-01 3.067550791430845303e-01 2.322526299578303310e-01
2.395570461274987850e-01 3.127271878683502426e-01 2.393651584177792224e-01
2.395570461274987850e-01 3.127271878683502426e-01 2.393651584177792224e-01
2.410251734208163077e-01 3.187097642452683122e-01 2.465340333233199677e-01
2.410251734208163077e-01 3.187097642452683122e-01 2.465340333233199677e-01
2.424934391549629642e-01 3.246935910077003995e-01 2.536663312322494646e-01
2.424934391549629642e-01 3.246935910077003995e-01 2.536663312322494646e-01
2.438963353876671125e-01 3.306923617483499278e-01 2.608313150261025726e-01
2.438963353876671125e-01 3.306923617483499278e-01 2.608313150261025726e-01
2.452443038781965956e-01 3.367053801124649803e-01 2.680071860524753102e-01
2.452443038781965956e-01 3.367053801124649803e-01 2.680071860524753102e-01
2.465461444949815784e-01 3.427316797354319489e-01 2.751833285144071883e-01
2.465461444949815784e-01 3.427316797354319489e-01 2.751833285144071883e-01
2.477849504861840135e-01 3.487743052399037147e-01 2.823838155572123143e-01
2.477849504861840135e-01 3.487743052399037147e-01 2.823838155572123143e-01
2.489098973830480843e-01 3.548464257130594102e-01 2.896119580643396474e-01
2.489098973830480843e-01 3.548464257130594102e-01 2.896119580643396474e-01
2.500826258136135682e-01 3.609092192329514392e-01 2.968382890477408997e-01
2.500826258136135682e-01 3.609092192329514392e-01 2.968382890477408997e-01
2.510942624819184621e-01 3.670115584640742945e-01 3.041219982774534536e-01
2.510942624819184621e-01 3.670115584640742945e-01 3.041219982774534536e-01
2.521329138465028263e-01 3.731082619075408169e-01 3.114398264914646774e-01
2.521329138465028263e-01 3.731082619075408169e-01 3.114398264914646774e-01
2.530391290630132350e-01 3.792381818545478844e-01 3.188046286917683436e-01
2.530391290630132350e-01 3.792381818545478844e-01 3.188046286917683436e-01
2.539442613132480986e-01 3.853694199923038965e-01 3.262170529517269824e-01
2.539442613132480986e-01 3.853694199923038965e-01 3.262170529517269824e-01
2.547258793318570302e-01 3.915295933022552854e-01 3.337011426132701075e-01
2.547258793318570302e-01 3.915295933022552854e-01 3.337011426132701075e-01
2.554424167854601468e-01 3.977056512712545122e-01 3.412465057565866045e-01
2.554424167854601468e-01 3.977056512712545122e-01 3.412465057565866045e-01
2.561400322285084519e-01 4.038871623071566552e-01 3.488548865755439765e-01
2.561400322285084519e-01 4.038871623071566552e-01 3.488548865755439765e-01
2.567172430548368411e-01 4.100966009363994913e-01 3.565369554680665187e-01
2.567172430548368411e-01 4.100966009363994913e-01 3.565369554680665187e-01
2.573140187566414494e-01 4.163027170281611289e-01 3.642930431193986962e-01
2.573140187566414494e-01 4.163027170281611289e-01 3.642930431193986962e-01
2.578310632015908821e-01 4.225269488577250154e-01 3.721361436657040223e-01
2.578310632015908821e-01 4.225269488577250154e-01 3.721361436657040223e-01
2.582410419472577767e-01 4.287743113701603104e-01 3.800753975248971073e-01
2.582410419472577767e-01 4.287743113701603104e-01 3.800753975248971073e-01
2.587261119994968550e-01 4.350074004642393022e-01 3.880987319299076810e-01
2.587261119994968550e-01 4.350074004642393022e-01 3.880987319299076810e-01
2.591551939996094567e-01 4.412534697480987589e-01 3.962214136367005479e-01
2.591551939996094567e-01 4.412534697480987589e-01 3.962214136367005479e-01
2.595386103699672820e-01 4.475102993554911368e-01 4.044472087222028001e-01
2.595386103699672820e-01 4.475102993554911368e-01 4.044472087222028001e-01
2.599825518122533818e-01 4.537569552921075777e-01 4.127760898439828963e-01
2.599825518122533818e-01 4.537569552921075777e-01 4.127760898439828963e-01
2.604931377292771244e-01 4.599931482721454357e-01 4.212120068040268173e-01
2.604931377292771244e-01 4.599931482721454357e-01 4.212120068040268173e-01
2.610364638939379200e-01 4.662260126104264546e-01 4.297627368149992688e-01
2.610364638939379200e-01 4.662260126104264546e-01 4.297627368149992688e-01
2.616512854775855934e-01 4.724489156192255290e-01 4.384295600094803014e-01
2.616512854775855934e-01 4.724489156192255290e-01 4.384295600094803014e-01
2.623874087491806506e-01 4.786534908054577708e-01 4.472137884658131668e-01
2.623874087491806506e-01 4.786534908054577708e-01 4.472137884658131668e-01
2.633858353995960355e-01 4.848157002309312902e-01 4.561064434343976015e-01
2.633858353995960355e-01 4.848157002309312902e-01 4.561064434343976015e-01
2.645863596138789409e-01 4.909479293369397035e-01 4.651180990468972154e-01
2.645863596138789409e-01 4.909479293369397035e-01 4.651180990468972154e-01
2.660458438225131172e-01 4.970416153909804624e-01 4.742465416065416717e-01
2.660458438225131172e-01 4.970416153909804624e-01 4.742465416065416717e-01
2.678342821911939842e-01 5.030869810567031308e-01 4.834791178284877367e-01
2.678342821911939842e-01 5.030869810567031308e-01 4.834791178284877367e-01
2.700162326133286328e-01 5.090751613930855068e-01 4.928049317028888598e-01
2.700162326133286328e-01 5.090751613930855068e-01 4.928049317028888598e-01
2.726534201022703385e-01 5.149978392589655840e-01 5.022113799548049151e-01
2.726534201022703385e-01 5.149978392589655840e-01 5.022113799548049151e-01
2.757982892662864671e-01 5.208475770322099629e-01 5.116904039778461533e-01
2.757982892662864671e-01 5.208475770322099629e-01 5.116904039778461533e-01
2.795069215651416750e-01 5.266175011627851621e-01 5.212160647361414600e-01
2.795069215651416750e-01 5.266175011627851621e-01 5.212160647361414600e-01
2.838170529559340682e-01 5.323029845705147256e-01 5.307660488017609257e-01
2.838170529559340682e-01 5.323029845705147256e-01 5.307660488017609257e-01
2.887497833678382420e-01 5.379014422260421924e-01 5.403194271895161993e-01
2.887497833678382420e-01 5.379014422260421924e-01 5.403194271895161993e-01
2.943097564404301703e-01 5.434127836691078350e-01 5.498519086921582755e-01
2.943097564404301703e-01 5.434127836691078350e-01 5.498519086921582755e-01
3.004831170077440494e-01 5.488392088738791585e-01 5.593427849294538845e-01
3.004831170077440494e-01 5.488392088738791585e-01 5.593427849294538845e-01
3.072399801737585867e-01 5.541851358573297581e-01 5.687734494484670833e-01
3.072399801737585867e-01 5.541851358573297581e-01 5.687734494484670833e-01
3.145337746577844262e-01 5.594582165167335530e-01 5.781220118702296018e-01
3.145337746577844262e-01 5.594582165167335530e-01 5.781220118702296018e-01
3.223130990526812401e-01 5.646652680714299155e-01 5.873838940314963786e-01
3.223130990526812401e-01 5.646652680714299155e-01 5.873838940314963786e-01
3.305381809571286689e-01 5.698115300482284873e-01 5.965497969953194035e-01
3.305381809571286689e-01 5.698115300482284873e-01 5.965497969953194035e-01
3.391791466705903479e-01 5.749003428509941171e-01 6.056115549177434332e-01
3.391791466705903479e-01 5.749003428509941171e-01 6.056115549177434332e-01
3.481307584484071849e-01 5.799506196449026874e-01 6.145639693245323887e-01
3.481307584484071849e-01 5.799506196449026874e-01 6.145639693245323887e-01
3.573428707017638484e-01 5.849693077743557401e-01 6.234188191724032713e-01
3.573428707017638484e-01 5.849693077743557401e-01 6.234188191724032713e-01
3.667692527257292445e-01 5.899635538433045667e-01 6.321850403162665444e-01
3.667692527257292445e-01 5.899635538433045667e-01 6.321850403162665444e-01
3.762590220964209253e-01 5.949589875476487544e-01 6.409212451473056404e-01
3.762590220964209253e-01 5.949589875476487544e-01 6.409212451473056404e-01
3.856227378902407077e-01 5.999909660744129347e-01 6.497000193154858216e-01
3.856227378902407077e-01 5.999909660744129347e-01 6.497000193154858216e-01
3.948742977909857621e-01 6.050586105329468500e-01 6.585264886299817544e-01
3.948742977909857621e-01 6.050586105329468500e-01 6.585264886299817544e-01
4.040215706643914828e-01 6.101625736078903905e-01 6.674019191447507771e-01
4.040215706643914828e-01 6.101625736078903905e-01 6.674019191447507771e-01
4.130809568583267422e-01 6.153001656805530128e-01 6.763374408162987628e-01
4.130809568583267422e-01 6.153001656805530128e-01 6.763374408162987628e-01
4.220606892444792591e-01 6.204711786285754815e-01 6.853368009875295819e-01
4.220606892444792591e-01 6.204711786285754815e-01 6.853368009875295819e-01
4.309644070339693211e-01 6.256768396648578756e-01 6.943995453467199930e-01
4.309644070339693211e-01 6.256768396648578756e-01 6.943995453467199930e-01
4.397988998144674588e-01 6.309171516391740564e-01 7.035282480212080580e-01
4.397988998144674588e-01 6.309171516391740564e-01 7.035282480212080580e-01
4.485707574279578225e-01 6.361920337267259473e-01 7.127254599223666887e-01
4.485707574279578225e-01 6.361920337267259473e-01 7.127254599223666887e-01
4.572936566298435035e-01 6.414984831791359365e-01 7.220021111403112091e-01
4.572936566298435035e-01 6.414984831791359365e-01 7.220021111403112091e-01
4.659669005160548272e-01 6.468388513113625393e-01 7.313533163563020745e-01
4.659669005160548272e-01 6.468388513113625393e-01 7.313533163563020745e-01
4.745955668766502211e-01 6.522132659369566099e-01 7.407802006690895613e-01
4.745955668766502211e-01 6.522132659369566099e-01 7.407802006690895613e-01
4.831926371337700310e-01 6.576184532710370734e-01 7.502941155917868254e-01
4.831926371337700310e-01 6.576184532710370734e-01 7.502941155917868254e-01
4.917590432289234981e-01 6.630559637448228960e-01 7.598914662767735084e-01
4.917590432289234981e-01 6.630559637448228960e-01 7.598914662767735084e-01
5.003005263017509252e-01 6.685253330119705906e-01 7.695744592387226968e-01
5.003005263017509252e-01 6.685253330119705906e-01 7.695744592387226968e-01
5.088280692097145730e-01 6.740236435071826904e-01 7.793530145083630289e-01
5.088280692097145730e-01 6.740236435071826904e-01 7.793530145083630289e-01
5.173406196859496875e-01 6.795532667690357131e-01 7.892197507870560846e-01
5.173406196859496875e-01 6.795532667690357131e-01 7.892197507870560846e-01
5.258521552528946374e-01 6.851096648831195290e-01 7.991895824481097810e-01
5.258521552528946374e-01 6.851096648831195290e-01 7.991895824481097810e-01
5.343614707567081457e-01 6.906953998832250363e-01 8.092530683872587449e-01
5.343614707567081457e-01 6.906953998832250363e-01 8.092530683872587449e-01
5.428714896767047327e-01 6.963115771364923878e-01 8.194033409661629630e-01
5.428714896767047327e-01 6.963115771364923878e-01 8.194033409661629630e-01
5.513985665878989861e-01 7.019516815726623005e-01 8.296636346002744800e-01
5.513985665878989861e-01 7.019516815726623005e-01 8.296636346002744800e-01
5.599449475210427352e-01 7.076164431138690647e-01 8.400302429834519691e-01
5.599449475210427352e-01 7.076164431138690647e-01 8.400302429834519691e-01
5.685104826697725544e-01 7.133091098104789030e-01 8.504849570205558207e-01
5.685104826697725544e-01 7.133091098104789030e-01 8.504849570205558207e-01
5.771095281277085487e-01 7.190238730513277554e-01 8.610477787585724130e-01
5.771095281277085487e-01 7.190238730513277554e-01 8.610477787585724130e-01
5.857470290874895458e-01 7.247610307710449229e-01 8.717112445002680454e-01
5.857470290874895458e-01 7.247610307710449229e-01 8.717112445002680454e-01
5.944328008752838288e-01 7.305179140944840777e-01 8.824795179570434911e-01
5.944328008752838288e-01 7.305179140944840777e-01 8.824795179570434911e-01
6.031700291838579808e-01 7.362968806667066213e-01 8.933325176078642516e-01
6.031700291838579808e-01 7.362968806667066213e-01 8.933325176078642516e-01
6.119736675447150498e-01 7.420928837079857621e-01 9.042799176917297732e-01
6.119736675447150498e-01 7.420928837079857621e-01 9.042799176917297732e-01
6.210462998961473469e-01 7.478678378460692500e-01 9.151349490414836252e-01
6.210462998961473469e-01 7.478678378460692500e-01 9.151349490414836252e-01
6.306477353339999814e-01 7.535772488700430705e-01 9.256084593042043229e-01
6.306477353339999814e-01 7.535772488700430705e-01 9.256084593042043229e-01
6.407886749845339569e-01 7.592280520252862042e-01 9.356010662718851068e-01
6.407886749845339569e-01 7.592280520252862042e-01 9.356010662718851068e-01
6.514480036288615716e-01 7.648354884832994083e-01 9.450243903296222658e-01
6.514480036288615716e-01 7.648354884832994083e-01 9.450243903296222658e-01
6.625675422435519657e-01 7.704233383226736231e-01 9.538162400534676566e-01
6.625675422435519657e-01 7.704233383226736231e-01 9.538162400534676566e-01
6.740620990066763518e-01 7.760193924086115080e-01 9.619555307210770900e-01
6.740620990066763518e-01 7.760193924086115080e-01 9.619555307210770900e-01
6.858359132452442886e-01 7.816503349617969221e-01 9.694643197194366957e-01
6.858359132452442886e-01 7.816503349617969221e-01 9.694643197194366957e-01
6.977959722747718585e-01 7.873387275235189664e-01 9.763990939242953582e-01
6.977959722747718585e-01 7.873387275235189664e-01 9.763990939242953582e-01
7.098586557578958622e-01 7.931023592032362401e-01 9.828388082365258072e-01
7.098586557578958622e-01 7.931023592032362401e-01 9.828388082365258072e-01
7.219715431445964393e-01 7.989489140541871093e-01 9.888671670152611171e-01
7.219715431445964393e-01 7.989489140541871093e-01 9.888671670152611171e-01
7.340816068333931854e-01 8.048866666639492573e-01 9.945712946094130702e-01
7.340816068333931854e-01 8.048866666639492573e-01 9.945712946094130702e-01
7.461731786984026060e-01 8.109165571162725294e-01 1.000000000000000000e+00
7.461731786984026060e-01 8.109165571162725294e-01 1.000000000000000000e+00
