1.158640186154882568e-01 1.035457069392716201e-01 1.018568389098180871e-01
1.158640186154882568e-01 1.035457069392716201e-01 1.018568389098180871e-01
1.182144511896797145e-01 1.064449588445883776e-01 1.034658490305767897e-01
1.182144511896797145e-01 1.064449588445883776e-01 1.034658490305767897e-01
1.205103957782798635e-01 1.093580411808209030e-01 1.050383101667762692e-01
1.205103957782798635e-01 1.093580411808209030e-01 1.050383101667762692e-01
1.227399617453066305e-01 1.122878335015279894e-01 1.065974342056766472e-01
1.227399617453066305e-01 1.122878335015279894e-01 1.065974342056766472e-01
1.249005577984624443e-01 1.152336872359886188e-01 1.081612483640021494e-01
1.249005577984624443e-01 1.152336872359886188e-01 1.081612483640021494e-01
1.270050754560023143e-01 1.181883390572298631e-01 1.097486390608354567e-01
1.270050754560023143e-01 1.181883390572298631e-01 1.097486390608354567e-01
1.290678538954706245e-01 1.211457966261997726e-01 1.113614534774281239e-01
1.290678538954706245e-01 1.211457966261997726e-01 1.113614534774281239e-01
1.310982200387477981e-01 1.241034263207326654e-01 1.129900876094189488e-01
1.310982200387477981e-01 1.241034263207326654e-01 1.129900876094189488e-01
1.331064204378465676e-01 1.270577362863669624e-01 1.146306113148049116e-01
1.331064204378465676e-01 1.270577362863669624e-01 1.146306113148049116e-01
1.350965101203812357e-01 1.300081335725235543e-01 1.162762056057507903e-01
1.350965101203812357e-01 1.300081335725235543e-01 1.162762056057507903e-01
1.370677769882777397e-01 1.329560549660753210e-01 1.179190615485085497e-01
1.370677769882777397e-01 1.329560549660753210e-01 1.179190615485085497e-01
1.390209326699128334e-01 1.359017712863581362e-01 1.195571152855194330e-01
1.390209326699128334e-01 1.359017712863581362e-01 1.195571152855194330e-01
1.409561192796892903e-01 1.388456295033006771e-01 1.211897407193319176e-01
1.409561192796892903e-01 1.388456295033006771e-01 1.211897407193319176e-01
1.428717014867702806e-01 1.417887581721053447e-01 1.228152647100936301e-01
1.428717014867702806e-01 1.417887581721053447e-01 1.228152647100936301e-01
1.447648814354317859e-01 1.447327665125733021e-01 1.244313029597890197e-01
1.447648814354317859e-01 1.447327665125733021e-01 1.244313029597890197e-01
1.466369081804586583e-01 1.476771419674134389e-01 1.260408548986740040e-01
1.466369081804586583e-01 1.476771419674134389e-01 1.260408548986740040e-01
1.484868773617879500e-01 1.506224524839984424e-01 1.276442800626728380e-01
1.484868773617879500e-01 1.506224524839984424e-01 1.276442800626728380e-01
1.503126542144916367e-01 1.535698404308970255e-01 1.292405483767552488e-01
1.503126542144916367e-01 1.535698404308970255e-01 1.292405483767552488e-01
1.521134934401330574e-01 1.565197281403409024e-01 1.308303283873650247e-01
1.521134934401330574e-01 1.565197281403409024e-01 1.308303283873650247e-01
1.538901412746528086e-01 1.594718132112057929e-01 1.324159018629019469e-01
1.538901412746528086e-01 1.594718132112057929e-01 1.324159018629019469e-01
1.556420301948999163e-01 1.624264304564463079e-01 1.339979511375004040e-01
1.556420301948999163e-01 1.624264304564463079e-01 1.339979511375004040e-01
1.573674066579241471e-01 1.653844528182799589e-01 1.355758845543530711e-01
1.573674066579241471e-01 1.653844528182799589e-01 1.355758845543530711e-01
1.590656478232606308e-01 1.683461958898317956e-01 1.371503645146934236e-01
1.590656478232606308e-01 1.683461958898317956e-01 1.371503645146934236e-01
1.607376620715542936e-01 1.713112701952967665e-01 1.387235511504634755e-01
1.607376620715542936e-01 1.713112701952967665e-01 1.387235511504634755e-01
1.623830058493144768e-01 1.742799109529624135e-01 1.402961340228895126e-01
1.623830058493144768e-01 1.742799109529624135e-01 1.402961340228895126e-01
1.640011997633225860e-01 1.772523589314200509e-01 1.418687540734410724e-01
1.640011997633225860e-01 1.772523589314200509e-01 1.418687540734410724e-01
1.655894711819945464e-01 1.802298405332022901e-01 1.434399791930291990e-01
1.655894711819945464e-01 1.802298405332022901e-01 1.434399791930291990e-01
1.671498028788054035e-01 1.832114792424268390e-01 1.450127860797950918e-01
1.671498028788054035e-01 1.832114792424268390e-01 1.450127860797950918e-01
1.686817721296025030e-01 1.861974614008973794e-01 1.465878453484503185e-01
1.686817721296025030e-01 1.861974614008973794e-01 1.465878453484503185e-01
1.701849528594195637e-01 1.891879647906362927e-01 1.481658248066900774e-01
1.701849528594195637e-01 1.891879647906362927e-01 1.481658248066900774e-01
1.716589138242200774e-01 1.921831594084956463e-01 1.497473905947205308e-01
1.716589138242200774e-01 1.921831594084956463e-01 1.497473905947205308e-01
1.731012168367550841e-01 1.951840233013238946e-01 1.513316720903900015e-01
1.731012168367550841e-01 1.951840233013238946e-01 1.513316720903900015e-01
1.745132545161057203e-01 1.981899416306727446e-01 1.529208536962699538e-01
1.745132545161057203e-01 1.981899416306727446e-01 1.529208536962699538e-01
1.758947730704808199e-01 2.012009824006610326e-01 1.545157562483052416e-01
1.758947730704808199e-01 2.012009824006610326e-01 1.545157562483052416e-01
1.772453135072678543e-01 2.042172884600517158e-01 1.561170467017495567e-01
1.772453135072678543e-01 2.042172884600517158e-01 1.561170467017495567e-01
1.785644073563585343e-01 2.072389966869440381e-01 1.577253946511749383e-01
1.785644073563585343e-01 2.072389966869440381e-01 1.577253946511749383e-01
1.798515763702482617e-01 2.102662380999584524e-01 1.593414730052918893e-01
1.798515763702482617e-01 2.102662380999584524e-01 1.593414730052918893e-01
1.811051401400917971e-01 2.132995874017996618e-01 1.609652198571604742e-01
1.811051401400917971e-01 2.132995874017996618e-01 1.609652198571604742e-01
1.823252202654737919e-01 2.163389158745077645e-01 1.625977695900625852e-01
1.823252202654737919e-01 2.163389158745077645e-01 1.625977695900625852e-01
1.835119396608298203e-01 2.193840972193233374e-01 1.642402082002256958e-01
1.835119396608298203e-01 2.193840972193233374e-01 1.642402082002256958e-01
1.846647835272748617e-01 2.224352391288086650e-01 1.658932228446621249e-01
1.846647835272748617e-01 2.224352391288086650e-01 1.658932228446621249e-01
1.857832269974511175e-01 2.254924435344883016e-01 1.675575059000442568e-01
1.857832269974511175e-01 2.254924435344883016e-01 1.675575059000442568e-01
1.868667352477232091e-01 2.285558065499135316e-01 1.692337551864552814e-01
1.868667352477232091e-01 2.285558065499135316e-01 1.692337551864552814e-01
1.879147636451330705e-01 2.316254184007821848e-01 1.709226741297520391e-01
1.879147636451330705e-01 2.316254184007821848e-01 1.709226741297520391e-01
1.889267579245747786e-01 2.347013633442286695e-01 1.726249718672454858e-01
1.889267579245747786e-01 2.347013633442286695e-01 1.726249718672454858e-01
1.899021543927668643e-01 2.377837195789561375e-01 1.743413633011145492e-01
1.899021543927668643e-01 2.377837195789561375e-01 1.743413633011145492e-01
1.908399858501190205e-01 2.408726910856014147e-01 1.760724023569465446e-01
1.908399858501190205e-01 2.408726910856014147e-01 1.760724023569465446e-01
1.917394650256418753e-01 2.439684061265331161e-01 1.778187563567955320e-01
1.917394650256418753e-01 2.439684061265331161e-01 1.778187563567955320e-01
1.926006915593656554e-01 2.470706913734695143e-01 1.795814567820092356e-01
1.926006915593656554e-01 2.470706913734695143e-01 1.795814567820092356e-01
1.934230700492353960e-01 2.501795999319222918e-01 1.813612362062119732e-01
1.934230700492353960e-01 2.501795999319222918e-01 1.813612362062119732e-01
1.942059970308881722e-01 2.532951783378507571e-01 1.831588325255524008e-01
1.942059970308881722e-01 2.532951783378507571e-01 1.831588325255524008e-01
1.949488613331029629e-01 2.564174664281095861e-01 1.849749887897839118e-01
1.949488613331029629e-01 2.564174664281095861e-01 1.849749887897839118e-01
1.956510444615442990e-01 2.595464972057937025e-01 1.868104530045738843e-01
1.956510444615442990e-01 2.595464972057937025e-01 1.868104530045738843e-01
1.963119210136193005e-01 2.626822967004457943e-01 1.886659779077484722e-01
1.963119210136193005e-01 2.626822967004457943e-01 1.886659779077484722e-01
1.969308591280451159e-01 2.658248838229360644e-01 1.905423207219716364e-01
1.969308591280451159e-01 2.658248838229360644e-01 1.905423207219716364e-01
1.975072209732461337e-01 2.689742702148154030e-01 1.924402428861924919e-01
1.975072209732461337e-01 2.689742702148154030e-01 1.924402428861924919e-01
1.980403632795951496e-01 2.721304600917817673e-01 1.943605097679827476e-01
1.980403632795951496e-01 2.721304600917817673e-01 1.943605097679827476e-01
1.985296379211397566e-01 2.752934500808975060e-01 1.963038903586972195e-01
1.985296379211397566e-01 2.752934500808975060e-01 1.963038903586972195e-01
1.989743925533909996e-01 2.784632290510840602e-01 1.982711569531766527e-01
1.989743925533909996e-01 2.784632290510840602e-01 1.982711569531766527e-01
1.993739713145519232e-01 2.816397779363947196e-01 2.002630848154912657e-01
1.993739713145519232e-01 2.816397779363947196e-01 2.002630848154912657e-01
1.997277155985496266e-01 2.848230695515122646e-01 2.022804518319870903e-01
1.997277155985496266e-01 2.848230695515122646e-01 2.022804518319870903e-01
2.000349649092948712e-01 2.880130683988627038e-01 2.043240381526719718e-01
2.000349649092948712e-01 2.880130683988627038e-01 2.043240381526719718e-01
2.002950578066664822e-01 2.912097304667317643e-01 2.063946258216888818e-01
2.002950578066664822e-01 2.912097304667317643e-01 2.063946258216888818e-01
2.005073329560096151e-01 2.944130030177187218e-01 2.084929983973907164e-01
2.005073329560096151e-01 2.944130030177187218e-01 2.084929983973907164e-01
2.006711302942346398e-01 2.976228243668512241e-01 2.106199405622141418e-01
2.006711302942346398e-01 2.976228243668512241e-01 2.106199405622141418e-01
2.007857923271010314e-01 3.008391236486849807e-01 2.127762377222793544e-01
2.007857923271010314e-01 3.008391236486849807e-01 2.127762377222793544e-01
2.008496866956297477e-01 3.040620650279812209e-01 2.149625912676665362e-01
2.008496866956297477e-01 3.040620650279812209e-01 2.149625912676665362e-01
2.008626129650193659e-01 3.072914367814331693e-01 2.171798590852909716e-01
2.008626129650193659e-01 3.072914367814331693e-01 2.171798590852909716e-01
2.008242938771457875e-01 3.105270448587188481e-01 2.194288680813611669e-01
2.008242938771457875e-01 3.105270448587188481e-01 2.194288680813611669e-01
2.007340936747192828e-01 3.137687782768511235e-01 2.217104073606505354e-01
2.007340936747192828e-01 3.137687782768511235e-01 2.217104073606505354e-01
2.005913881881385419e-01 3.170165154711968580e-01 2.240252645415407307e-01
2.005913881881385419e-01 3.170165154711968580e-01 2.240252645415407307e-01
2.003955673455241060e-01 3.202701239776353792e-01 2.263742252712862557e-01
2.003955673455241060e-01 3.202701239776353792e-01 2.263742252712862557e-01
2.001460379758477903e-01 3.235294600988558589e-01 2.287580727202662145e-01
2.001460379758477903e-01 3.235294600988558589e-01 2.287580727202662145e-01
1.998422269385844718e-01 3.267943685543868160e-01 2.311775870521489973e-01
1.998422269385844718e-01 3.267943685543868160e-01 2.311775870521489973e-01
1.994831650117095123e-01 3.300647735586130227e-01 2.336335508940090011e-01
1.994831650117095123e-01 3.300647735586130227e-01 2.336335508940090011e-01
1.990663091386928318e-01 3.333409231086387203e-01 2.361268028909452033e-01
1.990663091386928318e-01 3.333409231086387203e-01 2.361268028909452033e-01
1.985934023459745845e-01 3.366221270702000612e-01 2.386581093124956199e-01
1.985934023459745845e-01 3.366221270702000612e-01 2.386581093124956199e-01
1.980639860819138620e-01 3.399081786627978219e-01 2.412282371063656783e-01
1.980639860819138620e-01 3.399081786627978219e-01 2.412282371063656783e-01
1.974776440170414316e-01 3.431988574210232956e-01 2.438379469872843097e-01
1.974776440170414316e-01 3.431988574210232956e-01 2.438379469872843097e-01
1.968340081261405194e-01 3.464939287366459730e-01 2.464879926612253136e-01
1.968340081261405194e-01 3.464939287366459730e-01 2.464879926612253136e-01
1.961303232273163832e-01 3.497936186376864875e-01 2.491793117902700860e-01
1.961303232273163832e-01 3.497936186376864875e-01 2.491793117902700860e-01
1.953671824351012887e-01 3.530974737121307383e-01 2.519126389684174794e-01
1.953671824351012887e-01 3.530974737121307383e-01 2.519126389684174794e-01
1.945457724484550843e-01 3.564049403858484122e-01 2.546886120564891831e-01
1.945457724484550843e-01 3.564049403858484122e-01 2.546886120564891831e-01
1.936659916850190788e-01 3.597157205535925772e-01 2.575079517051199751e-01
1.936659916850190788e-01 3.597157205535925772e-01 2.575079517051199751e-01
1.927265626135100662e-01 3.630297265079337476e-01 2.603715140514883952e-01
1.927265626135100662e-01 3.630297265079337476e-01 2.603715140514883952e-01
1.917252433212505158e-01 3.663470212174677054e-01 2.632803209243195774e-01
1.917252433212505158e-01 3.663470212174677054e-01 2.632803209243195774e-01
1.906656034287921853e-01 3.696666366972766182e-01 2.662346953037412756e-01
1.906656034287921853e-01 3.696666366972766182e-01 2.662346953037412756e-01
1.895479830063686311e-01 3.729882016907967168e-01 2.692353042982582600e-01
1.895479830063686311e-01 3.729882016907967168e-01 2.692353042982582600e-01
1.883697455485467687e-01 3.763118385045725600e-01 2.722832682734475096e-01
1.883697455485467687e-01 3.763118385045725600e-01 2.722832682734475096e-01
1.871320607854224105e-01 3.796370189349173585e-01 2.753792098928311005e-01
1.871320607854224105e-01 3.796370189349173585e-01 2.753792098928311005e-01
1.858381394964170319e-01 3.829629117971334873e-01 2.785233999662064530e-01
1.858381394964170319e-01 3.829629117971334873e-01 2.785233999662064530e-01
1.844871836655427588e-01 3.862893452631397939e-01 2.817167455253219988e-01
1.844871836655427588e-01 3.862893452631397939e-01 2.817167455253219988e-01
1.830778329711526542e-01 3.896162172072422103e-01 2.849603278239827286e-01
1.830778329711526542e-01 3.896162172072422103e-01 2.849603278239827286e-01
1.816159103579027545e-01 3.929423572293677114e-01 2.882539611215036990e-01
1.816159103579027545e-01 3.929423572293677114e-01 2.882539611215036990e-01
1.801008735740998179e-01 3.962675795966052461e-01 2.915986101956724030e-01
1.801008735740998179e-01 3.962675795966052461e-01 2.915986101956724030e-01
1.785327635955842596e-01 3.995916048162994616e-01 2.949952192869699785e-01
1.785327635955842596e-01 3.995916048162994616e-01 2.949952192869699785e-01
1.769184452804840046e-01 4.029132296607970676e-01 2.984433843188981084e-01
1.769184452804840046e-01 4.029132296607970676e-01 2.984433843188981084e-01
1.752561634689192571e-01 4.062324711797619670e-01 3.019445045964351260e-01
1.752561634689192571e-01 4.062324711797619670e-01 3.019445045964351260e-01
1.735513608845681288e-01 4.095483948760690329e-01 3.054985384566183959e-01
1.735513608845681288e-01 4.095483948760690329e-01 3.054985384566183959e-01
1.718093916498483753e-01 4.128601436534043434e-01 3.091054673477076076e-01
1.718093916498483753e-01 4.128601436534043434e-01 3.091054673477076076e-01
1.700292511921865646e-01 4.161676868066939150e-01 3.127668250735526900e-01
1.700292511921865646e-01 4.161676868066939150e-01 3.127668250735526900e-01
1.682223895124392299e-01 4.194695090658143721e-01 3.164813106749712612e-01
1.682223895124392299e-01 4.194695090658143721e-01 3.164813106749712612e-01
1.663885364155291424e-01 4.227655625238819215e-01 3.202505090729160786e-01
1.663885364155291424e-01 4.227655625238819215e-01 3.202505090729160786e-01
1.645384339871369950e-01 4.260545626519877116e-01 3.240734144810614170e-01
1.645384339871369950e-01 4.260545626519877116e-01 3.240734144810614170e-01
1.626767162771729225e-01 4.293359941739753327e-01 3.279506570250459441e-01
1.626767162771729225e-01 4.293359941739753327e-01 3.279506570250459441e-01
1.608123291941626343e-01 4.326089274576569443e-01 3.318818949522821526e-01
1.608123291941626343e-01 4.326089274576569443e-01 3.318818949522821526e-01
1.589543789471615787e-01 4.358724983599649438e-01 3.358668699278221648e-01
1.589543789471615787e-01 4.358724983599649438e-01 3.358668699278221648e-01
1.571118879980775984e-01 4.391259261991218299e-01 3.399055131807457442e-01
1.571118879980775984e-01 4.391259261991218299e-01 3.399055131807457442e-01
1.552971248868633691e-01 4.423681935971638945e-01 3.439969986419670889e-01
1.552971248868633691e-01 4.423681935971638945e-01 3.439969986419670889e-01
1.535207431520639876e-01 4.455985255571568437e-01 3.481411470342535286e-01
1.535207431520639876e-01 4.455985255571568437e-01 3.481411470342535286e-01
1.517970899941886720e-01 4.488158919907597744e-01 3.523368574217765614e-01
1.517970899941886720e-01 4.488158919907597744e-01 3.523368574217765614e-01
1.501395069194239595e-01 4.520194457312960989e-01 3.565835122903739385e-01
1.501395069194239595e-01 4.520194457312960989e-01 3.565835122903739385e-01
1.485635967593034734e-01 4.552082299237305008e-01 3.608799575671684523e-01
1.485635967593034734e-01 4.552082299237305008e-01 3.608799575671684523e-01
1.470857699300848476e-01 4.583813101828039249e-01 3.652249159028150838e-01
1.470857699300848476e-01 4.583813101828039249e-01 3.652249159028150838e-01
1.457223087436788356e-01 4.615378398314540220e-01 3.696172894087393357e-01
1.457223087436788356e-01 4.615378398314540220e-01 3.696172894087393357e-01
1.444922592143222106e-01 4.646768359171692397e-01 3.740550716946033916e-01
1.444922592143222106e-01 4.646768359171692397e-01 3.740550716946033916e-01
1.434121809185993357e-01 4.677975609504543275e-01 3.785371851755232053e-01
1.434121809185993357e-01 4.677975609504543275e-01 3.785371851755232053e-01
1.425023681911181950e-01 4.708990661182673731e-01 3.830610519310057027e-01
1.425023681911181950e-01 4.708990661182673731e-01 3.830610519310057027e-01
1.417795962023066514e-01 4.739806814509083255e-01 3.876252960710342421e-01
1.417795962023066514e-01 4.739806814509083255e-01 3.876252960710342421e-01
1.412630985637446102e-01 4.770416015402148546e-01 3.922272086617160647e-01
1.412630985637446102e-01 4.770416015402148546e-01 3.922272086617160647e-01
1.409694801018243626e-01 4.800811982134750022e-01 3.968647124735518728e-01
1.409694801018243626e-01 4.800811982134750022e-01 3.968647124735518728e-01
1.409150097456444428e-01 4.830988600201984728e-01 4.015352222428814621e-01
1.409150097456444428e-01 4.830988600201984728e-01 4.015352222428814621e-01
1.411139447542862080e-01 4.860940747598297418e-01 4.062362456122035614e-01
1.411139447542862080e-01 4.860940747598297418e-01 4.062362456122035614e-01
1.415791119888381577e-01 4.890663869990539703e-01 4.109649027637694019e-01
1.415791119888381577e-01 4.890663869990539703e-01 4.109649027637694019e-01
1.423199959820145299e-01 4.920154738713567455e-01 4.157188726438110771e-01
1.423199959820145299e-01 4.920154738713567455e-01 4.157188726438110771e-01
1.433454687668088146e-01 4.949410287449704238e-01 4.204945285438547176e-01
1.433454687668088146e-01 4.949410287449704238e-01 4.204945285438547176e-01
1.446589334519515768e-01 4.978429343268949148e-01 4.252900965620994289e-01
1.446589334519515768e-01 4.978429343268949148e-01 4.252900965620994289e-01
1.462640267387091686e-01 5.007210792071611349e-01 4.301014990774948976e-01
1.462640267387091686e-01 5.007210792071611349e-01 4.301014990774948976e-01
1.481586247971786174e-01 5.035755140100532934e-01 4.349271148253404107e-01
1.481586247971786174e-01 5.035755140100532934e-01 4.349271148253404107e-01
1.503403785500608825e-01 5.064063476220672655e-01 4.397630638631415123e-01
1.503403785500608825e-01 5.064063476220672655e-01 4.397630638631415123e-01
1.528025242810311657e-01 5.092137854800861119e-01 4.446075343078949027e-01
1.528025242810311657e-01 5.092137854800861119e-01 4.446075343078949027e-01
1.555374253681453545e-01 5.119981383358213067e-01 4.494570652798667854e-01
1.555374253681453545e-01 5.119981383358213067e-01 4.494570652798667854e-01
1.585344840099019992e-01 5.147597610907707066e-01 4.543098445195232205e-01
1.585344840099019992e-01 5.147597610907707066e-01 4.543098445195232205e-01
1.617822678907459566e-01 5.174991451447940038e-01 4.591626307201938650e-01
1.617822678907459566e-01 5.174991451447940038e-01 4.591626307201938650e-01
1.652674663141558142e-01 5.202167519115307170e-01 4.640141395429028259e-01
1.652674663141558142e-01 5.202167519115307170e-01 4.640141395429028259e-01
1.689763761201267533e-01 5.229132729395653545e-01 4.688607566519232828e-01
1.689763761201267533e-01 5.229132729395653545e-01 4.688607566519232828e-01
1.728944491223781688e-01 5.255891603412242707e-01 4.737026211789442942e-01
1.728944491223781688e-01 5.255891603412242707e-01 4.737026211789442942e-01
1.770066657195638604e-01 5.282454074320264148e-01 4.785347434316427617e-01
1.770066657195638604e-01 5.282454074320264148e-01 4.785347434316427617e-01
1.812988398794919409e-01 5.308823532855191374e-01 4.833590006182583165e-01
1.812988398794919409e-01 5.308823532855191374e-01 4.833590006182583165e-01
1.857555109791770853e-01 5.335011578319259762e-01 4.881704607756197078e-01
1.857555109791770853e-01 5.335011578319259762e-01 4.881704607756197078e-01
1.903632363570977593e-01 5.361023129092039596e-01 4.929700349066546416e-01
1.903632363570977593e-01 5.361023129092039596e-01 4.929700349066546416e-01
1.951085494397697129e-01 5.386865971712996304e-01 4.977564452669473449e-01
1.951085494397697129e-01 5.386865971712996304e-01 4.977564452669473449e-01
1.999768478827299856e-01 5.412552404314098231e-01 5.025260715853874238e-01
1.999768478827299856e-01 5.412552404314098231e-01 5.025260715853874238e-01
2.049578872624898129e-01 5.438085183064558237e-01 5.072812040852463511e-01
2.049578872624898129e-01 5.438085183064558237e-01 5.072812040852463511e-01
2.100391299469471784e-01 5.463475053536338555e-01 5.120194896944785246e-01
2.100391299469471784e-01 5.463475053536338555e-01 5.120194896944785246e-01
2.152085338566276373e-01 5.488732998380686512e-01 5.167389297537959836e-01
2.152085338566276373e-01 5.488732998380686512e-01 5.167389297537959836e-01
2.204582927861723218e-01 5.513861985436144808e-01 5.214414688679058774e-01
2.204582927861723218e-01 5.513861985436144808e-01 5.214414688679058774e-01
2.257790833292004362e-01 5.538870263511709302e-01 5.261263712303159146e-01
2.257790833292004362e-01 5.538870263511709302e-01 5.261263712303159146e-01
2.311586300436282437e-01 5.563774004642599857e-01 5.307898212828536799e-01
2.311586300436282437e-01 5.563774004642599857e-01 5.307898212828536799e-01
2.365927080777219804e-01 5.588572969986371763e-01 5.354349757185812297e-01
2.365927080777219804e-01 5.588572969986371763e-01 5.354349757185812297e-01
2.420741539320306890e-01 5.613274810534641945e-01 5.400615190201848437e-01
2.420741539320306890e-01 5.613274810534641945e-01 5.400615190201848437e-01
2.475963939432795080e-01 5.637887062982011033e-01 5.446692155019331461e-01
2.475963939432795080e-01 5.637887062982011033e-01 5.446692155019331461e-01
2.531495993431530644e-01 5.662425476417715098e-01 5.492550957579976911e-01
2.531495993431530644e-01 5.662425476417715098e-01 5.492550957579976911e-01
2.587319436204574830e-01 5.686889335939387946e-01 5.538219767564553919e-01
2.587319436204574830e-01 5.686889335939387946e-01 5.538219767564553919e-01
2.643385790745815256e-01 5.711285425666491333e-01 5.583699191020373709e-01
2.643385790745815256e-01 5.711285425666491333e-01 5.583699191020373709e-01
2.699650116891750828e-01 5.735620572168103060e-01 5.628989674468979354e-01
2.699650116891750828e-01 5.735620572168103060e-01 5.628989674468979354e-01
2.756071683455926791e-01 5.759901418057536970e-01 5.674092223639287669e-01
2.756071683455926791e-01 5.759901418057536970e-01 5.674092223639287669e-01
2.812604826534079727e-01 5.784136399403931872e-01 5.719002808357976919e-01
2.812604826534079727e-01 5.784136399403931872e-01 5.719002808357976919e-01
2.869204954904902016e-01 5.808334387452470660e-01 5.763716888198981980e-01
2.869204954904902016e-01 5.808334387452470660e-01 5.763716888198981980e-01
2.925864072091506896e-01 5.832496548015740911e-01 5.808250856220120717e-01
2.925864072091506896e-01 5.832496548015740911e-01 5.808250856220120717e-01
2.982555611186745170e-01 5.856628665978864667e-01 5.852607542927089623e-01
2.982555611186745170e-01 5.856628665978864667e-01 5.852607542927089623e-01
3.039255780495774828e-01 5.880736325489555050e-01 5.896790134396729943e-01
3.039255780495774828e-01 5.880736325489555050e-01 5.896790134396729943e-01
3.095943334443519435e-01 5.904824909989450088e-01 5.940802139747750621e-01
3.095943334443519435e-01 5.904824909989450088e-01 5.940802139747750621e-01
3.152599360290693764e-01 5.928899603235958660e-01 5.984647360477046707e-01
3.152599360290693764e-01 5.928899603235958660e-01 5.984647360477046707e-01
3.209207080099489851e-01 5.952965391192279743e-01 6.028329861678034529e-01
3.209207080099489851e-01 5.952965391192279743e-01 6.028329861678034529e-01
3.265751667282668080e-01 5.977027064670153989e-01 6.071853945137684061e-01
3.265751667282668080e-01 5.977027064670153989e-01 6.071853945137684061e-01
3.322220077005071381e-01 6.001089222616647900e-01 6.115224124291607222e-01
3.322220077005071381e-01 6.001089222616647900e-01 6.115224124291607222e-01
3.378600889669278740e-01 6.025156275944065776e-01 6.158445101002387734e-01
3.378600889669278740e-01 6.025156275944065776e-01 6.158445101002387734e-01
3.434884166704965658e-01 6.049232451809161137e-01 6.201521744114066870e-01
3.434884166704965658e-01 6.049232451809161137e-01 6.201521744114066870e-01
3.491061317884460724e-01 6.073321798255735260e-01 6.244459069725958322e-01
3.491061317884460724e-01 6.073321798255735260e-01 6.244459069725958322e-01
3.547124979402863088e-01 6.097428189142033439e-01 6.287262223121231619e-01
3.547124979402863088e-01 6.097428189142033439e-01 6.287262223121231619e-01
3.603068901985636563e-01 6.121555329281485047e-01 6.329936462279394105e-01
3.603068901985636563e-01 6.121555329281485047e-01 6.329936462279394105e-01
3.658887848316701441e-01 6.145706759732625368e-01 6.372487142897532708e-01
3.658887848316701441e-01 6.145706759732625368e-01 6.372487142897532708e-01
3.714577499113881909e-01 6.169885863180515351e-01 6.414919704842048098e-01
3.714577499113881909e-01 6.169885863180515351e-01 6.414919704842048098e-01
3.770134367215273730e-01 6.194095869358404727e-01 6.457239659950518851e-01
3.770134367215273730e-01 6.194095869358404727e-01 6.457239659950518851e-01
3.825555719076292327e-01 6.218339860464364710e-01 6.499452581102825865e-01
3.825555719076292327e-01 6.218339860464364710e-01 6.499452581102825865e-01
3.880839503114929534e-01 6.242620776533339688e-01 6.541564092480166570e-01
3.880839503114929534e-01 6.242620776533339688e-01 6.541564092480166570e-01
3.935984284379335230e-01 6.266941420729916778e-01 6.583579860931807470e-01
3.935984284379335230e-01 6.266941420729916778e-01 6.583579860931807470e-01
3.990989185046455168e-01 6.291304464532425644e-01 6.625505588370416143e-01
3.990989185046455168e-01 6.291304464532425644e-01 6.625505588370416143e-01
4.045853830296100018e-01 6.315712452782796804e-01 6.667347005118728909e-01
4.045853830296100018e-01 6.315712452782796804e-01 6.667347005118728909e-01
4.100578299135244076e-01 6.340167808581240738e-01 6.709109864132459800e-01
4.100578299135244076e-01 6.340167808581240738e-01 6.709109864132459800e-01
4.155159250377654656e-01 6.364673901950153034e-01 6.750798260520370908e-01
4.155159250377654656e-01 6.364673901950153034e-01 6.750798260520370908e-01
4.209572497746106867e-01 6.389239970973649152e-01 6.792407141969032391e-01
4.209572497746106867e-01 6.389239970973649152e-01 6.792407141969032391e-01
4.263846175261885585e-01 6.413860692325030755e-01 6.833954183848127695e-01
4.263846175261885585e-01 6.413860692325030755e-01 6.833954183848127695e-01
4.317981880127275685e-01 6.438538029903769777e-01 6.875445228036536349e-01
4.317981880127275685e-01 6.438538029903769777e-01 6.875445228036536349e-01
4.371981478914441777e-01 6.463273846453057025e-01 6.916886117598972650e-01
4.371981478914441777e-01 6.463273846453057025e-01 6.916886117598972650e-01
4.425847080245616239e-01 6.488069907436021522e-01 6.958282694784462263e-01
4.425847080245616239e-01 6.488069907436021522e-01 6.958282694784462263e-01
4.479581010276036945e-01 6.512927884685125735e-01 6.999640799473831887e-01
4.479581010276036945e-01 6.512927884685125735e-01 6.999640799473831887e-01
4.533181465131290167e-01 6.537850633162546332e-01 7.040964455395120059e-01
4.533181465131290167e-01 6.537850633162546332e-01 7.040964455395120059e-01
4.586614040506299950e-01 6.562850687034598174e-01 7.082244035967114604e-01
4.586614040506299950e-01 6.562850687034598174e-01 7.082244035967114604e-01
4.639921732491048556e-01 6.587917744181945867e-01 7.123502246176016683e-01
4.639921732491048556e-01 6.587917744181945867e-01 7.123502246176016683e-01
4.693107646827269219e-01 6.613053110728515094e-01 7.164744928281158165e-01
4.693107646827269219e-01 6.613053110728515094e-01 7.164744928281158165e-01
4.746175015688920418e-01 6.638258014051774403e-01 7.205977915934234090e-01
4.746175015688920418e-01 6.638258014051774403e-01 7.205977915934234090e-01
4.799127185480629443e-01 6.663533605237323965e-01 7.247207034343722265e-01
4.799127185480629443e-01 6.663533605237323965e-01 7.247207034343722265e-01
4.851929472467358950e-01 6.688892723607705593e-01 7.288422405144614480e-01
4.851929472467358950e-01 6.688892723607705593e-01 7.288422405144614480e-01
4.904607408627628118e-01 6.714329808599052152e-01 7.329638933701213555e-01
4.904607408627628118e-01 6.714329808599052152e-01 7.329638933701213555e-01
4.957180004728277134e-01 6.739841092646189358e-01 7.370868729654270757e-01
4.957180004728277134e-01 6.739841092646189358e-01 7.370868729654270757e-01
5.009651062282616252e-01 6.765427418979302887e-01 7.412117590870584971e-01
5.009651062282616252e-01 6.765427418979302887e-01 7.412117590870584971e-01
5.062018425451422221e-01 6.791091479911044448e-01 7.453388829589076003e-01
5.062018425451422221e-01 6.791091479911044448e-01 7.453388829589076003e-01
5.114238709276511807e-01 6.816849179811285131e-01 7.494668758576903400e-01
5.114238709276511807e-01 6.816849179811285131e-01 7.494668758576903400e-01
5.166368786679241820e-01 6.842684489741535092e-01 7.535984828613150333e-01
5.166368786679241820e-01 6.842684489741535092e-01 7.535984828613150333e-01
5.218412791187284627e-01 6.868597973544185997e-01 7.577342796364038291e-01
5.218412791187284627e-01 6.868597973544185997e-01 7.577342796364038291e-01
5.270374906817488769e-01 6.894590134362355016e-01 7.618748408743696299e-01
5.270374906817488769e-01 6.894590134362355016e-01 7.618748408743696299e-01
5.322197944323712182e-01 6.920681657209917237e-01 7.660181919058727251e-01
5.322197944323712182e-01 6.920681657209917237e-01 7.660181919058727251e-01
5.373945293011457291e-01 6.946853742151044564e-01 7.701673396675997596e-01
5.373945293011457291e-01 6.946853742151044564e-01 7.701673396675997596e-01
5.425623449917564844e-01 6.973106007161797848e-01 7.743229415524359727e-01
5.425623449917564844e-01 6.973106007161797848e-01 7.743229415524359727e-01
5.477226104233021697e-01 6.999442319259341350e-01 7.784851155441600001e-01
5.477226104233021697e-01 6.999442319259341350e-01 7.784851155441600001e-01
5.528712413438412465e-01 7.025878312035852558e-01 7.826525098737006081e-01
5.528712413438412465e-01 7.025878312035852558e-01 7.826525098737006081e-01
5.580142973776609505e-01 7.052395379604146086e-01 7.868280315454899698e-01
5.580142973776609505e-01 7.052395379604146086e-01 7.868280315454899698e-01
5.631522396716894807e-01 7.078993588739652676e-01 7.910122441258246040e-01
5.631522396716894807e-01 7.078993588739652676e-01 7.910122441258246040e-01
5.682813641097124169e-01 7.105687384639641779e-01 7.952039174474452299e-01
5.682813641097124169e-01 7.105687384639641779e-01 7.952039174474452299e-01
5.734035457238656486e-01 7.132472126525620792e-01 7.994041829612978933e-01
5.734035457238656486e-01 7.132472126525620792e-01 7.994041829612978933e-01
5.785220405271918054e-01 7.159338154880294791e-01 8.036147840275505994e-01
5.785220405271918054e-01 7.159338154880294791e-01 8.036147840275505994e-01
5.836356698831888234e-01 7.186291176391412794e-01 8.078355457087845748e-01
5.836356698831888234e-01 7.186291176391412794e-01 8.078355457087845748e-01
5.887410878540377812e-01 7.213344733097243333e-01 8.120653037721656808e-01
5.887410878540377812e-01 7.213344733097243333e-01 8.120653037721656808e-01
5.938443050571384774e-01 7.240479185334441903e-01 8.163070136220065276e-01
5.938443050571384774e-01 7.240479185334441903e-01 8.163070136220065276e-01
5.989456851104469903e-01 7.267694689614894177e-01 8.205611614256101971e-01
5.989456851104469903e-01 7.267694689614894177e-01 8.205611614256101971e-01
6.040386555240979671e-01 7.295016568362312492e-01 8.248250648439727772e-01
6.040386555240979671e-01 7.295016568362312492e-01 8.248250648439727772e-01
6.091309654678055407e-01 7.322418446868668163e-01 8.291025021557482111e-01
6.091309654678055407e-01 7.322418446868668163e-01 8.291025021557482111e-01
6.142231259362606055e-01 7.349899847250980223e-01 8.333940090782356869e-01
6.142231259362606055e-01 7.349899847250980223e-01 8.333940090782356869e-01
6.193086521900057484e-01 7.377486181906494078e-01 8.376968270783753390e-01
6.193086521900057484e-01 7.377486181906494078e-01 8.376968270783753390e-01
6.243946073912707284e-01 7.405152990430704518e-01 8.420144882108482332e-01
6.243946073912707284e-01 7.405152990430704518e-01 8.420144882108482332e-01
6.294820169934106646e-01 7.432897805772129551e-01 8.463477489395042630e-01
6.294820169934106646e-01 7.432897805772129551e-01 8.463477489395042630e-01
6.345640907884236848e-01 7.460747627635301304e-01 8.506935700468513106e-01
6.345640907884236848e-01 7.460747627635301304e-01 8.506935700468513106e-01
6.396484075313154660e-01 7.488675481798098277e-01 8.550558088713717808e-01
6.396484075313154660e-01 7.488675481798098277e-01 8.550558088713717808e-01
6.447352303492749348e-01 7.516681683315555862e-01 8.594348327134802012e-01
6.447352303492749348e-01 7.516681683315555862e-01 8.594348327134802012e-01
6.498185287847249025e-01 7.544790816846234094e-01 8.638278238985030999e-01
6.498185287847249025e-01 7.544790816846234094e-01 8.638278238985030999e-01
6.549060677391167484e-01 7.572974562275398558e-01 8.682388327590162547e-01
6.549060677391167484e-01 7.572974562275398558e-01 8.682388327590162547e-01
6.599962044699270169e-01 7.601240597144656164e-01 8.726672206515937447e-01
6.599962044699270169e-01 7.601240597144656164e-01 8.726672206515937447e-01
6.650859987401643858e-01 7.629601900620691657e-01 8.771116065792066152e-01
6.650859987401643858e-01 7.629601900620691657e-01 8.771116065792066152e-01
6.701817441042219325e-01 7.658035238711571324e-01 8.815753990399798345e-01
6.701817441042219325e-01 7.658035238711571324e-01 8.815753990399798345e-01
6.752795872261928567e-01 7.686557189907817778e-01 8.860567070984565197e-01
6.752795872261928567e-01 7.686557189907817778e-01 8.860567070984565197e-01
6.803809336115499429e-01 7.715163679209294800e-01 8.905563684833033289e-01
6.803809336115499429e-01 7.715163679209294800e-01 8.905563684833033289e-01
6.854899705891068784e-01 7.743839299727182102e-01 8.950767645302061259e-01
6.854899705891068784e-01 7.743839299727182102e-01 8.950767645302061259e-01
6.906000485932691779e-01 7.772612257807405278e-01 8.996143307898374353e-01
6.906000485932691779e-01 7.772612257807405278e-01 8.996143307898374353e-01
6.957180868912601346e-01 7.801456033756387631e-01 9.041729465604848581e-01
6.957180868912601346e-01 7.801456033756387631e-01 9.041729465604848581e-01
7.008432404227082912e-01 7.830375363927924992e-01 9.087522254620676865e-01
7.008432404227082912e-01 7.830375363927924992e-01 9.087522254620676865e-01
7.059725197896640214e-01 7.859383985192188726e-01 9.133504915323266138e-01
7.059725197896640214e-01 7.859383985192188726e-01 9.133504915323266138e-01
7.111124484840743998e-01 7.888456373618767392e-01 9.179715296263573077e-01
7.111124484840743998e-01 7.888456373618767392e-01 9.179715296263573077e-01
7.162574868580796617e-01 7.917616913413813018e-01 9.226121342655025925e-01
7.162574868580796617e-01 7.917616913413813018e-01 9.226121342655025925e-01
7.214121072922345945e-01 7.946848397791982377e-01 9.272749242342166465e-01
7.214121072922345945e-01 7.946848397791982377e-01 9.272749242342166465e-01
7.265772395038239129e-01 7.976148226297085087e-01 9.319604707855009273e-01
7.265772395038239129e-01 7.976148226297085087e-01 9.319604707855009273e-01
7.317488078958990227e-01 8.005535100398704085e-01 9.366662704331938372e-01
7.317488078958990227e-01 8.005535100398704085e-01 9.366662704331938372e-01
7.369340055184082638e-01 8.034979816481202519e-01 9.413966860165863260e-01
7.369340055184082638e-01 8.034979816481202519e-01 9.413966860165863260e-01
7.421268176465897204e-01 8.064509502402822383e-01 9.461479542598476566e-01
7.421268176465897204e-01 8.064509502402822383e-01 9.461479542598476566e-01
7.473324104630599818e-01 8.094103384677528989e-01 9.509232296598126855e-01
7.473324104630599818e-01 8.094103384677528989e-01 9.509232296598126855e-01
7.525504038167305509e-01 8.123764434475398977e-01 9.557222227459374331e-01
7.525504038167305509e-01 8.123764434475398977e-01 9.557222227459374331e-01
7.577786275112382564e-01 8.153503568083745323e-01 9.605434463846261872e-01
7.577786275112382564e-01 8.153503568083745323e-01 9.605434463846261872e-01
7.630234442529307826e-01 8.183294261226778943e-01 9.653909387313778234e-01
7.630234442529307826e-01 8.183294261226778943e-01 9.653909387313778234e-01
7.682768927253016411e-01 8.213173038748842192e-01 9.702593805847399278e-01
7.682768927253016411e-01 8.213173038748842192e-01 9.702593805847399278e-01
7.735477338570269090e-01 8.243102544924250097e-01 9.751544313675249986e-01
7.735477338570269090e-01 8.243102544924250097e-01 9.751544313675249986e-01
7.788314114271390753e-01 8.273104425235393578e-01 9.800729457466543781e-01
7.788314114271390753e-01 8.273104425235393578e-01 9.800729457466543781e-01
7.841304591255181533e-01 8.303168788847756776e-01 9.850164864646560048e-01
7.841304591255181533e-01 8.303168788847756776e-01 9.850164864646560048e-01
7.894463470830511698e-01 8.333290366065280175e-01 9.899859295521379332e-01
7.894463470830511698e-01 8.333290366065280175e-01 9.899859295521379332e-01
7.947757536282543667e-01 8.363485662126372011e-01 9.949788332853867212e-01
7.947757536282543667e-01 8.363485662126372011e-01 9.949788332853867212e-01
8.001258111765344738e-01 8.393723559077623797e-01 1.000000000000000000e+00
8.001258111765344738e-01 8.393723559077623797e-01 1.000000000000000000e+00
