7.324619911910749126e-01 8.312007847245336256e-01 9.030356464689122120e-01
7.324619911910749126e-01 8.312007847245336256e-01 9.030356464689122120e-01
7.276222285793256805e-01 8.275673994022633151e-01 9.039746732253759465e-01
7.276222285793256805e-01 8.275673994022633151e-01 9.039746732253759465e-01
7.227866821440593892e-01 8.239343033910307978e-01 9.049921052041893788e-01
7.227866821440593892e-01 8.239343033910307978e-01 9.049921052041893788e-01
7.179577963489420789e-01 8.203002544001427587e-01 9.060888967206420785e-01
7.179577963489420789e-01 8.203002544001427587e-01 9.060888967206420785e-01
7.131380201452378609e-01 8.166640122107798883e-01 9.072659790356081277e-01
7.131380201452378609e-01 8.166640122107798883e-01 9.072659790356081277e-01
7.083298301285645415e-01 8.130243299516406452e-01 9.085242676235496528e-01
7.083298301285645415e-01 8.130243299516406452e-01 9.085242676235496528e-01
7.035340092954548430e-01 8.093797511147381440e-01 9.098711916762610707e-01
7.035340092954548430e-01 8.093797511147381440e-01 9.098711916762610707e-01
6.987531842941102633e-01 8.057289231659346962e-01 9.113079755391532144e-01
6.987531842941102633e-01 8.057289231659346962e-01 9.113079755391532144e-01
6.939921178908737831e-01 8.020707321273989887e-01 9.128279750389985958e-01
6.939921178908737831e-01 8.020707321273989887e-01 9.128279750389985958e-01
6.892536829346779248e-01 7.984038261716163154e-01 9.144319140598324847e-01
6.892536829346779248e-01 7.984038261716163154e-01 9.144319140598324847e-01
6.845409066828850309e-01 7.947268081955621843e-01 9.161204759467078684e-01
6.845409066828850309e-01 7.947268081955621843e-01 9.161204759467078684e-01
6.798570000709998062e-01 7.910382280690884116e-01 9.178942893031269978e-01
6.798570000709998062e-01 7.910382280690884116e-01 9.178942893031269978e-01
6.752053886729902921e-01 7.873365749352490006e-01 9.197539096599816055e-01
6.752053886729902921e-01 7.873365749352490006e-01 9.197539096599816055e-01
6.705897455671813168e-01 7.836202695574644439e-01 9.216997965956823524e-01
6.705897455671813168e-01 7.836202695574644439e-01 9.216997965956823524e-01
6.660140263128569993e-01 7.798876567247905456e-01 9.237322857834923129e-01
6.660140263128569993e-01 7.798876567247905456e-01 9.237322857834923129e-01
6.614825062220449636e-01 7.761369977468680625e-01 9.258515553338030335e-01
6.614825062220449636e-01 7.761369977468680625e-01 9.258515553338030335e-01
6.569998200772637631e-01 7.723664630950680676e-01 9.280575856858021000e-01
6.569998200772637631e-01 7.723664630950680676e-01 9.280575856858021000e-01
6.525710043957443363e-01 7.685741252768157894e-01 9.303501121847181921e-01
6.525710043957443363e-01 7.685741252768157894e-01 9.303501121847181921e-01
6.482015422695528439e-01 7.647579520670919617e-01 9.327285693586270243e-01
6.482015422695528439e-01 7.647579520670919617e-01 9.327285693586270243e-01
6.438974107136168357e-01 7.609158002659378583e-01 9.351920257846897400e-01
6.438974107136168357e-01 7.609158002659378583e-01 9.351920257846897400e-01
6.396651303235728614e-01 7.570454102047006195e-01 9.377391083124427817e-01
6.396651303235728614e-01 7.570454102047006195e-01 9.377391083124427817e-01
6.355118168743716378e-01 7.531444012883298234e-01 9.403679142970755578e-01
6.355118168743716378e-01 7.531444012883298234e-01 9.403679142970755578e-01
6.314452342703196219e-01 7.492102689375849112e-01 9.430759103970666191e-01
6.314452342703196219e-01 7.492102689375849112e-01 9.430759103970666191e-01
6.274738479771483357e-01 7.452403833849967629e-01 9.458598164201912351e-01
6.274738479771483357e-01 7.452403833849967629e-01 9.458598164201912351e-01
6.236068777164094357e-01 7.412319908828639559e-01 9.487154726764686075e-01
6.236068777164094357e-01 7.412319908828639559e-01 9.487154726764686075e-01
6.198543477710639626e-01 7.371822180008577030e-01 9.516376893384910218e-01
6.198543477710639626e-01 7.371822180008577030e-01 9.516376893384910218e-01
6.162259701001678858e-01 7.330850025131210312e-01 9.546449127150732350e-01
6.162259701001678858e-01 7.330850025131210312e-01 9.546449127150732350e-01
6.127356206538581151e-01 7.289395247821948143e-01 9.577076916757506497e-01
6.127356206538581151e-01 7.289395247821948143e-01 9.577076916757506497e-01
6.093963226570768832e-01 7.247425447469476589e-01 9.608163025769284049e-01
6.093963226570768832e-01 7.247425447469476589e-01 9.608163025769284049e-01
6.062223095812951934e-01 7.204889568372166986e-01 9.639712327329517105e-01
6.062223095812951934e-01 7.204889568372166986e-01 9.639712327329517105e-01
6.032301889522725391e-01 7.161727230583457837e-01 9.671734971324053021e-01
6.032301889522725391e-01 7.161727230583457837e-01 9.671734971324053021e-01
6.004363568757240532e-01 7.117938396162489800e-01 9.703823464811310862e-01
6.004363568757240532e-01 7.117938396162489800e-01 9.703823464811310862e-01
5.978619156238685894e-01 7.073425231102798971e-01 9.736137375904160285e-01
5.978619156238685894e-01 7.073425231102798971e-01 9.736137375904160285e-01
5.955250906908262643e-01 7.028190044277775606e-01 9.768206805394017422e-01
5.955250906908262643e-01 7.028190044277775606e-01 9.768206805394017422e-01
5.934512893209969997e-01 6.982140345975698104e-01 9.800041271555059996e-01
5.934512893209969997e-01 6.982140345975698104e-01 9.800041271555059996e-01
5.916594747198065107e-01 6.935286813825209951e-01 9.831089802225526642e-01
5.916594747198065107e-01 6.935286813825209951e-01 9.831089802225526642e-01
5.901808161324545443e-01 6.887522003028871964e-01 9.861311330476436599e-01
5.901808161324545443e-01 6.887522003028871964e-01 9.861311330476436599e-01
5.890355653058697571e-01 6.838861327037284443e-01 9.890077279137613475e-01
5.890355653058697571e-01 6.838861327037284443e-01 9.890077279137613475e-01
5.882474337185220614e-01 6.789285817891521635e-01 9.916901502701009896e-01
5.882474337185220614e-01 6.789285817891521635e-01 9.916901502701009896e-01
5.878386985211171423e-01 6.738789834268754664e-01 9.941228534280225348e-01
5.878386985211171423e-01 6.738789834268754664e-01 9.941228534280225348e-01
5.878265764784683656e-01 6.687399323430350817e-01 9.962395634700946800e-01
5.878265764784683656e-01 6.687399323430350817e-01 9.962395634700946800e-01
5.882198912244265276e-01 6.635181319131652211e-01 9.979649369248903001e-01
5.882198912244265276e-01 6.635181319131652211e-01 9.979649369248903001e-01
5.890156094087609651e-01 6.582251007038018020e-01 9.992184242479815737e-01
5.890156094087609651e-01 6.582251007038018020e-01 9.992184242479815737e-01
5.901960145268489999e-01 6.528773582945869292e-01 9.999204154195929783e-01
5.901960145268489999e-01 6.528773582945869292e-01 9.999204154195929783e-01
5.917274386401795150e-01 6.474958576014576694e-01 1.000000000000000000e+00
5.917274386401795150e-01 6.474958576014576694e-01 1.000000000000000000e+00
5.935612853108143128e-01 6.421045992097387245e-01 9.994028789973521398e-01
5.935612853108143128e-01 6.421045992097387245e-01 9.994028789973521398e-01
5.956375036605603412e-01 6.367286163940171217e-01 9.980975462641828999e-01
5.956375036605603412e-01 6.367286163940171217e-01 9.980975462641828999e-01
5.978899068692131724e-01 6.313917462708718009e-01 9.960781578052380070e-01
5.978899068692131724e-01 6.313917462708718009e-01 9.960781578052380070e-01
6.002521367666696639e-01 6.261146809389545043e-01 9.933634896894978361e-01
6.002521367666696639e-01 6.261146809389545043e-01 9.933634896894978361e-01
6.026629602877845437e-01 6.209136785792630508e-01 9.899925833550252685e-01
6.026629602877845437e-01 6.209136785792630508e-01 9.899925833550252685e-01
6.050699620487894892e-01 6.158000763021868051e-01 9.860185101117399098e-01
6.050699620487894892e-01 6.158000763021868051e-01 9.860185101117399098e-01
6.074313184153941059e-01 6.107805094761910025e-01 9.815018534169867026e-01
6.074313184153941059e-01 6.107805094761910025e-01 9.815018534169867026e-01
6.097158872705289445e-01 6.058576014959226042e-01 9.765051158181176083e-01
6.097158872705289445e-01 6.058576014959226042e-01 9.765051158181176083e-01
6.119021425783546242e-01 6.010308637273619192e-01 9.710886423655853417e-01
6.119021425783546242e-01 6.010308637273619192e-01 9.710886423655853417e-01
6.139765207330326602e-01 5.962976004532903884e-01 9.653081157180574134e-01
6.139765207330326602e-01 5.962976004532903884e-01 9.653081157180574134e-01
6.159316263010958803e-01 5.916536960297706926e-01 9.592133575660937161e-01
6.159316263010958803e-01 5.916536960297706926e-01 9.592133575660937161e-01
6.177554842093804233e-01 5.870969744596574724e-01 9.528541349548044215e-01
6.177554842093804233e-01 5.870969744596574724e-01 9.528541349548044215e-01
6.194496214735675244e-01 5.826216155775257866e-01 9.462691646661299805e-01
6.194496214735675244e-01 5.826216155775257866e-01 9.462691646661299805e-01
6.210228075255100899e-01 5.782203177541906935e-01 9.394872814459120924e-01
6.210228075255100899e-01 5.782203177541906935e-01 9.394872814459120924e-01
6.224614354981772291e-01 5.738927928588463123e-01 9.325513248241837916e-01
6.224614354981772291e-01 5.738927928588463123e-01 9.325513248241837916e-01
6.237847571417702852e-01 5.696297116789800219e-01 9.254748390677950409e-01
6.237847571417702852e-01 5.696297116789800219e-01 9.254748390677950409e-01
6.249843725046159149e-01 5.654300448483625674e-01 9.182916352540746452e-01
6.249843725046159149e-01 5.654300448483625674e-01 9.182916352540746452e-01
6.260764571797127198e-01 5.612862611287245951e-01 9.110106250425884511e-01
6.260764571797127198e-01 5.612862611287245951e-01 9.110106250425884511e-01
6.270515882137698283e-01 5.571981704079436160e-01 9.036631580617576764e-01
6.270515882137698283e-01 5.571981704079436160e-01 9.036631580617576764e-01
6.279291518375446080e-01 5.531580672258339382e-01 8.962492260523263754e-01
6.279291518375446080e-01 5.531580672258339382e-01 8.962492260523263754e-01
6.287025516211628418e-01 5.491654710096571801e-01 8.887940723891618600e-01
6.287025516211628418e-01 5.491654710096571801e-01 8.887940723891618600e-01
6.293811290432522743e-01 5.452158704497523933e-01 8.813041786492102903e-01
6.293811290432522743e-01 5.452158704497523933e-01 8.813041786492102903e-01
6.299731801826077282e-01 5.413052646272272783e-01 8.737849475175059055e-01
6.299731801826077282e-01 5.413052646272272783e-01 8.737849475175059055e-01
6.304761000767215018e-01 5.374326413372131350e-01 8.662535688883690188e-01
6.304761000767215018e-01 5.374326413372131350e-01 8.662535688883690188e-01
6.308960929117889416e-01 5.335948540957945463e-01 8.587155293848993676e-01
6.308960929117889416e-01 5.335948540957945463e-01 8.587155293848993676e-01
6.312410255885214649e-01 5.297884818470731672e-01 8.511726466409947900e-01
6.312410255885214649e-01 5.297884818470731672e-01 8.511726466409947900e-01
6.315142532644698603e-01 5.260113784762746603e-01 8.436313368182923877e-01
6.315142532644698603e-01 5.260113784762746603e-01 8.436313368182923877e-01
6.317158861427812910e-01 5.222623223871023512e-01 8.361016535031220442e-01
6.317158861427812910e-01 5.222623223871023512e-01 8.361016535031220442e-01
6.318500026972583283e-01 5.185391781953426760e-01 8.285875702934698550e-01
6.318500026972583283e-01 5.185391781953426760e-01 8.285875702934698550e-01
6.319231117680244036e-01 5.148392793891287678e-01 8.210886866983302390e-01
6.319231117680244036e-01 5.148392793891287678e-01 8.210886866983302390e-01
6.319383113805920882e-01 5.111608979117246987e-01 8.136085596263705755e-01
6.319383113805920882e-01 5.111608979117246987e-01 8.136085596263705755e-01
6.318986318418027270e-01 5.075023884042415556e-01 8.061502039893080340e-01
6.318986318418027270e-01 5.075023884042415556e-01 8.061502039893080340e-01
6.318070295757105548e-01 5.038621833007128625e-01 7.987161450376429883e-01
6.318070295757105548e-01 5.038621833007128625e-01 7.987161450376429883e-01
6.316660592503779981e-01 5.002388719326783528e-01 7.913089593744782047e-01
6.316660592503779981e-01 5.002388719326783528e-01 7.913089593744782047e-01
6.314766350436639142e-01 4.966315216453852099e-01 7.839332569917124571e-01
6.314766350436639142e-01 4.966315216453852099e-01 7.839332569917124571e-01
6.312441171238866167e-01 4.930380892705247264e-01 7.765863222119976372e-01
6.312441171238866167e-01 4.930380892705247264e-01 7.765863222119976372e-01
6.309710854916239509e-01 4.894572859665500819e-01 7.692691825411664963e-01
6.309710854916239509e-01 4.894572859665500819e-01 7.692691825411664963e-01
6.306600376931541518e-01 4.858878791508129957e-01 7.619825627061478368e-01
6.306600376931541518e-01 4.858878791508129957e-01 7.619825627061478368e-01
6.303133879655171690e-01 4.823286896273945579e-01 7.547269098073776661e-01
6.303133879655171690e-01 4.823286896273945579e-01 7.547269098073776661e-01
6.299334666178957320e-01 4.787785890538622247e-01 7.475024157356815468e-01
6.299334666178957320e-01 4.787785890538622247e-01 7.475024157356815468e-01
6.295225195444240640e-01 4.752364977429748838e-01 7.403090371877321108e-01
6.295225195444240640e-01 4.752364977429748838e-01 7.403090371877321108e-01
6.290827077845385640e-01 4.717013827921929803e-01 7.331465135857081483e-01
6.290827077845385640e-01 4.717013827921929803e-01 7.331465135857081483e-01
6.286161070650944094e-01 4.681722565312012585e-01 7.260143831803927972e-01
6.286161070650944094e-01 4.681722565312012585e-01 7.260143831803927972e-01
6.281247072742343063e-01 4.646481752755063366e-01 7.189119975926133721e-01
6.281247072742343063e-01 4.646481752755063366e-01 7.189119975926133721e-01
6.276104118306903290e-01 4.611282383723225853e-01 7.118385350254410326e-01
6.276104118306903290e-01 4.611282383723225853e-01 7.118385350254410326e-01
6.270750369242796829e-01 4.576115875233243702e-01 7.047930123588328488e-01
6.270750369242796829e-01 4.576115875233243702e-01 7.047930123588328488e-01
6.265203106140621037e-01 4.540974063673452465e-01 6.977742963192017367e-01
6.265203106140621037e-01 4.540974063673452465e-01 6.977742963192017367e-01
6.259478717801034708e-01 4.505849203047208040e-01 6.907811138984801813e-01
6.259478717801034708e-01 4.505849203047208040e-01 6.907811138984801813e-01
6.253592689333126176e-01 4.470733965436352597e-01 6.838120621804893995e-01
6.253592689333126176e-01 4.470733965436352597e-01 6.838120621804893995e-01
6.247559588953784937e-01 4.435621443475851189e-01 6.768656177165159882e-01
6.247559588953784937e-01 4.435621443475851189e-01 6.768656177165159882e-01
6.241393053676627112e-01 4.400505154618124526e-01 6.699401455768383418e-01
6.241393053676627112e-01 4.400505154618124526e-01 6.699401455768383418e-01
6.235105774138242074e-01 4.365379046954916964e-01 6.630339081903247056e-01
6.235105774138242074e-01 4.365379046954916964e-01 6.630339081903247056e-01
6.228709478862405335e-01 4.330237506353598054e-01 6.561450740699712458e-01
6.228709478862405335e-01 4.330237506353598054e-01 6.561450740699712458e-01
6.222214918307126252e-01 4.295075364656160688e-01 6.492717265083207678e-01
6.222214918307126252e-01 4.295075364656160688e-01 6.492717265083207678e-01
6.215631849075944348e-01 4.259887908681793678e-01 6.424118723129375041e-01
6.215631849075944348e-01 4.259887908681793678e-01 6.424118723129375041e-01
6.208969018703097698e-01 4.224670889769038817e-01 6.355634506384875149e-01
6.208969018703097698e-01 4.224670889769038817e-01 6.355634506384875149e-01
6.202234151441629040e-01 4.189420533590965667e-01 6.287243419585325510e-01
6.202234151441629040e-01 4.189420533590965667e-01 6.287243419585325510e-01
6.195433935493446231e-01 4.154133549977789275e-01 6.218923772067761480e-01
6.195433935493446231e-01 4.154133549977789275e-01 6.218923772067761480e-01
6.188574012120949819e-01 4.118807142485537698e-01 6.150653471044289500e-01
6.188574012120949819e-01 4.118807142485537698e-01 6.150653471044289500e-01
6.181658967070466915e-01 4.083439017457510811e-01 6.082410116775077702e-01
6.181658967070466915e-01 4.083439017457510811e-01 6.082410116775077702e-01
6.174692324718489278e-01 4.048027392337668062e-01 6.014171099555135624e-01
6.174692324718489278e-01 4.048027392337668062e-01 6.014171099555135624e-01
6.167676398432371254e-01 4.012571058917339117e-01 5.945913954920073463e-01
6.167676398432371254e-01 4.012571058917339117e-01 5.945913954920073463e-01
6.160608388976727134e-01 3.977070899932662607e-01 5.877623320671607754e-01
6.160608388976727134e-01 3.977070899932662607e-01 5.877623320671607754e-01
6.153493595766896807e-01 3.941524833633909264e-01 5.809267920858147694e-01
6.153493595766896807e-01 3.941524833633909264e-01 5.809267920858147694e-01
6.146331351047530367e-01 3.905933154400095253e-01 5.740825217000324887e-01
6.146331351047530367e-01 3.905933154400095253e-01 5.740825217000324887e-01
6.139119944267770190e-01 3.870296692043187492e-01 5.672272965641683706e-01
6.139119944267770190e-01 3.870296692043187492e-01 5.672272965641683706e-01
6.131856638660494463e-01 3.834616812103220362e-01 5.603589318149364562e-01
6.131856638660494463e-01 3.834616812103220362e-01 5.603589318149364562e-01
6.124537692077294260e-01 3.798895414426347594e-01 5.534752919095090595e-01
6.124537692077294260e-01 3.798895414426347594e-01 5.534752919095090595e-01
6.117158382047126475e-01 3.763134930022131175e-01 5.465743002484271251e-01
6.117158382047126475e-01 3.763134930022131175e-01 5.465743002484271251e-01
6.109713034951533839e-01 3.727338316237615579e-01 5.396539485083531318e-01
6.109713034951533839e-01 3.727338316237615579e-01 5.396539485083531318e-01
6.102195059132969890e-01 3.691509050327780317e-01 5.327123056096205733e-01
6.102195059132969890e-01 3.691509050327780317e-01 5.327123056096205733e-01
6.094596981681569270e-01 3.655651121542655146e-01 5.257475262451979381e-01
6.094596981681569270e-01 3.655651121542655146e-01 5.257475262451979381e-01
6.086910488577567113e-01 3.619769021890806293e-01 5.187578589010297669e-01
6.086910488577567113e-01 3.619769021890806293e-01 5.187578589010297669e-01
6.079126467806277301e-01 3.583867735775384533e-01 5.117416533026603043e-01
6.079126467806277301e-01 3.583867735775384533e-01 5.117416533026603043e-01
6.071234852935198933e-01 3.547952819252287449e-01 5.046974066974807549e-01
6.071234852935198933e-01 3.547952819252287449e-01 5.046974066974807549e-01
6.063225543193990763e-01 3.512029998002771936e-01 4.976235999587345082e-01
6.063225543193990763e-01 3.512029998002771936e-01 4.976235999587345082e-01
6.055087894009503202e-01 3.476105394753672972e-01 4.905188061250164711e-01
6.055087894009503202e-01 3.476105394753672972e-01 4.905188061250164711e-01
6.046810049780004803e-01 3.440185846234737332e-01 4.833818386923384725e-01
6.046810049780004803e-01 3.440185846234737332e-01 4.833818386923384725e-01
6.038379593268354828e-01 3.404278626009631381e-01 4.762116401021713186e-01
6.038379593268354828e-01 3.404278626009631381e-01 4.762116401021713186e-01
6.029783596215627650e-01 3.368391433170571658e-01 4.690072849195174864e-01
6.029783596215627650e-01 3.368391433170571658e-01 4.690072849195174864e-01
6.021008669398829616e-01 3.332532381896152196e-01 4.617679822151543600e-01
6.021008669398829616e-01 3.332532381896152196e-01 4.617679822151543600e-01
6.012041011617309527e-01 3.296709992186713789e-01 4.544930771569016259e-01
6.012041011617309527e-01 3.296709992186713789e-01 4.544930771569016259e-01
6.002866457121032173e-01 3.260933182081245940e-01 4.471820518240235409e-01
6.002866457121032173e-01 3.260933182081245940e-01 4.471820518240235409e-01
5.993470521030325182e-01 3.225211261643420313e-01 4.398345252674558115e-01
5.993470521030325182e-01 3.225211261643420313e-01 4.398345252674558115e-01
5.983838442340893016e-01 3.189553928983238085e-01 4.324502528461722228e-01
5.983838442340893016e-01 3.189553928983238085e-01 4.324502528461722228e-01
5.973955224157663224e-01 3.153971268553792950e-01 4.250291248764928032e-01
5.973955224157663224e-01 3.153971268553792950e-01 4.250291248764928032e-01
5.963806840975015566e-01 3.118473167238751675e-01 4.175708835462494384e-01
5.963806840975015566e-01 3.118473167238751675e-01 4.175708835462494384e-01
5.953379118639010592e-01 3.083069877368510014e-01 4.100753724608445783e-01
5.953379118639010592e-01 3.083069877368510014e-01 4.100753724608445783e-01
5.942654577127473026e-01 3.047773639813532998e-01 4.025433301209002668e-01
5.942654577127473026e-01 3.047773639813532998e-01 4.025433301209002668e-01
5.931617533299473610e-01 3.012596158451517625e-01 3.949751714144013048e-01
5.931617533299473610e-01 3.012596158451517625e-01 3.949751714144013048e-01
5.920252216804132717e-01 2.977549558011910458e-01 3.873714322470512839e-01
5.920252216804132717e-01 2.977549558011910458e-01 3.873714322470512839e-01
5.908542790312970583e-01 2.942646398559940479e-01 3.797327650344533567e-01
5.908542790312970583e-01 2.942646398559940479e-01 3.797327650344533567e-01
5.896473366223567991e-01 2.907899692736787278e-01 3.720599338039762283e-01
5.896473366223567991e-01 2.907899692736787278e-01 3.720599338039762283e-01
5.884028019962769251e-01 2.873322925616267898e-01 3.643538089384407708e-01
5.884028019962769251e-01 2.873322925616267898e-01 3.643538089384407708e-01
5.871190800079363337e-01 2.838930076968316230e-01 3.566153615853087655e-01
5.871190800079363337e-01 2.838930076968316230e-01 3.566153615853087655e-01
5.857945735376430818e-01 2.804735645642814634e-01 3.488456577443499462e-01
5.857945735376430818e-01 2.804735645642814634e-01 3.488456577443499462e-01
5.844276839393935941e-01 2.770754675703451242e-01 3.410458520337160127e-01
5.844276839393935941e-01 2.770754675703451242e-01 3.410458520337160127e-01
5.830168112612482689e-01 2.737002783847598542e-01 3.332171811185543620e-01
5.830168112612482689e-01 2.737002783847598542e-01 3.332171811185543620e-01
5.815603542809338888e-01 2.703496187546435281e-01 3.253609567675002090e-01
5.815603542809338888e-01 2.703496187546435281e-01 3.253609567675002090e-01
5.800567104059726198e-01 2.670251733225175728e-01 3.174785584800617899e-01
5.800567104059726198e-01 2.670251733225175728e-01 3.174785584800617899e-01
5.785042754938474197e-01 2.637286923679798001e-01 3.095714256015296151e-01
5.785042754938474197e-01 2.637286923679798001e-01 3.095714256015296151e-01
5.769014436541900492e-01 2.604619943789323044e-01 3.016410488108163257e-01
5.769014436541900492e-01 2.604619943789323044e-01 3.016410488108163257e-01
5.752466071014775695e-01 2.572269683435313703e-01 2.936889608296677223e-01
5.752466071014775695e-01 2.572269683435313703e-01 2.936889608296677223e-01
5.735381561334840228e-01 2.540255756381143981e-01 2.857167261577934769e-01
5.735381561334840228e-01 2.540255756381143981e-01 2.857167261577934769e-01
5.717745478834223016e-01 2.508598161486749745e-01 2.777256441270403164e-01
5.717745478834223016e-01 2.508598161486749745e-01 2.777256441270403164e-01
5.699541580529648988e-01 2.477318065562088556e-01 2.697173177475445938e-01
5.699541580529648988e-01 2.477318065562088556e-01 2.697173177475445938e-01
5.680752852766847161e-01 2.446437762869271282e-01 2.616936940723400551e-01
5.680752852766847161e-01 2.446437762869271282e-01 2.616936940723400551e-01
5.661363183534585675e-01 2.415979811686131129e-01 2.536563411576601146e-01
5.661363183534585675e-01 2.415979811686131129e-01 2.536563411576601146e-01
5.641356499755449949e-01 2.385967465783787878e-01 2.456067792236071579e-01
5.641356499755449949e-01 2.385967465783787878e-01 2.456067792236071579e-01
5.620716793486545404e-01 2.356424633651510170e-01 2.375464562854267547e-01
5.620716793486545404e-01 2.356424633651510170e-01 2.375464562854267547e-01
5.599428156004561119e-01 2.327375820647469284e-01 2.294767192190193261e-01
5.599428156004561119e-01 2.327375820647469284e-01 2.294767192190193261e-01
5.577474820866762384e-01 2.298846051750431385e-01 2.213987791740779365e-01
5.577474820866762384e-01 2.298846051750431385e-01 2.213987791740779365e-01
5.554841217010414445e-01 2.270860772610958644e-01 2.133136699834625449e-01
5.554841217010414445e-01 2.270860772610958644e-01 2.133136699834625449e-01
5.531512032886408692e-01 2.243445726714846655e-01 2.052221978770550903e-01
5.531512032886408692e-01 2.243445726714846655e-01 2.052221978770550903e-01
5.507472292508400757e-01 2.216626806698081820e-01 1.971248803643703418e-01
5.507472292508400757e-01 2.216626806698081820e-01 1.971248803643703418e-01
5.482707444128553931e-01 2.190429878214353032e-01 1.890218715621790058e-01
5.482707444128553931e-01 2.190429878214353032e-01 1.890218715621790058e-01
5.457203462015364215e-01 2.164880575274540642e-01 1.809128704516494435e-01
5.457203462015364215e-01 2.164880575274540642e-01 1.809128704516494435e-01
5.430946961499532044e-01 2.140004066671010174e-01 1.727970074648311760e-01
5.430946961499532044e-01 2.140004066671010174e-01 1.727970074648311760e-01
5.403925327066569917e-01 2.115824793978321738e-01 1.646727032872040142e-01
5.403925327066569917e-01 2.115824793978321738e-01 1.646727032872040142e-01
5.376127005791762059e-01 2.092366221812217431e-01 1.565372557612762783e-01
5.376127005791762059e-01 2.092366221812217431e-01 1.565372557612762783e-01
5.347541121061286651e-01 2.069650454456473110e-01 1.483873568802669685e-01
5.347541121061286651e-01 2.069650454456473110e-01 1.483873568802669685e-01
5.318158228386279385e-01 2.047697879253947695e-01 1.402181175742408248e-01
5.318158228386279385e-01 2.047697879253947695e-01 1.402181175742408248e-01
5.287970334103909709e-01 2.026526859741583364e-01 1.320228188849199291e-01
5.287970334103909709e-01 2.026526859741583364e-01 1.320228188849199291e-01
5.256971022949200600e-01 2.006153380398385810e-01 1.237924717322294588e-01
5.256971022949200600e-01 2.006153380398385810e-01 1.237924717322294588e-01
5.225155626815699561e-01 1.986590697583398568e-01 1.155151500160840061e-01
5.225155626815699561e-01 1.986590697583398568e-01 1.155151500160840061e-01
5.192521386812949391e-01 1.967849004250395717e-01 1.071750732041416854e-01
5.192521386812949391e-01 1.967849004250395717e-01 1.071750732041416854e-01
5.159067603297090576e-01 1.949935119635112235e-01 9.875131108024971793e-02
5.159067603297090576e-01 1.949935119635112235e-01 9.875131108024971793e-02
5.124795768219468917e-01 1.932852215607434865e-01 9.021589840523347448e-02
5.124795768219468917e-01 1.932852215607434865e-01 9.021589840523347448e-02
5.089709674033392472e-01 1.916599591326026419e-01 8.153098996953282718e-02
5.089709674033392472e-01 1.916599591326026419e-01 8.153098996953282718e-02
5.053815493566272687e-01 1.901172507140103107e-01 7.264437855266070443e-02
5.053815493566272687e-01 1.901172507140103107e-01 7.264437855266070443e-02
5.017121825736710061e-01 1.886562087309707758e-01 6.348205292021408264e-02
5.017121825736710061e-01 1.886562087309707758e-01 6.348205292021408264e-02
4.979639702785967348e-01 1.872755299069023827e-01 5.393500127088138307e-02
4.979639702785967348e-01 1.872755299069023827e-01 5.393500127088138307e-02
4.941382555791030695e-01 1.859735012905306129e-01 4.383372487718942973e-02
4.941382555791030695e-01 1.859735012905306129e-01 4.383372487718942973e-02
4.902366136595142088e-01 1.847480145797543716e-01 3.289895146402269793e-02
4.902366136595142088e-01 1.847480145797543716e-01 3.289895146402269793e-02
4.862608395866985234e-01 1.835965885737984027e-01 2.210922894520177609e-02
4.862608395866985234e-01 1.835965885737984027e-01 2.210922894520177609e-02
4.822129318695566602e-01 1.825163992368962207e-01 1.220855487317498364e-02
4.822129318695566602e-01 1.825163992368962207e-01 1.220855487317498364e-02
4.780950720839513002e-01 1.815043165251684631e-01 3.145937473652032218e-03
4.780950720839513002e-01 1.815043165251684631e-01 3.145937473652032218e-03
4.739096010364639011e-01 1.805569468380734399e-01 0.000000000000000000e+00
4.739096010364639011e-01 1.805569468380734399e-01 0.000000000000000000e+00
4.696589920813013519e-01 1.796706797277283774e-01 0.000000000000000000e+00
4.696589920813013519e-01 1.796706797277283774e-01 0.000000000000000000e+00
4.653458223153039697e-01 1.788417373491622553e-01 0.000000000000000000e+00
4.653458223153039697e-01 1.788417373491622553e-01 0.000000000000000000e+00
4.609727424491543712e-01 1.780662250708959227e-01 0.000000000000000000e+00
4.609727424491543712e-01 1.780662250708959227e-01 0.000000000000000000e+00
4.565424461841733339e-01 1.773401816894421557e-01 0.000000000000000000e+00
4.565424461841733339e-01 1.773401816894421557e-01 0.000000000000000000e+00
4.520576399128009570e-01 1.766596277970878537e-01 0.000000000000000000e+00
4.520576399128009570e-01 1.766596277970878537e-01 0.000000000000000000e+00
4.475228328957548962e-01 1.760183015359797210e-01 0.000000000000000000e+00
4.475228328957548962e-01 1.760183015359797210e-01 0.000000000000000000e+00
4.429395483772602948e-01 1.754138421414249693e-01 0.000000000000000000e+00
4.429395483772602948e-01 1.754138421414249693e-01 0.000000000000000000e+00
4.383104066637457663e-01 1.748424556878565017e-01 0.000000000000000000e+00
4.383104066637457663e-01 1.748424556878565017e-01 0.000000000000000000e+00
4.336379844341599066e-01 1.743004266841469974e-01 0.000000000000000000e+00
4.336379844341599066e-01 1.743004266841469974e-01 0.000000000000000000e+00
4.289247444398503473e-01 1.737842085215413057e-01 0.000000000000000000e+00
4.289247444398503473e-01 1.737842085215413057e-01 0.000000000000000000e+00
4.241730179571355785e-01 1.732904440082720932e-01 0.000000000000000000e+00
4.241730179571355785e-01 1.732904440082720932e-01 0.000000000000000000e+00
4.193849907362744989e-01 1.728159799712114253e-01 0.000000000000000000e+00
4.193849907362744989e-01 1.728159799712114253e-01 0.000000000000000000e+00
4.145639830325157926e-01 1.723564199543097808e-01 0.000000000000000000e+00
4.145639830325157926e-01 1.723564199543097808e-01 0.000000000000000000e+00
4.097163858444160534e-01 1.719040839408356169e-01 0.000000000000000000e+00
4.097163858444160534e-01 1.719040839408356169e-01 0.000000000000000000e+00
4.048393922189136851e-01 1.714616922362708906e-01 0.000000000000000000e+00
4.048393922189136851e-01 1.714616922362708906e-01 0.000000000000000000e+00
3.999345875137161888e-01 1.710269496226130281e-01 0.000000000000000000e+00
3.999345875137161888e-01 1.710269496226130281e-01 0.000000000000000000e+00
3.950033784384775482e-01 1.705977789116994714e-01 0.000000000000000000e+00
3.950033784384775482e-01 1.705977789116994714e-01 0.000000000000000000e+00
3.900502738405249303e-01 1.701688897342303053e-01 0.000000000000000000e+00
3.900502738405249303e-01 1.701688897342303053e-01 0.000000000000000000e+00
3.850817293497445504e-01 1.697332206711645863e-01 0.000000000000000000e+00
3.850817293497445504e-01 1.697332206711645863e-01 0.000000000000000000e+00
3.800915490025099652e-01 1.692968598293253801e-01 0.000000000000000000e+00
3.800915490025099652e-01 1.692968598293253801e-01 0.000000000000000000e+00
3.750804855691623474e-01 1.688585293982707847e-01 0.000000000000000000e+00
3.750804855691623474e-01 1.688585293982707847e-01 0.000000000000000000e+00
3.700547267619583303e-01 1.684116233825584119e-01 0.000000000000000000e+00
3.700547267619583303e-01 1.684116233825584119e-01 0.000000000000000000e+00
3.650199253680841971e-01 1.679503877771491016e-01 0.000000000000000000e+00
3.650199253680841971e-01 1.679503877771491016e-01 0.000000000000000000e+00
3.599672840379060657e-01 1.674831086323431140e-01 0.000000000000000000e+00
3.599672840379060657e-01 1.674831086323431140e-01 0.000000000000000000e+00
3.548969641838801148e-01 1.670091256263155632e-01 0.000000000000000000e+00
3.548969641838801148e-01 1.670091256263155632e-01 0.000000000000000000e+00
3.498279134776753341e-01 1.665104382793274607e-01 0.000000000000000000e+00
3.498279134776753341e-01 1.665104382793274607e-01 0.000000000000000000e+00
3.447436495170433379e-01 1.660022685830593037e-01 0.000000000000000000e+00
3.447436495170433379e-01 1.660022685830593037e-01 0.000000000000000000e+00
3.396431848486745619e-01 1.654850216609413394e-01 0.000000000000000000e+00
3.396431848486745619e-01 1.654850216609413394e-01 0.000000000000000000e+00
3.345469615396932106e-01 1.649401708931877986e-01 0.000000000000000000e+00
3.345469615396932106e-01 1.649401708931877986e-01 0.000000000000000000e+00
3.294380538681774828e-01 1.643826647771400307e-01 0.000000000000000000e+00
3.294380538681774828e-01 1.643826647771400307e-01 0.000000000000000000e+00
3.243148601571667067e-01 1.638134334659038516e-01 0.000000000000000000e+00
3.243148601571667067e-01 1.638134334659038516e-01 0.000000000000000000e+00
3.192009094028536720e-01 1.632122130476920396e-01 0.000000000000000000e+00
3.192009094028536720e-01 1.632122130476920396e-01 0.000000000000000000e+00
3.140715995786931281e-01 1.625997333952028667e-01 0.000000000000000000e+00
3.140715995786931281e-01 1.625997333952028667e-01 0.000000000000000000e+00
3.089380713167750314e-01 1.619663453384058427e-01 0.000000000000000000e+00
3.089380713167750314e-01 1.619663453384058427e-01 0.000000000000000000e+00
3.038064817134046303e-01 1.613069550720468148e-01 0.000000000000000000e+00
3.038064817134046303e-01 1.613069550720468148e-01 0.000000000000000000e+00
2.986585261726423246e-01 1.606360237132975211e-01 0.000000000000000000e+00
2.986585261726423246e-01 1.606360237132975211e-01 0.000000000000000000e+00
2.935227896905099887e-01 1.599307454719758326e-01 0.000000000000000000e+00
2.935227896905099887e-01 1.599307454719758326e-01 0.000000000000000000e+00
2.883738013886904539e-01 1.592109328324612105e-01 0.000000000000000000e+00
2.883738013886904539e-01 1.592109328324612105e-01 0.000000000000000000e+00
2.832243088134243081e-01 1.584664593713669134e-01 0.000000000000000000e+00
2.832243088134243081e-01 1.584664593713669134e-01 0.000000000000000000e+00
2.780751324110438683e-01 1.576966126253103728e-01 0.000000000000000000e+00
2.780751324110438683e-01 1.576966126253103728e-01 0.000000000000000000e+00
2.729138636429247478e-01 1.569102943590918176e-01 0.000000000000000000e+00
2.729138636429247478e-01 1.569102943590918176e-01 0.000000000000000000e+00
2.677647687943060517e-01 1.560896495249539939e-01 0.000000000000000000e+00
2.677647687943060517e-01 1.560896495249539939e-01 0.000000000000000000e+00
2.625951980302484445e-01 1.552578655021217835e-01 0.000000000000000000e+00
2.625951980302484445e-01 1.552578655021217835e-01 0.000000000000000000e+00
2.574439768201564060e-01 1.543873226490053985e-01 0.000000000000000000e+00
2.574439768201564060e-01 1.543873226490053985e-01 0.000000000000000000e+00
2.522725080421064359e-01 1.535046475034160529e-01 0.000000000000000000e+00
2.522725080421064359e-01 1.535046475034160529e-01 0.000000000000000000e+00
2.471129812804211401e-01 1.525875537814805061e-01 0.000000000000000000e+00
2.471129812804211401e-01 1.525875537814805061e-01 0.000000000000000000e+00
2.419383306461800054e-01 1.516539946757049229e-01 0.000000000000000000e+00
2.419383306461800054e-01 1.516539946757049229e-01 0.000000000000000000e+00
2.367706596360193427e-01 1.506892302071723422e-01 0.000000000000000000e+00
2.367706596360193427e-01 1.506892302071723422e-01 0.000000000000000000e+00
2.315904861751745814e-01 1.497056675034034723e-01 0.000000000000000000e+00
2.315904861751745814e-01 1.497056675034034723e-01 0.000000000000000000e+00
2.264141482151463547e-01 1.486925468396774752e-01 0.000000000000000000e+00
2.264141482151463547e-01 1.486925468396774752e-01 0.000000000000000000e+00
2.212257935784857077e-01 1.476593721678841897e-01 0.000000000000000000e+00
2.212257935784857077e-01 1.476593721678841897e-01 0.000000000000000000e+00
2.160401006295688819e-01 1.465967184951639801e-01 0.000000000000000000e+00
2.160401006295688819e-01 1.465967184951639801e-01 0.000000000000000000e+00
2.108403643960017615e-01 1.455141432854968886e-01 0.000000000000000000e+00
2.108403643960017615e-01 1.455141432854968886e-01 0.000000000000000000e+00
2.056440577930036262e-01 1.444008555986784348e-01 0.000000000000000000e+00
2.056440577930036262e-01 1.444008555986784348e-01 0.000000000000000000e+00
2.004289875369077434e-01 1.432691016513773785e-01 0.000000000000000000e+00
2.004289875369077434e-01 1.432691016513773785e-01 0.000000000000000000e+00
1.952201233480236053e-01 1.421041762761296179e-01 0.000000000000000000e+00
1.952201233480236053e-01 1.421041762761296179e-01 0.000000000000000000e+00
1.899848913056811917e-01 1.409234654987318591e-01 0.000000000000000000e+00
1.899848913056811917e-01 1.409234654987318591e-01 0.000000000000000000e+00
1.847607195080995801e-01 1.397059789063403723e-01 0.000000000000000000e+00
1.847607195080995801e-01 1.397059789063403723e-01 0.000000000000000000e+00
1.795004319525824177e-01 1.384760106747210950e-01 0.000000000000000000e+00
1.795004319525824177e-01 1.384760106747210950e-01 0.000000000000000000e+00
1.742562757168076848e-01 1.372055904657691061e-01 0.000000000000000000e+00
1.742562757168076848e-01 1.372055904657691061e-01 0.000000000000000000e+00
1.689744116834542287e-01 1.359213441465159933e-01 0.000000000000000000e+00
1.689744116834542287e-01 1.359213441465159933e-01 0.000000000000000000e+00
1.636948066279866887e-01 1.346023073529812875e-01 0.000000000000000000e+00
1.636948066279866887e-01 1.346023073529812875e-01 0.000000000000000000e+00
1.583857821170149283e-01 1.332629434840477689e-01 0.000000000000000000e+00
1.583857821170149283e-01 1.332629434840477689e-01 0.000000000000000000e+00
1.530613247522130960e-01 1.318953331083064229e-01 0.000000000000000000e+00
1.530613247522130960e-01 1.318953331083064229e-01 0.000000000000000000e+00
1.477178987893610351e-01 1.304999885537388160e-01 0.000000000000000000e+00
1.477178987893610351e-01 1.304999885537388160e-01 0.000000000000000000e+00
1.423370053771220167e-01 1.290837142914164348e-01 0.000000000000000000e+00
1.423370053771220167e-01 1.290837142914164348e-01 0.000000000000000000e+00
1.369497787357811247e-01 1.276314679833969457e-01 0.000000000000000000e+00
1.369497787357811247e-01 1.276314679833969457e-01 0.000000000000000000e+00
1.315064697833671359e-01 1.261627944755469299e-01 0.000000000000000000e+00
1.315064697833671359e-01 1.261627944755469299e-01 0.000000000000000000e+00
1.260546436993061903e-01 1.246561120792400307e-01 0.000000000000000000e+00
1.260546436993061903e-01 1.246561120792400307e-01 0.000000000000000000e+00
1.205471719936689196e-01 1.231285792759178876e-01 0.000000000000000000e+00
1.205471719936689196e-01 1.231285792759178876e-01 0.000000000000000000e+00
1.149977120295724298e-01 1.215723231499286905e-01 0.000000000000000000e+00
1.149977120295724298e-01 1.215723231499286905e-01 0.000000000000000000e+00
1.094070505045412339e-01 1.199847178580780716e-01 0.000000000000000000e+00
1.094070505045412339e-01 1.199847178580780716e-01 0.000000000000000000e+00
1.037327321218302484e-01 1.183781020753772034e-01 0.000000000000000000e+00
1.037327321218302484e-01 1.183781020753772034e-01 0.000000000000000000e+00
