9.935517697427664885e-01 9.069273361111699350e-01 1.000000000000000000e+00
9.935517697427664885e-01 9.069273361111699350e-01 1.000000000000000000e+00
9.828156636733906826e-01 8.988703223795825314e-01 9.972606113119588667e-01
9.828156636733906826e-01 8.988703223795825314e-01 9.972606113119588667e-01
9.721675108930031284e-01 8.908390141962041486e-01 9.946393276162265318e-01
9.721675108930031284e-01 8.908390141962041486e-01 9.946393276162265318e-01
9.615911220556817574e-01 8.828379321745307706e-01 9.921458428065590418e-01
9.615911220556817574e-01 8.828379321745307706e-01 9.921458428065590418e-01
9.510716545071992156e-01 8.748711926737092748e-01 9.897875151680474159e-01
9.510716545071992156e-01 8.748711926737092748e-01 9.897875151680474159e-01
9.405954493876090838e-01 8.669425482662289628e-01 9.875697317521854313e-01
9.405954493876090838e-01 8.669425482662289628e-01 9.875697317521854313e-01
9.301498474650804482e-01 8.590554461122142937e-01 9.854961732825324727e-01
9.301498474650804482e-01 8.590554461122142937e-01 9.854961732825324727e-01
9.197230016863311430e-01 8.512130962728009509e-01 9.835689858221898785e-01
9.197230016863311430e-01 8.512130962728009509e-01 9.835689858221898785e-01
9.093036972202638291e-01 8.434185449233690957e-01 9.817888674819035266e-01
9.093036972202638291e-01 8.434185449233690957e-01 9.817888674819035266e-01
8.988811848342234123e-01 8.356747495737013587e-01 9.801550783222445773e-01
8.988811848342234123e-01 8.356747495737013587e-01 9.801550783222445773e-01
8.884450302949319367e-01 8.279846548765447123e-01 9.786653804220283304e-01
8.884450302949319367e-01 8.279846548765447123e-01 9.786653804220283304e-01
8.779849806511685895e-01 8.203512685492400092e-01 9.773159135555672394e-01
8.779849806511685895e-01 8.203512685492400092e-01 9.773159135555672394e-01
8.674908473394120634e-01 8.127777374719394876e-01 9.761010104728928827e-01
8.674908473394120634e-01 8.127777374719394876e-01 9.761010104728928827e-01
8.569488344838139815e-01 8.052677326880721687e-01 9.750223147255711043e-01
8.569488344838139815e-01 8.052677326880721687e-01 9.750223147255711043e-01
8.463389216531015391e-01 7.978258616513768109e-01 9.740934945937334000e-01
8.463389216531015391e-01 7.978258616513768109e-01 9.740934945937334000e-01
8.356601028509808016e-01 7.904554853312816265e-01 9.732748756087893360e-01
8.356601028509808016e-01 7.904554853312816265e-01 9.732748756087893360e-01
8.249012378940061563e-01 7.831612505020939530e-01 9.725500863980113264e-01
8.249012378940061563e-01 7.831612505020939530e-01 9.725500863980113264e-01
8.140250284831588301e-01 7.759513382791629610e-01 9.719574084480467890e-01
8.140250284831588301e-01 7.759513382791629610e-01 9.719574084480467890e-01
8.030373181615082512e-01 7.688301451866061953e-01 9.714263110234240273e-01
8.030373181615082512e-01 7.688301451866061953e-01 9.714263110234240273e-01
7.919002555138110466e-01 7.618080477940750717e-01 9.709768930846180979e-01
7.919002555138110466e-01 7.618080477940750717e-01 9.709768930846180979e-01
7.806108464234619015e-01 7.548922819530702322e-01 9.705440004438203871e-01
7.806108464234619015e-01 7.548922819530702322e-01 9.705440004438203871e-01
7.691189987304747344e-01 7.480980891798595378e-01 9.701440246871231299e-01
7.691189987304747344e-01 7.480980891798595378e-01 9.701440246871231299e-01
7.574141943500926066e-01 7.414368684381690278e-01 9.697007113877230688e-01
7.574141943500926066e-01 7.414368684381690278e-01 9.697007113877230688e-01
7.454650972735784586e-01 7.349249663196291138e-01 9.691619290657571550e-01
7.454650972735784586e-01 7.349249663196291138e-01 9.691619290657571550e-01
7.332392813913017893e-01 7.285812211959468154e-01 9.684578880804299850e-01
7.332392813913017893e-01 7.285812211959468154e-01 9.684578880804299850e-01
7.207088366856485573e-01 7.224258927846112233e-01 9.674929323158033556e-01
7.207088366856485573e-01 7.224258927846112233e-01 9.674929323158033556e-01
7.078493445519987715e-01 7.164804988870254743e-01 9.661499156986356196e-01
7.078493445519987715e-01 7.164804988870254743e-01 9.661499156986356196e-01
6.946418021922403652e-01 7.107668402538599439e-01 9.642917538651840648e-01
6.946418021922403652e-01 7.107668402538599439e-01 9.642917538651840648e-01
6.811148945128254750e-01 7.052945867808579905e-01 9.617372265573687073e-01
6.811148945128254750e-01 7.052945867808579905e-01 9.617372265573687073e-01
6.673075439151285870e-01 7.000672516365638032e-01 9.583234662062903864e-01
6.673075439151285870e-01 7.000672516365638032e-01 9.583234662062903864e-01
6.533028122064563625e-01 6.950701379875112718e-01 9.539044507203853218e-01
6.533028122064563625e-01 6.950701379875112718e-01 9.539044507203853218e-01
6.392206324854048383e-01 6.902685025640713512e-01 9.483898209400121182e-01
6.392206324854048383e-01 6.902685025640713512e-01 9.483898209400121182e-01
6.251842782734158277e-01 6.856164882272345329e-01 9.417725548884763320e-01
6.251842782734158277e-01 6.856164882272345329e-01 9.417725548884763320e-01
6.113035156502634182e-01 6.810643053145172265e-01 9.341215819340049631e-01
6.113035156502634182e-01 6.810643053145172265e-01 9.341215819340049631e-01
5.976583138853687194e-01 6.765670515040950184e-01 9.255579308402118732e-01
5.976583138853687194e-01 6.765670515040950184e-01 9.255579308402118732e-01
5.842954010569811896e-01 6.720895490798716176e-01 9.162244662467544654e-01
5.842954010569811896e-01 6.720895490798716176e-01 9.162244662467544654e-01
5.712392517405544545e-01 6.676049279187455943e-01 9.062649592325098258e-01
5.712392517405544545e-01 6.676049279187455943e-01 9.062649592325098258e-01
5.584891756395360396e-01 6.630973679763246809e-01 8.958073580137516645e-01
5.584891756395360396e-01 6.630973679763246809e-01 8.958073580137516645e-01
5.460314244387410865e-01 6.585582487200946078e-01 8.849590268426403838e-01
5.460314244387410865e-01 6.585582487200946078e-01 8.849590268426403838e-01
5.338570139091830535e-01 6.539789885232752953e-01 8.738159555707837312e-01
5.338570139091830535e-01 6.539789885232752953e-01 8.738159555707837312e-01
5.219385605135734574e-01 6.493603648923780280e-01 8.624470725048403175e-01
5.219385605135734574e-01 6.493603648923780280e-01 8.624470725048403175e-01
5.102579362273680363e-01 6.447009473792475465e-01 8.509143424582985560e-01
5.102579362273680363e-01 6.447009473792475465e-01 8.509143424582985560e-01
4.987964707355792005e-01 6.400007981329817186e-01 8.392684943447044077e-01
4.987964707355792005e-01 6.400007981329817186e-01 8.392684943447044077e-01
4.875297836235573112e-01 6.352634568596732256e-01 8.275449334113181843e-01
4.875297836235573112e-01 6.352634568596732256e-01 8.275449334113181843e-01
4.764390096334346625e-01 6.304909738449724355e-01 8.157757380533435798e-01
4.764390096334346625e-01 6.304909738449724355e-01 8.157757380533435798e-01
4.655058024166757735e-01 6.256858306024135619e-01 8.039866712666293713e-01
4.655058024166757735e-01 6.256858306024135619e-01 8.039866712666293713e-01
4.547131000658660716e-01 6.208504696981852478e-01 7.921991251951678858e-01
4.547131000658660716e-01 6.208504696981852478e-01 7.921991251951678858e-01
4.440433653251480428e-01 6.159879222102205842e-01 7.804290370553580436e-01
4.440433653251480428e-01 6.159879222102205842e-01 7.804290370553580436e-01
4.334792808146768484e-01 6.111014035205096784e-01 7.686883454544775063e-01
4.334792808146768484e-01 6.111014035205096784e-01 7.686883454544775063e-01
4.230049961395629943e-01 6.061937010681280880e-01 7.569871957566167708e-01
4.230049961395629943e-01 6.061937010681280880e-01 7.569871957566167708e-01
4.126051061082249838e-01 6.012675379065638426e-01 7.453333275053944940e-01
4.126051061082249838e-01 6.012675379065638426e-01 7.453333275053944940e-01
4.022645825956764343e-01 5.963255407994443313e-01 7.337324511908687175e-01
4.022645825956764343e-01 5.963255407994443313e-01 7.337324511908687175e-01
3.919687046193587321e-01 5.913702167317692604e-01 7.221885509742961284e-01
3.919687046193587321e-01 5.913702167317692604e-01 7.221885509742961284e-01
3.817029883732429574e-01 5.864039349486365182e-01 7.107041292337572536e-01
3.817029883732429574e-01 5.864039349486365182e-01 7.107041292337572536e-01
3.714531175373037009e-01 5.814289125022943372e-01 6.992804056834824866e-01
3.714531175373037009e-01 5.814289125022943372e-01 6.992804056834824866e-01
3.612050387901826753e-01 5.764471394070519450e-01 6.879176900837726816e-01
3.612050387901826753e-01 5.764471394070519450e-01 6.879176900837726816e-01
3.509445055480572284e-01 5.714605160133984230e-01 6.766150297586824847e-01
3.509445055480572284e-01 5.714605160133984230e-01 6.766150297586824847e-01
3.406570389540420352e-01 5.664708203281388910e-01 6.653703825983376952e-01
3.406570389540420352e-01 5.664708203281388910e-01 6.653703825983376952e-01
3.303282381027901615e-01 5.614795507104967109e-01 6.541812146477429257e-01
3.303282381027901615e-01 5.614795507104967109e-01 6.541812146477429257e-01
3.199434748620937352e-01 5.564879965416829055e-01 6.430443219147534695e-01
3.199434748620937352e-01 5.564879965416829055e-01 6.430443219147534695e-01
3.094877812474434720e-01 5.514972284535536451e-01 6.319559080959381570e-01
3.094877812474434720e-01 5.514972284535536451e-01 6.319559080959381570e-01
2.989457142749301077e-01 5.465080884790974869e-01 6.209116558429529364e-01
2.989457142749301077e-01 5.465080884790974869e-01 6.209116558429529364e-01
2.883011900529534599e-01 5.415211801935801983e-01 6.099067933543987907e-01
2.883011900529534599e-01 5.415211801935801983e-01 6.099067933543987907e-01
2.775372762644538471e-01 5.365368589359491569e-01 5.989361576277157928e-01
2.775372762644538471e-01 5.365368589359491569e-01 5.989361576277157928e-01
2.666359284335148572e-01 5.315552222026564966e-01 5.879942553557814255e-01
2.666359284335148572e-01 5.315552222026564966e-01 5.879942553557814255e-01
2.555776498461798107e-01 5.265761002949312930e-01 5.770753221880751127e-01
2.555776498461798107e-01 5.265761002949312930e-01 5.770753221880751127e-01
2.443407057964177009e-01 5.215991406340300118e-01 5.661730249977298124e-01
2.443407057964177009e-01 5.215991406340300118e-01 5.661730249977298124e-01
2.329013897909327224e-01 5.166235556165204024e-01 5.552814329530090243e-01
2.329013897909327224e-01 5.166235556165204024e-01 5.552814329530090243e-01
2.212326003874808822e-01 5.116482991784828682e-01 5.443943911743959196e-01
2.212326003874808822e-01 5.116482991784828682e-01 5.443943911743959196e-01
2.093028175438591265e-01 5.066720352124503002e-01 5.335056626679564040e-01
2.093028175438591265e-01 5.066720352124503002e-01 5.335056626679564040e-01
1.970746006947239892e-01 5.016931182161407099e-01 5.226090301739123589e-01
1.970746006947239892e-01 5.016931182161407099e-01 5.226090301739123589e-01
1.845023608568734652e-01 4.967095860235097304e-01 5.116983544247384330e-01
1.845023608568734652e-01 4.967095860235097304e-01 5.116983544247384330e-01
1.715290462010202743e-01 4.917191527469801926e-01 5.007676336606872169e-01
1.715290462010202743e-01 4.917191527469801926e-01 5.007676336606872169e-01
1.580810300991602468e-01 4.867192018783697560e-01 4.898110650516671050e-01
1.580810300991602468e-01 4.867192018783697560e-01 4.898110650516671050e-01
1.440598745143756854e-01 4.817067795239945993e-01 4.788231088445331629e-01
1.440598745143756854e-01 4.817067795239945993e-01 4.788231088445331629e-01
1.293283213092662753e-01 4.766785878012458899e-01 4.677985562420414190e-01
1.293283213092662753e-01 4.766785878012458899e-01 4.677985562420414190e-01
1.136847693480979721e-01 4.716309785042645530e-01 4.567326022136683483e-01
1.136847693480979721e-01 4.716309785042645530e-01 4.567326022136683483e-01
9.681234595539972565e-02 4.665599472602251496e-01 4.456209246259617007e-01
9.681234595539972565e-02 4.665599472602251496e-01 4.456209246259617007e-01
7.816353177810195230e-02 4.614611285503456006e-01 4.344597712440537163e-01
7.816353177810195230e-02 4.614611285503456006e-01 4.344597712440537163e-01
5.664322905468624492e-02 4.563297921660746104e-01 4.232460562742522692e-01
5.664322905468624492e-02 4.563297921660746104e-01 4.232460562742522692e-01
2.988728729332066486e-02 4.511611179992097709e-01 4.119756755095544398e-01
2.988728729332066486e-02 4.511611179992097709e-01 4.119756755095544398e-01
2.780130646688784568e-03 4.459494622937719699e-01 4.006480503118592384e-01
2.780130646688784568e-03 4.459494622937719699e-01 4.006480503118592384e-01
0.000000000000000000e+00 4.406889217095022460e-01 3.892631560001226232e-01
0.000000000000000000e+00 4.406889217095022460e-01 3.892631560001226232e-01
0.000000000000000000e+00 4.353733073978717227e-01 3.778217834211969328e-01
0.000000000000000000e+00 4.353733073978717227e-01 3.778217834211969328e-01
0.000000000000000000e+00 4.299961042931024213e-01 3.663260961704136731e-01
0.000000000000000000e+00 4.299961042931024213e-01 3.663260961704136731e-01
0.000000000000000000e+00 4.245509336521824384e-01 3.547749491332554683e-01
0.000000000000000000e+00 4.245509336521824384e-01 3.547749491332554683e-01
0.000000000000000000e+00 4.190302193853440715e-01 3.431780752264254053e-01
0.000000000000000000e+00 4.190302193853440715e-01 3.431780752264254053e-01
0.000000000000000000e+00 4.134266925170324014e-01 3.315431562680419275e-01
0.000000000000000000e+00 4.134266925170324014e-01 3.315431562680419275e-01
0.000000000000000000e+00 4.077332749011544077e-01 3.198736542288036500e-01
0.000000000000000000e+00 4.077332749011544077e-01 3.198736542288036500e-01
0.000000000000000000e+00 4.019422087742615113e-01 3.081881507411557974e-01
0.000000000000000000e+00 4.019422087742615113e-01 3.081881507411557974e-01
0.000000000000000000e+00 3.960464188719204914e-01 2.964971547978424993e-01
0.000000000000000000e+00 3.960464188719204914e-01 2.964971547978424993e-01
0.000000000000000000e+00 3.900389993527635935e-01 2.848215919326047008e-01
0.000000000000000000e+00 3.900389993527635935e-01 2.848215919326047008e-01
0.000000000000000000e+00 3.839137247860052171e-01 2.731803371671949754e-01
0.000000000000000000e+00 3.839137247860052171e-01 2.731803371671949754e-01
0.000000000000000000e+00 3.776654216737884151e-01 2.616010394423394225e-01
0.000000000000000000e+00 3.776654216737884151e-01 2.616010394423394225e-01
0.000000000000000000e+00 3.712899616905347422e-01 2.501081674052137438e-01
0.000000000000000000e+00 3.712899616905347422e-01 2.501081674052137438e-01
0.000000000000000000e+00 3.647852155241237959e-01 2.387355228454685618e-01
0.000000000000000000e+00 3.647852155241237959e-01 2.387355228454685618e-01
0.000000000000000000e+00 3.581507334546829568e-01 2.275143553603017899e-01
0.000000000000000000e+00 3.581507334546829568e-01 2.275143553603017899e-01
0.000000000000000000e+00 3.513884068048630516e-01 2.164786522428877591e-01
0.000000000000000000e+00 3.513884068048630516e-01 2.164786522428877591e-01
0.000000000000000000e+00 3.445023692022954886e-01 2.056613348090801652e-01
0.000000000000000000e+00 3.445023692022954886e-01 2.056613348090801652e-01
0.000000000000000000e+00 3.374991553708865943e-01 1.950941664944738640e-01
0.000000000000000000e+00 3.374991553708865943e-01 1.950941664944738640e-01
0.000000000000000000e+00 3.303871858502755998e-01 1.848046435695314405e-01
0.000000000000000000e+00 3.303871858502755998e-01 1.848046435695314405e-01
0.000000000000000000e+00 3.231763364982327413e-01 1.748151220535121564e-01
0.000000000000000000e+00 3.231763364982327413e-01 1.748151220535121564e-01
1.784521036557519535e-02 3.158785813008987975e-01 1.651458219685542628e-01
1.784521036557519535e-02 3.158785813008987975e-01 1.651458219685542628e-01
3.626320817243654931e-02 3.085046212611111116e-01 1.558048577996948014e-01
3.626320817243654931e-02 3.085046212611111116e-01 1.558048577996948014e-01
5.257831409102799863e-02 3.010679890059815289e-01 1.468027302985641380e-01
5.257831409102799863e-02 3.010679890059815289e-01 1.468027302985641380e-01
6.558216558060153689e-02 2.935787384641352360e-01 1.381360310102150435e-01
6.558216558060153689e-02 2.935787384641352360e-01 1.381360310102150435e-01
7.638370137387821834e-02 2.860482019145095811e-01 1.298020433678961916e-01
7.638370137387821834e-02 2.860482019145095811e-01 1.298020433678961916e-01
8.553401269248629701e-02 2.784872788074277961e-01 1.217944690102768512e-01
8.553401269248629701e-02 2.784872788074277961e-01 1.217944690102768512e-01
9.337823501360882628e-02 2.709033191656076145e-01 1.140996024652389390e-01
9.337823501360882628e-02 2.709033191656076145e-01 1.140996024652389390e-01
1.001302571537275171e-01 2.633041417462656519e-01 1.067046462845330917e-01
1.001302571537275171e-01 2.633041417462656519e-01 1.067046462845330917e-01
1.059421110301381475e-01 2.556964262631196694e-01 9.959504486845714710e-02
1.059421110301381475e-01 2.556964262631196694e-01 9.959504486845714710e-02
1.109284618117644811e-01 2.480857134428030020e-01 9.275504699185459223e-02
1.109284618117644811e-01 2.480857134428030020e-01 9.275504699185459223e-02
1.151797550649126395e-01 2.404764427358129231e-01 8.616819548711411592e-02
1.151797550649126395e-01 2.404764427358129231e-01 8.616819548711411592e-02
1.187697722571346703e-01 2.328720160739594369e-01 7.981773590301399768e-02
1.187697722571346703e-01 2.328720160739594369e-01 7.981773590301399768e-02
1.217602188288526982e-01 2.252748773606325083e-01 7.368694356368511722e-02
1.217602188288526982e-01 2.252748773606325083e-01 7.368694356368511722e-02
1.242036457963802271e-01 2.176865991653604837e-01 6.775937382484144289e-02
1.242036457963802271e-01 2.176865991653604837e-01 6.775937382484144289e-02
1.261453918647266192e-01 2.101079700204100953e-01 6.201904363904025413e-02
1.261453918647266192e-01 2.101079700204100953e-01 6.201904363904025413e-02
1.276249268738160469e-01 2.025390775464780690e-01 5.645055414786542825e-02
1.276249268738160469e-01 2.025390775464780690e-01 5.645055414786542825e-02
1.286625597265038390e-01 1.949830175864939175e-01 5.103920514756472154e-02
1.286625597265038390e-01 1.949830175864939175e-01 5.103920514756472154e-02
1.292987237007991452e-01 1.874365705081878775e-01 4.576996429421015256e-02
1.292987237007991452e-01 1.874365705081878775e-01 4.576996429421015256e-02
1.295635029251721859e-01 1.798973723447348239e-01 4.062917786096111733e-02
1.295635029251721859e-01 1.798973723447348239e-01 4.062917786096111733e-02
1.294595640406961123e-01 1.723695813579249336e-01 3.562363556799284792e-02
1.294595640406961123e-01 1.723695813579249336e-01 3.562363556799284792e-02
1.290277921760963342e-01 1.648453814031411169e-01 3.103545362022628804e-02
1.290277921760963342e-01 1.648453814031411169e-01 3.103545362022628804e-02
1.282694490838167667e-01 1.573274373275453109e-01 2.688318176210199167e-02
1.282694490838167667e-01 1.573274373275453109e-01 2.688318176210199167e-02
1.272120100498797812e-01 1.498093356159156953e-01 2.313123159802956894e-02
1.272120100498797812e-01 1.498093356159156953e-01 2.313123159802956894e-02
1.258545246719810773e-01 1.422929017357899839e-01 1.974470737014520985e-02
1.258545246719810773e-01 1.422929017357899839e-01 1.974470737014520985e-02
1.242226543565300295e-01 1.347698916558700277e-01 1.669705270572167249e-02
1.242226543565300295e-01 1.347698916558700277e-01 1.669705270572167249e-02
1.223089292082955443e-01 1.272428434337375125e-01 1.395950869150757584e-02
1.223089292082955443e-01 1.272428434337375125e-01 1.395950869150757584e-02
8.661884397609106445e-01 9.732342562928137930e-01 8.675455994426600759e-01
8.661884397609106445e-01 9.732342562928137930e-01 8.675455994426600759e-01
8.550853089988916800e-01 9.660035042008516815e-01 8.549433069337847302e-01
8.550853089988916800e-01 9.660035042008516815e-01 8.549433069337847302e-01
8.440909494536756874e-01 9.587936690631503334e-01 8.424612863478334601e-01
8.440909494536756874e-01 9.587936690631503334e-01 8.424612863478334601e-01
8.331469517181468998e-01 9.516314400031996579e-01 8.300081460771618902e-01
8.331469517181468998e-01 9.516314400031996579e-01 8.300081460771618902e-01
8.222437448961645856e-01 9.445197797316922106e-01 8.175705990753502350e-01
8.222437448961645856e-01 9.445197797316922106e-01 8.175705990753502350e-01
8.113830451224386398e-01 9.374562672701592936e-01 8.051535854106091072e-01
8.113830451224386398e-01 9.374562672701592936e-01 8.051535854106091072e-01
8.005595555805374852e-01 9.304418069656897883e-01 7.927504549902947284e-01
8.005595555805374852e-01 9.304418069656897883e-01 7.927504549902947284e-01
7.897738158632513494e-01 9.234745616984366690e-01 7.803640413967830591e-01
7.897738158632513494e-01 9.234745616984366690e-01 7.803640413967830591e-01
7.790212861149764523e-01 9.165550649835847441e-01 7.679887152233536574e-01
7.790212861149764523e-01 9.165550649835847441e-01 7.679887152233536574e-01
7.683011993120444361e-01 9.096820938573882964e-01 7.556249971998693082e-01
7.683011993120444361e-01 9.096820938573882964e-01 7.556249971998693082e-01
7.576143470970939653e-01 9.028537350523406779e-01 7.432759557207442302e-01
7.576143470970939653e-01 9.028537350523406779e-01 7.432759557207442302e-01
7.469589455459092475e-01 8.960692676085237895e-01 7.309403353513723722e-01
7.469589455459092475e-01 8.960692676085237895e-01 7.309403353513723722e-01
7.363319773122222189e-01 8.893285167118041290e-01 7.186147630268359121e-01
7.363319773122222189e-01 8.893285167118041290e-01 7.186147630268359121e-01
7.257329697319117034e-01 8.826301626388685095e-01 7.063000630852885875e-01
7.257329697319117034e-01 8.826301626388685095e-01 7.063000630852885875e-01
7.151622907205833490e-01 8.759725334533151608e-01 6.939984370437343175e-01
7.151622907205833490e-01 8.759725334533151608e-01 6.939984370437343175e-01
7.046178013750243885e-01 8.693550692560237936e-01 6.817078585760806275e-01
7.046178013750243885e-01 8.693550692560237936e-01 6.817078585760806275e-01
6.941318390181070441e-01 8.627665977166588673e-01 6.694309388682644357e-01
6.941318390181070441e-01 8.627665977166588673e-01 6.694309388682644357e-01
6.838022878674762106e-01 8.561810234089516358e-01 6.571190756085871776e-01
6.838022878674762106e-01 8.561810234089516358e-01 6.571190756085871776e-01
6.736421187922679854e-01 8.495975692299843063e-01 6.447279577975738585e-01
6.736421187922679854e-01 8.495975692299843063e-01 6.447279577975738585e-01
6.636842662589140796e-01 8.430081998578548008e-01 6.322326475819339819e-01
6.636842662589140796e-01 8.430081998578548008e-01 6.322326475819339819e-01
6.540071773574502867e-01 8.363908605940931773e-01 6.196245327107127165e-01
6.540071773574502867e-01 8.363908605940931773e-01 6.196245327107127165e-01
6.446955634729075735e-01 8.297242941173567088e-01 6.068691490426986190e-01
6.446955634729075735e-01 8.297242941173567088e-01 6.068691490426986190e-01
6.359166840508296836e-01 8.229635303960338710e-01 5.939446815168051286e-01
6.359166840508296836e-01 8.229635303960338710e-01 5.939446815168051286e-01
6.279342998549316546e-01 8.160375024491756113e-01 5.808277401462668132e-01
6.279342998549316546e-01 8.160375024491756113e-01 5.808277401462668132e-01
6.212582205604678665e-01 8.087985379769335736e-01 5.676125930164024336e-01
6.212582205604678665e-01 8.087985379769335736e-01 5.676125930164024336e-01
6.166386816051374620e-01 8.010002388374776183e-01 5.548292544377460001e-01
6.166386816051374620e-01 8.010002388374776183e-01 5.548292544377460001e-01
6.141911874939218752e-01 7.925256551705152086e-01 5.436305372236946987e-01
6.141911874939218752e-01 7.925256551705152086e-01 5.436305372236946987e-01
6.127932126759082498e-01 7.836557653555712433e-01 5.344156307497215375e-01
6.127932126759082498e-01 7.836557653555712433e-01 5.344156307497215375e-01
6.116008167655470062e-01 7.746651058465863215e-01 5.266175159798154315e-01
6.116008167655470062e-01 7.746651058465863215e-01 5.266175159798154315e-01
6.103411684893100819e-01 7.656668864418626486e-01 5.197147614748923727e-01
6.103411684893100819e-01 7.656668864418626486e-01 5.197147614748923727e-01
6.089478994660044719e-01 7.567014865357709619e-01 5.134023447995873513e-01
6.089478994660044719e-01 7.567014865357709619e-01 5.134023447995873513e-01
6.074064232982501199e-01 7.477860541948163631e-01 5.074992153313658827e-01
6.074064232982501199e-01 7.477860541948163631e-01 5.074992153313658827e-01
6.057264134022086743e-01 7.389253918173114277e-01 5.018996253661477391e-01
6.057264134022086743e-01 7.389253918173114277e-01 5.018996253661477391e-01
6.039189670217949280e-01 7.301212326039131506e-01 4.965344306927601536e-01
6.039189670217949280e-01 7.301212326039131506e-01 4.965344306927601536e-01
6.019920351481028442e-01 7.213748984574901435e-01 4.913528348061633189e-01
6.019920351481028442e-01 7.213748984574901435e-01 4.913528348061633189e-01
6.000057589409688585e-01 7.126850916575301342e-01 4.861027892646061499e-01
6.000057589409688585e-01 7.126850916575301342e-01 4.861027892646061499e-01
5.980381835405150781e-01 7.040426803164527847e-01 4.805531875814553766e-01
5.980381835405150781e-01 7.040426803164527847e-01 4.805531875814553766e-01
5.960832888428742038e-01 6.954487221311882461e-01 4.747020003904512397e-01
5.960832888428742038e-01 6.954487221311882461e-01 4.747020003904512397e-01
5.941372806420834873e-01 6.869041720142712304e-01 4.685386587890411625e-01
5.941372806420834873e-01 6.869041720142712304e-01 4.685386587890411625e-01
5.921925359252960819e-01 6.784096218618159702e-01 4.620760143706775791e-01
5.921925359252960819e-01 6.784096218618159702e-01 4.620760143706775791e-01
5.902441109817178067e-01 6.699653278171224802e-01 4.553196560578142704e-01
5.902441109817178067e-01 6.699653278171224802e-01 4.553196560578142704e-01
5.882877545371894001e-01 6.615712214477479369e-01 4.482767457208376438e-01
5.882877545371894001e-01 6.615712214477479369e-01 4.482767457208376438e-01
5.863203535987309145e-01 6.532267239434740302e-01 4.409563557127302857e-01
5.863203535987309145e-01 6.532267239434740302e-01 4.409563557127302857e-01
5.843393471263637062e-01 6.449309451755574907e-01 4.333692587371095195e-01
5.843393471263637062e-01 6.449309451755574907e-01 4.333692587371095195e-01
5.823423967595902084e-01 6.366828044529423414e-01 4.255277618786389993e-01
5.823423967595902084e-01 6.366828044529423414e-01 4.255277618786389993e-01
5.803285043461975379e-01 6.284806888159697458e-01 4.174449334716873738e-01
5.803285043461975379e-01 6.284806888159697458e-01 4.174449334716873738e-01
5.782963486001319042e-01 6.203230134464192691e-01 4.091348007608479054e-01
5.782963486001319042e-01 6.203230134464192691e-01 4.091348007608479054e-01
5.762449040055837024e-01 6.122080465020517392e-01 4.006118096943796503e-01
5.762449040055837024e-01 6.122080465020517392e-01 4.006118096943796503e-01
5.741734272619249957e-01 6.041339385765580605e-01 3.918904465666427361e-01
5.741734272619249957e-01 6.041339385765580605e-01 3.918904465666427361e-01
5.720811493994144570e-01 5.960988464058304404e-01 3.829850760731969284e-01
5.720811493994144570e-01 5.960988464058304404e-01 3.829850760731969284e-01
5.699672922976625200e-01 5.881009494213442768e-01 3.739096662199453136e-01
5.699672922976625200e-01 5.881009494213442768e-01 3.739096662199453136e-01
5.678305650811247274e-01 5.801386341968594040e-01 3.646779546649699388e-01
5.678305650811247274e-01 5.801386341968594040e-01 3.646779546649699388e-01
5.656697438951705514e-01 5.722103219108611860e-01 3.553028940705222349e-01
5.656697438951705514e-01 5.722103219108611860e-01 3.553028940705222349e-01
5.634835651668023138e-01 5.643145151056362385e-01 3.457965713372704863e-01
5.634835651668023138e-01 5.643145151056362385e-01 3.457965713372704863e-01
5.612720239052282345e-01 5.564496245674238617e-01 3.361648197059607379e-01
5.612720239052282345e-01 5.564496245674238617e-01 3.361648197059607379e-01
5.590353393371223500e-01 5.486141369238937138e-01 3.264103366963319597e-01
5.590353393371223500e-01 5.486141369238937138e-01 3.264103366963319597e-01
5.567687954801697758e-01 5.408073999908468155e-01 3.165537154297197731e-01
5.567687954801697758e-01 5.408073999908468155e-01 3.165537154297197731e-01
5.544713567287118394e-01 5.330282166306107294e-01 3.066015006255007336e-01
5.544713567287118394e-01 5.330282166306107294e-01 3.066015006255007336e-01
5.521464594364960954e-01 5.252747599438739590e-01 2.965394992698728860e-01
5.521464594364960954e-01 5.252747599438739590e-01 2.965394992698728860e-01
5.497866070198257349e-01 5.175471895920283893e-01 2.863953438224046688e-01
5.497866070198257349e-01 5.175471895920283893e-01 2.863953438224046688e-01
5.473938849720425548e-01 5.098439629237059290e-01 2.761588763383789336e-01
5.473938849720425548e-01 5.098439629237059290e-01 2.761588763383789336e-01
5.449661672256530531e-01 5.021644334824846290e-01 2.658338899559403168e-01
5.449661672256530531e-01 5.021644334824846290e-01 2.658338899559403168e-01
5.425012029917959389e-01 4.945079632665680958e-01 2.554251554257940260e-01
5.425012029917959389e-01 4.945079632665680958e-01 2.554251554257940260e-01
5.400003692589971926e-01 4.868731983251672335e-01 2.449211290192087331e-01
5.400003692589971926e-01 4.868731983251672335e-01 2.449211290192087331e-01
5.374583376558427217e-01 4.792605476323300029e-01 2.343311939023932366e-01
5.374583376558427217e-01 4.792605476323300029e-01 2.343311939023932366e-01
5.348775284264616348e-01 4.716682600551426185e-01 2.236400489292819926e-01
5.348775284264616348e-01 4.716682600551426185e-01 2.236400489292819926e-01
5.322551603517616803e-01 4.640961790689622779e-01 2.128443001312162186e-01
5.322551603517616803e-01 4.640961790689622779e-01 2.128443001312162186e-01
5.295889768017804089e-01 4.565438838980174774e-01 2.019402222591103746e-01
5.295889768017804089e-01 4.565438838980174774e-01 2.019402222591103746e-01
5.268813121562749835e-01 4.490099806996716847e-01 1.908971967975359452e-01
5.268813121562749835e-01 4.490099806996716847e-01 1.908971967975359452e-01
5.241266562632850290e-01 4.414949430070264080e-01 1.797188103232464917e-01
5.241266562632850290e-01 4.414949430070264080e-01 1.797188103232464917e-01
5.213436391243612134e-01 4.339899197605034398e-01 1.683531435751581817e-01
5.213436391243612134e-01 4.339899197605034398e-01 1.683531435751581817e-01
5.185363186524198920e-01 4.264867524241821584e-01 1.568796305442064776e-01
5.185363186524198920e-01 4.264867524241821584e-01 1.568796305442064776e-01
5.157245278262791999e-01 4.189750621176214218e-01 1.452422126038289130e-01
5.157245278262791999e-01 4.189750621176214218e-01 1.452422126038289130e-01
5.128833426958456787e-01 4.114632694529232193e-01 1.334594970098413047e-01
5.128833426958456787e-01 4.114632694529232193e-01 1.334594970098413047e-01
5.100320570281381416e-01 4.039413248679821211e-01 1.214451224625144321e-01
5.100320570281381416e-01 4.039413248679821211e-01 1.214451224625144321e-01
5.071693135116212003e-01 3.964072672552331755e-01 1.091472902830294134e-01
5.071693135116212003e-01 3.964072672552331755e-01 1.091472902830294134e-01
5.042923785460082797e-01 3.888592755268318601e-01 9.650776777166640563e-02
5.042923785460082797e-01 3.888592755268318601e-01 9.650776777166640563e-02
5.014056552235615083e-01 3.812915309177269951e-01 8.344018533492299217e-02
5.014056552235615083e-01 3.812915309177269951e-01 8.344018533492299217e-02
4.985297832435391929e-01 3.736886222950017156e-01 6.981919200019899574e-02
4.985297832435391929e-01 3.736886222950017156e-01 6.981919200019899574e-02
4.956638019037490350e-01 3.660401999443750332e-01 5.570492145615044133e-02
4.956638019037490350e-01 3.660401999443750332e-01 5.570492145615044133e-02
4.928361172625024822e-01 3.583042238744945651e-01 4.193965795035622945e-02
4.928361172625024822e-01 3.583042238744945651e-01 4.193965795035622945e-02
4.885293010427326776e-01 3.511774031163624743e-01 3.893701588110781708e-02
4.885293010427326776e-01 3.511774031163624743e-01 3.893701588110781708e-02
4.808144792771293918e-01 3.458525856579290902e-01 4.528871031931729074e-02
4.808144792771293918e-01 3.458525856579290902e-01 4.528871031931729074e-02
4.724261066786733521e-01 3.409392834142340178e-01 5.089409356531463674e-02
4.724261066786733521e-01 3.409392834142340178e-01 5.089409356531463674e-02
4.638348837521582557e-01 3.361655199736232613e-01 5.575027367896458197e-02
4.638348837521582557e-01 3.361655199736232613e-01 5.575027367896458197e-02
4.551682361230343088e-01 3.314559794829656791e-01 5.997815971574754768e-02
4.551682361230343088e-01 3.314559794829656791e-01 5.997815971574754768e-02
4.464620521737332481e-01 3.267869469917950576e-01 6.372695768684563666e-02
4.464620521737332481e-01 3.267869469917950576e-01 6.372695768684563666e-02
4.377366265060007589e-01 3.221446527707512164e-01 6.708614573384395763e-02
4.377366265060007589e-01 3.221446527707512164e-01 6.708614573384395763e-02
4.290121776327248115e-01 3.175166648373353162e-01 7.009283402704996613e-02
4.290121776327248115e-01 3.175166648373353162e-01 7.009283402704996613e-02
4.203047103003176854e-01 3.128933151719325845e-01 7.277213807297434889e-02
4.203047103003176854e-01 3.128933151719325845e-01 7.277213807297434889e-02
4.116016016656775522e-01 3.082787858645692491e-01 7.520806270210016187e-02
4.116016016656775522e-01 3.082787858645692491e-01 7.520806270210016187e-02
4.029279932006011311e-01 3.036598806804534645e-01 7.737163320128637167e-02
4.029279932006011311e-01 3.036598806804534645e-01 7.737163320128637167e-02
3.942618224344042188e-01 2.990453950175240294e-01 7.934832988635148743e-02
3.942618224344042188e-01 2.990453950175240294e-01 7.934832988635148743e-02
3.856277556190771394e-01 2.944228224337876454e-01 8.109892055708609049e-02
3.856277556190771394e-01 2.944228224337876454e-01 8.109892055708609049e-02
3.770229964400160227e-01 2.897923469896805937e-01 8.265036137969337948e-02
3.770229964400160227e-01 2.897923469896805937e-01 8.265036137969337948e-02
3.684350786293507096e-01 2.851583881915918939e-01 8.404676462702577455e-02
3.684350786293507096e-01 2.851583881915918939e-01 8.404676462702577455e-02
3.598732985128397233e-01 2.805156775814872105e-01 8.527890704211431305e-02
3.598732985128397233e-01 2.805156775814872105e-01 8.527890704211431305e-02
3.513401895707641276e-01 2.758620634975612607e-01 8.635150039364915264e-02
3.513401895707641276e-01 2.758620634975612607e-01 8.635150039364915264e-02
3.428318197388059430e-01 2.711981380874563530e-01 8.728301645973605971e-02
3.428318197388059430e-01 2.711981380874563530e-01 8.728301645973605971e-02
3.343341036992246162e-01 2.665279634024776967e-01 8.812746702232106266e-02
3.343341036992246162e-01 2.665279634024776967e-01 8.812746702232106266e-02
3.258708095423214490e-01 2.618402563697835306e-01 8.884238064290492232e-02
3.258708095423214490e-01 2.618402563697835306e-01 8.884238064290492232e-02
3.174398365755455309e-01 2.571349725435985722e-01 8.943563164878172433e-02
3.174398365755455309e-01 2.571349725435985722e-01 8.943563164878172433e-02
3.090413514194643163e-01 2.524111195231050764e-01 8.990914100064448244e-02
3.090413514194643163e-01 2.524111195231050764e-01 8.990914100064448244e-02
3.006789471697385863e-01 2.476663708518340445e-01 9.025677658785373481e-02
3.006789471697385863e-01 2.476663708518340445e-01 9.025677658785373481e-02
2.923474626449258373e-01 2.429017602149339261e-01 9.049203531823883651e-02
2.923474626449258373e-01 2.429017602149339261e-01 9.049203531823883651e-02
2.840454916888900394e-01 2.381167814945650274e-01 9.061918136171334681e-02
2.840454916888900394e-01 2.381167814945650274e-01 9.061918136171334681e-02
2.757715935213835290e-01 2.333108778273109141e-01 9.064212593703510623e-02
2.757715935213835290e-01 2.333108778273109141e-01 9.064212593703510623e-02
2.675275325390349401e-01 2.284822665496093197e-01 9.055757742651576736e-02
2.675275325390349401e-01 2.284822665496093197e-01 9.055757742651576736e-02
2.593155255713061047e-01 2.236290048423785204e-01 9.036130600730259144e-02
2.593155255713061047e-01 2.236290048423785204e-01 9.036130600730259144e-02
2.511279073404825701e-01 2.187526146611059041e-01 9.006956120629340534e-02
2.511279073404825701e-01 2.187526146611059041e-01 9.006956120629340534e-02
2.429671094431334610e-01 2.138509212652465463e-01 8.967695852218159069e-02
2.429671094431334610e-01 2.138509212652465463e-01 8.967695852218159069e-02
2.348352171332161453e-01 2.089218714740195548e-01 8.917890253941530843e-02
2.348352171332161453e-01 2.089218714740195548e-01 8.917890253941530843e-02
2.267236528286932784e-01 2.039669446569615519e-01 8.859207182025358174e-02
2.267236528286932784e-01 2.039669446569615519e-01 8.859207182025358174e-02
2.186438769730199294e-01 1.989808212784054398e-01 8.789269320990698853e-02
2.186438769730199294e-01 1.989808212784054398e-01 8.789269320990698853e-02
2.105816567771326142e-01 1.939666058893362022e-01 8.710789864274352812e-02
2.105816567771326142e-01 1.939666058893362022e-01 8.710789864274352812e-02
2.025475260180841508e-01 1.889192146194592914e-01 8.621566360000935958e-02
2.025475260180841508e-01 1.889192146194592914e-01 8.621566360000935958e-02
1.945348604124940983e-01 1.838390116918732220e-01 8.522735832509652221e-02
1.945348604124940983e-01 1.838390116918732220e-01 8.522735832509652221e-02
1.865412549208593784e-01 1.787248331878351360e-01 8.414562232702023359e-02
1.865412549208593784e-01 1.787248331878351360e-01 8.414562232702023359e-02
1.785687395978355352e-01 1.735740492821069292e-01 8.296435824698150663e-02
1.785687395978355352e-01 1.735740492821069292e-01 8.296435824698150663e-02
1.706184210964656889e-01 1.683842398087086745e-01 8.167901418810824543e-02
1.706184210964656889e-01 1.683842398087086745e-01 8.167901418810824543e-02
1.626883840259295000e-01 1.631537412068507498e-01 8.029028562107651257e-02
1.626883840259295000e-01 1.631537412068507498e-01 8.029028562107651257e-02
1.547782243763307641e-01 1.578802956287068404e-01 7.879552226317133867e-02
1.547782243763307641e-01 1.578802956287068404e-01 7.879552226317133867e-02
1.468837168593683518e-01 1.525625038175703052e-01 7.719839700740738220e-02
1.468837168593683518e-01 1.525625038175703052e-01 7.719839700740738220e-02
1.390047591189418896e-01 1.471976265684692420e-01 7.549423087146142630e-02
1.390047591189418896e-01 1.471976265684692420e-01 7.549423087146142630e-02
1.311403004851897647e-01 1.417829894029787596e-01 7.367915045149685260e-02
1.311403004851897647e-01 1.417829894029787596e-01 7.367915045149685260e-02
1.232886176501094416e-01 1.363158656949529091e-01 7.174930548705116262e-02
1.232886176501094416e-01 1.363158656949529091e-01 7.174930548705116262e-02
1.154417119074935966e-01 1.307947373760804666e-01 6.971039188396389863e-02
1.154417119074935966e-01 1.307947373760804666e-01 6.971039188396389863e-02
1.075888204564868222e-01 1.252182245293929352e-01 6.757072717338215295e-02
1.075888204564868222e-01 1.252182245293929352e-01 6.757072717338215295e-02
