1.156180223922913530e-01 1.417196923802955255e-01 0.000000000000000000e+00
1.156180223922913530e-01 1.417196923802955255e-01 0.000000000000000000e+00
1.198299365385608467e-01 1.445827887841201476e-01 0.000000000000000000e+00
1.198299365385608467e-01 1.445827887841201476e-01 0.000000000000000000e+00
1.240287105515367888e-01 1.474330099438731223e-01 0.000000000000000000e+00
1.240287105515367888e-01 1.474330099438731223e-01 0.000000000000000000e+00
1.282320223428025374e-01 1.502656605801335477e-01 0.000000000000000000e+00
1.282320223428025374e-01 1.502656605801335477e-01 0.000000000000000000e+00
1.324294676801802406e-01 1.530844817712339323e-01 0.000000000000000000e+00
1.324294676801802406e-01 1.530844817712339323e-01 0.000000000000000000e+00
1.366273882781562643e-01 1.558880785816351144e-01 0.000000000000000000e+00
1.366273882781562643e-01 1.558880785816351144e-01 0.000000000000000000e+00
1.408255605183734716e-01 1.586770296790454282e-01 0.000000000000000000e+00
1.408255605183734716e-01 1.586770296790454282e-01 0.000000000000000000e+00
1.450209219226436808e-01 1.614528110390522631e-01 0.000000000000000000e+00
1.450209219226436808e-01 1.614528110390522631e-01 0.000000000000000000e+00
1.492215575559582008e-01 1.642132946020883055e-01 0.000000000000000000e+00
1.492215575559582008e-01 1.642132946020883055e-01 0.000000000000000000e+00
1.534168794063777153e-01 1.669623647270076505e-01 0.000000000000000000e+00
1.534168794063777153e-01 1.669623647270076505e-01 0.000000000000000000e+00
1.576214481897573461e-01 1.696956737358776279e-01 0.000000000000000000e+00
1.576214481897573461e-01 1.696956737358776279e-01 0.000000000000000000e+00
1.618189879015786425e-01 1.724190195380439217e-01 0.000000000000000000e+00
1.618189879015786425e-01 1.724190195380439217e-01 0.000000000000000000e+00
1.660287329380223387e-01 1.751263526973715901e-01 0.000000000000000000e+00
1.660287329380223387e-01 1.751263526973715901e-01 0.000000000000000000e+00
1.702305235660379057e-01 1.778248586031207223e-01 0.000000000000000000e+00
1.702305235660379057e-01 1.778248586031207223e-01 0.000000000000000000e+00
1.744464923526549693e-01 1.805073336533090100e-01 0.000000000000000000e+00
1.744464923526549693e-01 1.805073336533090100e-01 0.000000000000000000e+00
1.786543763960359854e-01 1.831817929878021278e-01 0.000000000000000000e+00
1.786543763960359854e-01 1.831817929878021278e-01 0.000000000000000000e+00
1.828774399902021730e-01 1.858404601719496063e-01 0.000000000000000000e+00
1.828774399902021730e-01 1.858404601719496063e-01 0.000000000000000000e+00
1.870930705107787251e-01 1.884915942192810778e-01 0.000000000000000000e+00
1.870930705107787251e-01 1.884915942192810778e-01 0.000000000000000000e+00
1.913239632733758910e-01 1.911274394037184021e-01 0.000000000000000000e+00
1.913239632733758910e-01 1.911274394037184021e-01 0.000000000000000000e+00
1.955488509670652020e-01 1.937558974482431473e-01 0.000000000000000000e+00
1.955488509670652020e-01 1.937558974482431473e-01 0.000000000000000000e+00
1.997881550297727071e-01 1.963698620785292170e-01 0.000000000000000000e+00
1.997881550297727071e-01 1.963698620785292170e-01 0.000000000000000000e+00
2.040236596954683179e-01 1.989762385809954182e-01 0.000000000000000000e+00
2.040236596954683179e-01 1.989762385809954182e-01 0.000000000000000000e+00
2.082718377687036715e-01 2.015692207140632186e-01 0.000000000000000000e+00
2.082718377687036715e-01 2.015692207140632186e-01 0.000000000000000000e+00
2.125191821070644416e-01 2.041540628381655620e-01 0.000000000000000000e+00
2.125191821070644416e-01 2.041540628381655620e-01 0.000000000000000000e+00
2.167765822454247315e-01 2.067269263542932667e-01 0.000000000000000000e+00
2.167765822454247315e-01 2.067269263542932667e-01 0.000000000000000000e+00
2.210368578452459321e-01 2.092907427648010021e-01 0.000000000000000000e+00
2.210368578452459321e-01 2.092907427648010021e-01 0.000000000000000000e+00
2.253037214968720003e-01 2.118443240964931196e-01 0.000000000000000000e+00
2.253037214968720003e-01 2.118443240964931196e-01 0.000000000000000000e+00
2.295778926742892134e-01 2.143875933430332836e-01 0.000000000000000000e+00
2.295778926742892134e-01 2.143875933430332836e-01 0.000000000000000000e+00
2.338543612694331808e-01 2.169227076146462985e-01 0.000000000000000000e+00
2.338543612694331808e-01 2.169227076146462985e-01 0.000000000000000000e+00
2.381432671815064961e-01 2.194458861889208023e-01 0.000000000000000000e+00
2.381432671815064961e-01 2.194458861889208023e-01 0.000000000000000000e+00
2.424312398915757227e-01 2.219625937121389725e-01 0.000000000000000000e+00
2.424312398915757227e-01 2.219625937121389725e-01 0.000000000000000000e+00
2.467337429435779161e-01 2.244668629789898506e-01 0.000000000000000000e+00
2.467337429435779161e-01 2.244668629789898506e-01 0.000000000000000000e+00
2.510378781509298718e-01 2.269640225715229276e-01 0.000000000000000000e+00
2.510378781509298718e-01 2.269640225715229276e-01 0.000000000000000000e+00
2.553498666875894108e-01 2.294517482186414215e-01 0.000000000000000000e+00
2.553498666875894108e-01 2.294517482186414215e-01 0.000000000000000000e+00
2.596706840512255643e-01 2.319297915950674915e-01 0.000000000000000000e+00
2.596706840512255643e-01 2.319297915950674915e-01 0.000000000000000000e+00
2.639925051928783128e-01 2.344015404732203711e-01 0.000000000000000000e+00
2.639925051928783128e-01 2.344015404732203711e-01 0.000000000000000000e+00
2.683298635022308698e-01 2.368611256339142324e-01 0.000000000000000000e+00
2.683298635022308698e-01 2.368611256339142324e-01 0.000000000000000000e+00
2.726692926130528938e-01 2.393142897487265941e-01 0.000000000000000000e+00
2.726692926130528938e-01 2.393142897487265941e-01 0.000000000000000000e+00
2.770154093836447173e-01 2.417592634976576949e-01 0.000000000000000000e+00
2.770154093836447173e-01 2.417592634976576949e-01 0.000000000000000000e+00
2.813726281628833870e-01 2.441943007126332610e-01 0.000000000000000000e+00
2.813726281628833870e-01 2.441943007126332610e-01 0.000000000000000000e+00
2.857323374558345397e-01 2.466232112965449363e-01 0.000000000000000000e+00
2.857323374558345397e-01 2.466232112965449363e-01 0.000000000000000000e+00
2.901021553953950782e-01 2.490428614831332321e-01 0.000000000000000000e+00
2.901021553953950782e-01 2.490428614831332321e-01 0.000000000000000000e+00
2.944800300618330979e-01 2.514542476963302353e-01 0.000000000000000000e+00
2.944800300618330979e-01 2.514542476963302353e-01 0.000000000000000000e+00
2.988611618958453287e-01 2.538596007384003594e-01 0.000000000000000000e+00
2.988611618958453287e-01 2.538596007384003594e-01 0.000000000000000000e+00
3.032531598491475244e-01 2.562556983644407316e-01 0.000000000000000000e+00
3.032531598491475244e-01 2.562556983644407316e-01 0.000000000000000000e+00
3.076524672868141130e-01 2.586442117680901598e-01 0.000000000000000000e+00
3.076524672868141130e-01 2.586442117680901598e-01 0.000000000000000000e+00
3.120555903114202168e-01 2.610268266639136359e-01 0.000000000000000000e+00
3.120555903114202168e-01 2.610268266639136359e-01 0.000000000000000000e+00
3.164678552299580172e-01 2.634012666295160177e-01 0.000000000000000000e+00
3.164678552299580172e-01 2.634012666295160177e-01 0.000000000000000000e+00
3.208887748064681023e-01 2.657678403845700199e-01 0.000000000000000000e+00
3.208887748064681023e-01 2.657678403845700199e-01 0.000000000000000000e+00
3.253138376496443329e-01 2.681287129937717229e-01 0.000000000000000000e+00
3.253138376496443329e-01 2.681287129937717229e-01 0.000000000000000000e+00
3.297440707124013048e-01 2.704835364169453360e-01 0.000000000000000000e+00
3.297440707124013048e-01 2.704835364169453360e-01 0.000000000000000000e+00
3.341861414160057775e-01 2.728293103676512898e-01 0.000000000000000000e+00
3.341861414160057775e-01 2.728293103676512898e-01 0.000000000000000000e+00
3.386324320797872156e-01 2.751696642637292967e-01 0.000000000000000000e+00
3.386324320797872156e-01 2.751696642637292967e-01 0.000000000000000000e+00
3.430831048103268888e-01 2.775046387929940295e-01 0.000000000000000000e+00
3.430831048103268888e-01 2.775046387929940295e-01 0.000000000000000000e+00
3.475400455400983191e-01 2.798334464097059215e-01 0.000000000000000000e+00
3.475400455400983191e-01 2.798334464097059215e-01 0.000000000000000000e+00
3.520061609351694543e-01 2.821547801610301831e-01 0.000000000000000000e+00
3.520061609351694543e-01 2.821547801610301831e-01 0.000000000000000000e+00
3.564763656391343183e-01 2.844711585459087644e-01 0.000000000000000000e+00
3.564763656391343183e-01 2.844711585459087644e-01 0.000000000000000000e+00
3.609506817802836109e-01 2.867826758731125136e-01 0.000000000000000000e+00
3.609506817802836109e-01 2.867826758731125136e-01 0.000000000000000000e+00
3.654290923759509480e-01 2.890894418484834527e-01 0.000000000000000000e+00
3.654290923759509480e-01 2.890894418484834527e-01 0.000000000000000000e+00
3.699153944247635106e-01 2.913896775669343464e-01 0.000000000000000000e+00
3.699153944247635106e-01 2.913896775669343464e-01 0.000000000000000000e+00
3.744061674417691332e-01 2.936851405864820408e-01 0.000000000000000000e+00
3.744061674417691332e-01 2.936851405864820408e-01 0.000000000000000000e+00
3.789002410321756775e-01 2.959765040409476633e-01 0.000000000000000000e+00
3.789002410321756775e-01 2.959765040409476633e-01 0.000000000000000000e+00
3.833974462034408504e-01 2.982639480667793053e-01 0.000000000000000000e+00
3.833974462034408504e-01 2.982639480667793053e-01 0.000000000000000000e+00
3.878975720025603091e-01 3.005476725999839949e-01 0.000000000000000000e+00
3.878975720025603091e-01 3.005476725999839949e-01 0.000000000000000000e+00
3.924007088322696846e-01 3.028277223077187053e-01 0.000000000000000000e+00
3.924007088322696846e-01 3.028277223077187053e-01 0.000000000000000000e+00
3.969087451285917001e-01 3.051032097683658018e-01 0.000000000000000000e+00
3.969087451285917001e-01 3.051032097683658018e-01 0.000000000000000000e+00
4.014184170670806462e-01 3.073758899650234633e-01 0.000000000000000000e+00
4.014184170670806462e-01 3.073758899650234633e-01 0.000000000000000000e+00
4.059293677528511557e-01 3.096460411613181085e-01 0.000000000000000000e+00
4.059293677528511557e-01 3.096460411613181085e-01 0.000000000000000000e+00
4.104412011886980349e-01 3.119139628716515178e-01 0.000000000000000000e+00
4.104412011886980349e-01 3.119139628716515178e-01 0.000000000000000000e+00
4.149534833952644997e-01 3.141799758694028832e-01 0.000000000000000000e+00
4.149534833952644997e-01 3.141799758694028832e-01 0.000000000000000000e+00
4.194657438375083425e-01 3.164444220111058415e-01 0.000000000000000000e+00
4.194657438375083425e-01 3.164444220111058415e-01 0.000000000000000000e+00
4.239774771496043759e-01 3.187076638736616174e-01 0.000000000000000000e+00
4.239774771496043759e-01 3.187076638736616174e-01 0.000000000000000000e+00
4.284881451450321954e-01 3.209700842046864233e-01 0.000000000000000000e+00
4.284881451450321954e-01 3.209700842046864233e-01 0.000000000000000000e+00
4.329971790932575226e-01 3.232320851891984925e-01 0.000000000000000000e+00
4.329971790932575226e-01 3.232320851891984925e-01 0.000000000000000000e+00
4.375039822394277134e-01 3.254940875390057720e-01 2.288615156522575203e-03
4.375039822394277134e-01 3.254940875390057720e-01 2.288615156522575203e-03
4.420084352381619675e-01 3.277562516624497602e-01 4.793785573002827538e-03
4.420084352381619675e-01 3.277562516624497602e-01 4.793785573002827538e-03
4.465093038825033722e-01 3.300193542244470035e-01 7.462144491300806010e-03
4.465093038825033722e-01 3.300193542244470035e-01 7.462144491300806010e-03
4.510058516788481575e-01 3.322839061829881979e-01 1.030124994103247607e-02
4.510058516788481575e-01 3.322839061829881979e-01 1.030124994103247607e-02
4.554974193440393115e-01 3.345503803380150964e-01 1.331886159543316413e-02
4.554974193440393115e-01 3.345503803380150964e-01 1.331886159543316413e-02
4.599833337670122257e-01 3.368192614728294232e-01 1.652294774685648254e-02
4.599833337670122257e-01 3.368192614728294232e-01 1.652294774685648254e-02
4.644629111592833981e-01 3.390910447542963557e-01 1.992167878538719447e-02
4.644629111592833981e-01 3.390910447542963557e-01 1.992167878538719447e-02
4.689354602164935160e-01 3.413662340630302383e-01 2.352342019922789088e-02
4.689354602164935160e-01 3.413662340630302383e-01 2.352342019922789088e-02
4.734002852529122229e-01 3.436453402751222241e-01 2.733672517929187570e-02
4.734002852529122229e-01 3.436453402751222241e-01 2.733672517929187570e-02
4.778566892721611836e-01 3.459288795172754116e-01 3.137032691193825107e-02
4.778566892721611836e-01 3.459288795172754116e-01 3.137032691193825107e-02
4.823039769394713572e-01 3.482173714170894718e-01 3.563313064339437841e-02
4.823039769394713572e-01 3.482173714170894718e-01 3.563313064339437841e-02
4.867417471981075883e-01 3.505111653028879504e-01 4.013445466910554177e-02
4.867417471981075883e-01 3.505111653028879504e-01 4.013445466910554177e-02
4.911691271852425822e-01 3.528108919477990213e-01 4.478688526586384333e-02
4.911691271852425822e-01 3.528108919477990213e-01 4.478688526586384333e-02
4.955853490457168276e-01 3.551171263966694247e-01 4.938405467851766234e-02
4.955853490457168276e-01 3.551171263966694247e-01 4.938405467851766234e-02
4.999897425939273110e-01 3.574303901818745022e-01 5.394351702820148614e-02
4.999897425939273110e-01 3.574303901818745022e-01 5.394351702820148614e-02
5.043816529264306681e-01 3.597511995989469136e-01 5.847491453725553456e-02
5.043816529264306681e-01 3.597511995989469136e-01 5.847491453725553456e-02
5.087604421949815103e-01 3.620800643425713394e-01 6.298621147807739740e-02
5.087604421949815103e-01 3.620800643425713394e-01 6.298621147807739740e-02
5.131254911291539544e-01 3.644174862603257736e-01 6.748404685911406353e-02
5.131254911291539544e-01 3.644174862603257736e-01 6.748404685911406353e-02
5.174762003074335759e-01 3.667639582311901236e-01 7.197399774151172491e-02
5.174762003074335759e-01 3.667639582311901236e-01 7.197399774151172491e-02
5.218119911797040045e-01 3.691199631733556585e-01 7.646077938373438410e-02
5.218119911797040045e-01 3.691199631733556585e-01 7.646077938373438410e-02
5.261323068474386133e-01 3.714859731836498979e-01 8.094839981236719162e-02
5.261323068474386133e-01 3.714859731836498979e-01 8.094839981236719162e-02
5.304366126111766944e-01 3.738624488086779163e-01 8.544028091030742011e-02
5.304366126111766944e-01 3.738624488086779163e-01 8.544028091030742011e-02
5.347245456353946214e-01 3.762497414459747280e-01 8.993961139968027763e-02
5.347245456353946214e-01 3.762497414459747280e-01 8.993961139968027763e-02
5.389957518612329412e-01 3.786481953458517569e-01 9.444919669155399378e-02
5.389957518612329412e-01 3.786481953458517569e-01 9.444919669155399378e-02
5.432494363617413891e-01 3.810584449008337926e-01 9.897066332324273852e-02
5.432494363617413891e-01 3.810584449008337926e-01 9.897066332324273852e-02
5.474851559124750411e-01 3.834808992650025061e-01 1.035058765638399159e-01
5.474851559124750411e-01 3.834808992650025061e-01 1.035058765638399159e-01
5.517024894977180516e-01 3.859159540547143497e-01 1.080564456024609987e-01
5.517024894977180516e-01 3.859159540547143497e-01 1.080564456024609987e-01
5.559010377038562378e-01 3.883639913590108961e-01 1.126237586797954743e-01
5.559010377038562378e-01 3.883639913590108961e-01 1.126237586797954743e-01
5.600804220026764924e-01 3.908253798369178966e-01 1.172090125064498695e-01
5.600804220026764924e-01 3.908253798369178966e-01 1.172090125064498695e-01
5.642404146756356820e-01 3.933003836148520893e-01 1.218135598956802262e-01
5.642404146756356820e-01 3.933003836148520893e-01 1.218135598956802262e-01
5.683807317127091974e-01 3.957893027035242484e-01 1.264384814038296001e-01
5.683807317127091974e-01 3.957893027035242484e-01 1.264384814038296001e-01
5.725008276150038711e-01 3.982926222052576848e-01 1.310840003136043430e-01
5.725008276150038711e-01 3.982926222052576848e-01 1.310840003136043430e-01
5.766004012052088346e-01 4.008106581118273670e-01 1.357507601319828672e-01
5.766004012052088346e-01 4.008106581118273670e-01 1.357507601319828672e-01
5.806791674649263157e-01 4.033437144720001810e-01 1.404393052316220136e-01
5.806791674649263157e-01 4.033437144720001810e-01 1.404393052316220136e-01
5.847368564969662730e-01 4.058920838281366295e-01 1.451500920426818664e-01
5.847368564969662730e-01 4.058920838281366295e-01 1.451500920426818664e-01
5.887733625432004514e-01 4.084559337677270419e-01 1.498840151164457513e-01
5.887733625432004514e-01 4.084559337677270419e-01 1.498840151164457513e-01
5.927883606427785113e-01 4.110355927716097812e-01 1.546411781827314869e-01
5.927883606427785113e-01 4.110355927716097812e-01 1.546411781827314869e-01
5.967815219706548158e-01 4.136313953890995987e-01 1.594215019274201617e-01
5.967815219706548158e-01 4.136313953890995987e-01 1.594215019274201617e-01
6.007526289916839124e-01 4.162435916707059036e-01 1.642251763702696765e-01
6.007526289916839124e-01 4.162435916707059036e-01 1.642251763702696765e-01
6.047014742118486108e-01 4.188724225945074653e-01 1.690523404742173552e-01
6.047014742118486108e-01 4.188724225945074653e-01 1.690523404742173552e-01
6.086279408747555797e-01 4.215180520171540324e-01 1.739034750024112119e-01
6.086279408747555797e-01 4.215180520171540324e-01 1.739034750024112119e-01
6.125318301647606489e-01 4.241807063633451502e-01 1.787786735993683040e-01
6.125318301647606489e-01 4.241807063633451502e-01 1.787786735993683040e-01
6.164128617645345809e-01 4.268606828434547418e-01 1.836775068821706880e-01
6.164128617645345809e-01 4.268606828434547418e-01 1.836775068821706880e-01
6.202708617219684362e-01 4.295581897345684963e-01 1.885999511678879970e-01
6.202708617219684362e-01 4.295581897345684963e-01 1.885999511678879970e-01
6.241056623420689897e-01 4.322734283788416398e-01 1.935459493831571953e-01
6.241056623420689897e-01 4.322734283788416398e-01 1.935459493831571953e-01
6.279171839229649166e-01 4.350065120744891489e-01 1.985160077128569900e-01
6.279171839229649166e-01 4.350065120744891489e-01 1.985160077128569900e-01
6.317051987438609961e-01 4.377576912446728974e-01 2.035096326174571923e-01
6.317051987438609961e-01 4.377576912446728974e-01 2.035096326174571923e-01
6.354695216532328939e-01 4.405271803642569761e-01 2.085264535728044988e-01
6.354695216532328939e-01 4.405271803642569761e-01 2.085264535728044988e-01
6.392100064036859708e-01 4.433151554858938415e-01 2.135662993894684170e-01
6.392100064036859708e-01 4.433151554858938415e-01 2.135662993894684170e-01
6.429265303069077175e-01 4.461217628310913952e-01 2.186291982213329210e-01
6.429265303069077175e-01 4.461217628310913952e-01 2.186291982213329210e-01
6.466189733272680318e-01 4.489471357845211119e-01 2.237152894594421626e-01
6.466189733272680318e-01 4.489471357845211119e-01 2.237152894594421626e-01
6.502871444058994088e-01 4.517915017070216477e-01 2.288237361081753851e-01
6.502871444058994088e-01 4.517915017070216477e-01 2.288237361081753851e-01
6.539309149948714373e-01 4.546550145187959191e-01 2.339542711783803852e-01
6.539309149948714373e-01 4.546550145187959191e-01 2.339542711783803852e-01
6.575501623956646613e-01 4.575378193544630823e-01 2.391066492431487001e-01
6.575501623956646613e-01 4.575378193544630823e-01 2.391066492431487001e-01
6.611447817031013141e-01 4.604400083908699037e-01 2.442812655910142350e-01
6.611447817031013141e-01 4.604400083908699037e-01 2.442812655910142350e-01
6.647146222473900856e-01 4.633617856630149467e-01 2.494770250153351687e-01
6.647146222473900856e-01 4.633617856630149467e-01 2.494770250153351687e-01
6.682595748233154387e-01 4.663032833306213765e-01 2.546935740134251835e-01
6.682595748233154387e-01 4.663032833306213765e-01 2.546935740134251835e-01
6.717795355184819073e-01 4.692646272414368602e-01 2.599305520750621046e-01
6.717795355184819073e-01 4.692646272414368602e-01 2.599305520750621046e-01
6.752743883767766686e-01 4.722459036379853536e-01 2.651882939516441162e-01
6.752743883767766686e-01 4.722459036379853536e-01 2.651882939516441162e-01
6.787440435097150671e-01 4.752472731894440416e-01 2.704656209752633322e-01
6.787440435097150671e-01 4.752472731894440416e-01 2.704656209752633322e-01
6.821884175485212198e-01 4.782688440702579369e-01 2.757620988235322534e-01
6.821884175485212198e-01 4.782688440702579369e-01 2.757620988235322534e-01
6.856074293993269508e-01 4.813107153614126776e-01 2.810773653003888484e-01
6.856074293993269508e-01 4.813107153614126776e-01 2.810773653003888484e-01
6.890009732016917354e-01 4.843729722814255068e-01 2.864114500223855497e-01
6.890009732016917354e-01 4.843729722814255068e-01 2.864114500223855497e-01
6.923690217523773560e-01 4.874557241647307082e-01 2.917632344719984228e-01
6.923690217523773560e-01 4.874557241647307082e-01 2.917632344719984228e-01
6.957115278880211529e-01 4.905590508963680318e-01 2.971322094861829077e-01
6.957115278880211529e-01 4.905590508963680318e-01 2.971322094861829077e-01
6.990284323037850855e-01 4.936830236522748439e-01 3.025180661158475837e-01
6.990284323037850855e-01 4.936830236522748439e-01 3.025180661158475837e-01
7.023196870201822151e-01 4.968277106548107946e-01 3.079203945513432350e-01
7.023196870201822151e-01 4.968277106548107946e-01 3.079203945513432350e-01
7.055853182097705512e-01 4.999931709551534431e-01 3.133382345354168153e-01
7.055853182097705512e-01 4.999931709551534431e-01 3.133382345354168153e-01
7.088253277481101344e-01 5.031794505791699068e-01 3.187710111436292126e-01
7.088253277481101344e-01 5.031794505791699068e-01 3.187710111436292126e-01
7.120396845196469426e-01 5.063865924216384151e-01 3.242184484294204361e-01
7.120396845196469426e-01 5.063865924216384151e-01 3.242184484294204361e-01
7.152284445983738692e-01 5.096146238370626858e-01 3.296797183908445339e-01
7.152284445983738692e-01 5.096146238370626858e-01 3.296797183908445339e-01
7.183916775386799403e-01 5.128635592671421106e-01 3.351540508929953255e-01
7.183916775386799403e-01 5.128635592671421106e-01 3.351540508929953255e-01
7.215294433270867946e-01 5.161334059868267765e-01 3.406408432439545497e-01
7.215294433270867946e-01 5.161334059868267765e-01 3.406408432439545497e-01
7.246417801400458769e-01 5.194241696396353358e-01 3.461396767005196495e-01
7.246417801400458769e-01 5.194241696396353358e-01 3.461396767005196495e-01
7.277288452999951529e-01 5.227358242496122909e-01 3.516495821819241030e-01
7.277288452999951529e-01 5.227358242496122909e-01 3.516495821819241030e-01
7.307907589786976077e-01 5.260683428689513219e-01 3.571699058488786438e-01
7.307907589786976077e-01 5.260683428689513219e-01 3.571699058488786438e-01
7.338276493562191360e-01 5.294216903041203404e-01 3.627000356635282641e-01
7.338276493562191360e-01 5.294216903041203404e-01 3.627000356635282641e-01
7.368396903457598013e-01 5.327958134685136793e-01 3.682392360207852877e-01
7.368396903457598013e-01 5.327958134685136793e-01 3.682392360207852877e-01
7.398270778831339545e-01 5.361906466001606919e-01 3.737867724990624474e-01
7.398270778831339545e-01 5.361906466001606919e-01 3.737867724990624474e-01
7.427900132593290294e-01 5.396061162137802958e-01 3.793419777800097203e-01
7.427900132593290294e-01 5.396061162137802958e-01 3.793419777800097203e-01
7.457287580817322237e-01 5.430421254733963643e-01 3.849040387328714341e-01
7.457287580817322237e-01 5.430421254733963643e-01 3.849040387328714341e-01
7.486435474772081822e-01 5.464985794072212411e-01 3.904723334594237261e-01
7.486435474772081822e-01 5.464985794072212411e-01 3.904723334594237261e-01
7.515346464355768807e-01 5.499753692306590391e-01 3.960462064803849103e-01
7.515346464355768807e-01 5.499753692306590391e-01 3.960462064803849103e-01
7.544023846152932977e-01 5.534723609747377315e-01 4.016248637950529665e-01
7.544023846152932977e-01 5.534723609747377315e-01 4.016248637950529665e-01
7.572471206306717884e-01 5.569894060098347088e-01 4.072075123343661396e-01
7.572471206306717884e-01 5.569894060098347088e-01 4.072075123343661396e-01
7.600691299230598608e-01 5.605263783379528242e-01 4.127937029919591105e-01
7.600691299230598608e-01 5.605263783379528242e-01 4.127937029919591105e-01
7.628687625336227907e-01 5.640831244803613531e-01 4.183828123655649045e-01
7.628687625336227907e-01 5.640831244803613531e-01 4.183828123655649045e-01
7.656465552680323805e-01 5.676594240816900117e-01 4.239737542775243728e-01
7.656465552680323805e-01 5.676594240816900117e-01 4.239737542775243728e-01
7.684028195707887088e-01 5.712551286601496026e-01 4.295661892693595219e-01
7.684028195707887088e-01 5.712551286601496026e-01 4.295661892693595219e-01
7.711379230615431624e-01 5.748700689405510378e-01 4.351596618305485498e-01
7.711379230615431624e-01 5.748700689405510378e-01 4.351596618305485498e-01
7.738523192911592741e-01 5.785040437332270580e-01 4.407535424364584231e-01
7.738523192911592741e-01 5.785040437332270580e-01 4.407535424364584231e-01
7.765467318451586554e-01 5.821567537911765955e-01 4.463465912230004107e-01
7.765467318451586554e-01 5.821567537911765955e-01 4.463465912230004107e-01
7.792213671156070776e-01 5.858280797215966729e-01 4.519389709073509120e-01
7.792213671156070776e-01 5.858280797215966729e-01 4.519389709073509120e-01
7.818767009697181747e-01 5.895178068153540396e-01 4.575301859883261213e-01
7.818767009697181747e-01 5.895178068153540396e-01 4.575301859883261213e-01
7.845133370013317453e-01 5.932256730477286633e-01 4.631194999372788002e-01
7.845133370013317453e-01 5.932256730477286633e-01 4.631194999372788002e-01
7.871320095942906381e-01 5.969513670375622416e-01 4.687059610692422273e-01
7.871320095942906381e-01 5.969513670375622416e-01 4.687059610692422273e-01
7.897329430431416775e-01 6.006947619619744660e-01 4.742898409483369826e-01
7.897329430431416775e-01 6.006947619619744660e-01 4.742898409483369826e-01
7.923166634356101357e-01 6.044556222178110172e-01 4.798707434531201965e-01
7.923166634356101357e-01 6.044556222178110172e-01 4.798707434531201965e-01
7.948838483346184480e-01 6.082336563887275060e-01 4.854480009728490697e-01
7.948838483346184480e-01 6.082336563887275060e-01 4.854480009728490697e-01
7.974353264699072241e-01 6.120285166224053164e-01 4.910207080701582405e-01
7.974353264699072241e-01 6.120285166224053164e-01 4.910207080701582405e-01
7.999712740122193466e-01 6.158400971230509890e-01 4.965893558192819857e-01
7.999712740122193466e-01 6.158400971230509890e-01 4.965893558192819857e-01
8.024922484734116068e-01 6.196681527684704260e-01 5.021536568412356960e-01
8.024922484734116068e-01 6.196681527684704260e-01 5.021536568412356960e-01
8.049988148734616988e-01 6.235124367919564481e-01 5.077133457498926861e-01
8.049988148734616988e-01 6.235124367919564481e-01 5.077133457498926861e-01
8.074921834545883970e-01 6.273724619178369100e-01 5.132669850441570203e-01
8.074921834545883970e-01 6.273724619178369100e-01 5.132669850441570203e-01
8.099723206164650691e-01 6.312482077753699405e-01 5.188155472319188055e-01
8.099723206164650691e-01 6.312482077753699405e-01 5.188155472319188055e-01
8.124397966924293835e-01 6.351394305013619013e-01 5.243588547619756346e-01
8.124397966924293835e-01 6.351394305013619013e-01 5.243588547619756346e-01
8.148951832048106914e-01 6.390458877698221851e-01 5.298967553959899046e-01
8.148951832048106914e-01 6.390458877698221851e-01 5.298967553959899046e-01
8.173393169698319749e-01 6.429672393204325376e-01 5.354286650265981384e-01
8.173393169698319749e-01 6.429672393204325376e-01 5.354286650265981384e-01
8.197729608563918413e-01 6.469031747435528557e-01 5.409541829265985813e-01
8.197729608563918413e-01 6.469031747435528557e-01 5.409541829265985813e-01
8.221962554780679611e-01 6.508536211354666312e-01 5.464739845777232263e-01
8.221962554780679611e-01 6.508536211354666312e-01 5.464739845777232263e-01
8.246097654063684335e-01 6.548183484072380711e-01 5.519880192817752107e-01
8.246097654063684335e-01 6.548183484072380711e-01 5.519880192817752107e-01
8.270140522778280934e-01 6.587971302539153973e-01 5.574962587615832632e-01
8.270140522778280934e-01 6.587971302539153973e-01 5.574962587615832632e-01
8.294098363079410730e-01 6.627896831621521434e-01 5.629984415338693537e-01
8.294098363079410730e-01 6.627896831621521434e-01 5.629984415338693537e-01
8.317980793981664123e-01 6.667956350845107849e-01 5.684939645848011702e-01
8.317980793981664123e-01 6.667956350845107849e-01 5.684939645848011702e-01
8.341787727870489944e-01 6.708149841146957559e-01 5.739837539174607040e-01
8.341787727870489944e-01 6.708149841146957559e-01 5.739837539174607040e-01
8.365524570674536253e-01 6.748475235662009242e-01 5.794678673719263484e-01
8.365524570674536253e-01 6.748475235662009242e-01 5.794678673719263484e-01
8.389196671831604668e-01 6.788930519076692427e-01 5.849463811398333268e-01
8.389196671831604668e-01 6.788930519076692427e-01 5.849463811398333268e-01
8.412809320559304638e-01 6.829513729382088449e-01 5.904193889409452556e-01
8.412809320559304638e-01 6.829513729382088449e-01 5.904193889409452556e-01
8.436369545167481387e-01 6.870222279485319605e-01 5.958867441902038209e-01
8.436369545167481387e-01 6.870222279485319605e-01 5.958867441902038209e-01
8.459885773093064332e-01 6.911053088727399096e-01 6.013481256895979454e-01
8.459885773093064332e-01 6.911053088727399096e-01 6.013481256895979454e-01
8.483357985468725770e-01 6.952006292496463180e-01 6.068044126988653142e-01
8.483357985468725770e-01 6.952006292496463180e-01 6.068044126988653142e-01
8.506791174210429629e-01 6.993080165600968900e-01 6.122557628787070882e-01
8.506791174210429629e-01 6.993080165600968900e-01 6.122557628787070882e-01
8.530190260492840348e-01 7.034273040318830272e-01 6.177023470288920404e-01
8.530190260492840348e-01 7.034273040318830272e-01 6.177023470288920404e-01
8.553560093883889603e-01 7.075583306548397511e-01 6.231443482903762376e-01
8.553560093883889603e-01 7.075583306548397511e-01 6.231443482903762376e-01
8.576905451869772934e-01 7.117009411750174763e-01 6.285819613627734448e-01
8.576905451869772934e-01 7.117009411750174763e-01 6.285819613627734448e-01
8.600231039752074258e-01 7.158549860692485778e-01 6.340153917393767102e-01
8.600231039752074258e-01 7.158549860692485778e-01 6.340153917393767102e-01
8.623546781348702117e-01 7.200201241168063815e-01 6.394441798245773523e-01
8.623546781348702117e-01 7.200201241168063815e-01 6.394441798245773523e-01
8.646852197923429184e-01 7.241964059034723400e-01 6.448692108066357287e-01
8.646852197923429184e-01 7.241964059034723400e-01 6.448692108066357287e-01
8.670151343894910712e-01 7.283837151202510185e-01 6.502907728257936171e-01
8.670151343894910712e-01 7.283837151202510185e-01 6.502907728257936171e-01
8.693448624652068135e-01 7.325819252010102867e-01 6.557091076553522857e-01
8.693448624652068135e-01 7.325819252010102867e-01 6.557091076553522857e-01
8.716748379313622452e-01 7.367909148679964160e-01 6.611244641792148879e-01
8.716748379313622452e-01 7.367909148679964160e-01 6.611244641792148879e-01
8.740054882472488851e-01 7.410105680162190067e-01 6.665370977732896218e-01
8.740054882472488851e-01 7.410105680162190067e-01 6.665370977732896218e-01
8.763372346170729132e-01 7.452407735874740924e-01 6.719472697122156335e-01
8.763372346170729132e-01 7.452407735874740924e-01 6.719472697122156335e-01
8.786704922088622860e-01 7.494814254350713467e-01 6.773552466015323459e-01
8.786704922088622860e-01 7.494814254350713467e-01 6.773552466015323459e-01
8.810056703932369615e-01 7.537324221802399471e-01 6.827612998352363682e-01
8.810056703932369615e-01 7.537324221802399471e-01 6.827612998352363682e-01
8.833431730005952831e-01 7.579936670611279181e-01 6.881657050785306984e-01
8.833431730005952831e-01 7.579936670611279181e-01 6.881657050785306984e-01
8.856836457714252209e-01 7.622649775108151227e-01 6.935684593652234886e-01
8.856836457714252209e-01 7.622649775108151227e-01 6.935684593652234886e-01
8.880273266007987498e-01 7.665463229164460879e-01 6.989700296303688054e-01
8.880273266007987498e-01 7.665463229164460879e-01 6.989700296303688054e-01
8.903744892317212445e-01 7.708376615163018419e-01 7.043708331816341817e-01
8.903744892317212445e-01 7.708376615163018419e-01 7.043708331816341817e-01
8.927255180090264419e-01 7.751389134164108352e-01 7.097711572115851242e-01
8.927255180090264419e-01 7.751389134164108352e-01 7.097711572115851242e-01
8.950807933768177849e-01 7.794500024530032212e-01 7.151712908886121989e-01
8.950807933768177849e-01 7.794500024530032212e-01 7.151712908886121989e-01
8.974406922164245293e-01 7.837708560151710468e-01 7.205715249884585560e-01
8.974406922164245293e-01 7.837708560151710468e-01 7.205715249884585560e-01
8.998055881954917234e-01 7.881014048646846071e-01 7.259721515459975905e-01
8.998055881954917234e-01 7.881014048646846071e-01 7.259721515459975905e-01
9.021758521277617460e-01 7.924415829532425182e-01 7.313734635262790773e-01
9.021758521277617460e-01 7.924415829532425182e-01 7.313734635262790773e-01
9.045518523433440095e-01 7.967913272374094191e-01 7.367757545138614583e-01
9.045518523433440095e-01 7.967913272374094191e-01 7.367757545138614583e-01
9.069339550692944174e-01 8.011505774914027267e-01 7.421793184193917758e-01
9.069339550692944174e-01 8.011505774914027267e-01 7.421793184193917758e-01
9.093225248205717426e-01 8.055192761178183725e-01 7.475844492023800969e-01
9.093225248205717426e-01 8.055192761178183725e-01 7.475844492023800969e-01
9.117179248015869764e-01 8.098973679563030714e-01 7.529914406091205992e-01
9.117179248015869764e-01 8.098973679563030714e-01 7.529914406091205992e-01
9.141205173186843780e-01 8.142848000901067307e-01 7.584005859246734094e-01
9.141205173186843780e-01 8.142848000901067307e-01 7.584005859246734094e-01
9.165306642041588514e-01 8.186815216503547932e-01 7.638121777378729105e-01
9.165306642041588514e-01 8.186815216503547932e-01 7.638121777378729105e-01
9.189487272525199701e-01 8.230874836178084797e-01 7.692265077183034760e-01
9.189487272525199701e-01 8.230874836178084797e-01 7.692265077183034760e-01
9.213750686699883063e-01 8.275026386217712027e-01 7.746438664042448741e-01
9.213750686699883063e-01 8.275026386217712027e-01 7.746438664042448741e-01
9.238100515384471967e-01 8.319269407356939539e-01 7.800645430006195591e-01
9.238100515384471967e-01 8.319269407356939539e-01 7.800645430006195591e-01
9.262540402952323948e-01 8.363603452689527540e-01 7.854888251860348003e-01
9.262540402952323948e-01 8.363603452689527540e-01 7.854888251860348003e-01
9.287074012305781556e-01 8.408028085541047192e-01 7.909169989281127355e-01
9.287074012305781556e-01 8.408028085541047192e-01 7.909169989281127355e-01
9.311705030047278120e-01 8.452542877288067302e-01 7.963493483063902589e-01
9.311705030047278120e-01 8.452542877288067302e-01 7.963493483063902589e-01
9.336437171871395657e-01 8.497147405114436891e-01 8.017861553422422904e-01
9.336437171871395657e-01 8.497147405114436891e-01 8.017861553422422904e-01
9.361274188206527569e-01 8.541841249692728733e-01 8.072276998354633859e-01
9.361274188206527569e-01 8.541841249692728733e-01 8.072276998354633859e-01
9.386219870139453914e-01 8.586623992777238090e-01 8.126742592073964433e-01
9.386219870139453914e-01 8.586623992777238090e-01 8.126742592073964433e-01
9.411278055661923547e-01 8.631495214692015416e-01 8.181261083508408749e-01
9.411278055661923547e-01 8.631495214692015416e-01 8.181261083508408749e-01
9.436452636285713735e-01 8.676454491694238769e-01 8.235835194873898368e-01
9.436452636285713735e-01 8.676454491694238769e-01 8.235835194873898368e-01
9.461747564080499329e-01 8.721501393189488027e-01 8.290467620334369681e-01
9.461747564080499329e-01 8.721501393189488027e-01 8.290467620334369681e-01
9.487166859199196445e-01 8.766635478770707923e-01 8.345161024768125158e-01
9.487166859199196445e-01 8.766635478770707923e-01 8.345161024768125158e-01
9.512714617968667241e-01 8.811856295046294196e-01 8.399918042670193596e-01
9.512714617968667241e-01 8.811856295046294196e-01 8.399918042670193596e-01
9.538395021638617077e-01 8.857163372215832720e-01 8.454741277232993291e-01
9.538395021638617077e-01 8.857163372215832720e-01 8.454741277232993291e-01
9.564212398111447966e-01 8.902556202971773081e-01 8.509633248752114243e-01
9.564212398111447966e-01 8.902556202971773081e-01 8.509633248752114243e-01
9.590171072266716612e-01 8.948034291802985374e-01 8.564596550489850246e-01
9.590171072266716612e-01 8.948034291802985374e-01 8.564596550489850246e-01
9.616275520820428691e-01 8.993597102428605439e-01 8.619633708678299255e-01
9.616275520820428691e-01 8.993597102428605439e-01 8.619633708678299255e-01
9.642530375363030926e-01 9.039244056146498174e-01 8.674747192920251315e-01
9.642530375363030926e-01 9.039244056146498174e-01 8.674747192920251315e-01
9.668940410556501330e-01 9.084974534802422452e-01 8.729939443182151981e-01
9.668940410556501330e-01 9.084974534802422452e-01 8.729939443182151981e-01
9.695510560422027080e-01 9.130787874170395169e-01 8.785212872304788423e-01
9.695510560422027080e-01 9.130787874170395169e-01 8.785212872304788423e-01
9.722245937023176188e-01 9.176683356258460433e-01 8.840569869942005443e-01
9.722245937023176188e-01 9.176683356258460433e-01 8.840569869942005443e-01
9.749151852161613840e-01 9.222660200242780437e-01 8.896012808422379958e-01
9.749151852161613840e-01 9.222660200242780437e-01 8.896012808422379958e-01
9.776233842916902672e-01 9.268717551629728213e-01 8.951544051197867224e-01
9.776233842916902672e-01 9.268717551629728213e-01 8.951544051197867224e-01
9.803497702174505113e-01 9.314854469097076928e-01 9.007165964769936473e-01
9.803497702174505113e-01 9.314854469097076928e-01 9.007165964769936473e-01
9.830949515739725308e-01 9.361069908252955818e-01 9.062880935286400375e-01
9.830949515739725308e-01 9.361069908252955818e-01 9.062880935286400375e-01
9.858595708313270256e-01 9.407362701238339842e-01 9.118691391402290458e-01
9.858595708313270256e-01 9.407362701238339842e-01 9.118691391402290458e-01
9.886443101626031238e-01 9.453731530635953728e-01 9.174599835521045632e-01
9.886443101626031238e-01 9.453731530635953728e-01 9.174599835521045632e-01
9.914498989602564816e-01 9.500174895450937962e-01 9.230608886197301244e-01
9.914498989602564816e-01 9.500174895450937962e-01 9.230608886197301244e-01
9.942771237876957269e-01 9.546691065863363024e-01 9.286721335287819734e-01
9.942771237876957269e-01 9.546691065863363024e-01 9.286721335287819734e-01
9.971268418880723239e-01 9.593278021804159117e-01 9.342940224318273534e-01
9.971268418880723239e-01 9.593278021804159117e-01 9.342940224318273534e-01
1.000000000000000000e+00 9.639933367821316157e-01 9.399268945265948361e-01
1.000000000000000000e+00 9.639933367821316157e-01 9.399268945265948361e-01
