8.595786654672380456e-01 9.675746900057563549e-01 8.465474921393190133e-01
8.545956060259417564e-01 9.639063486089066712e-01 8.405692820410620714e-01
8.495977540945474082e-01 9.602575239818823549e-01 8.346131582760724088e-01
8.445860916601537483e-01 9.566277198124731873e-01 8.286787237798717287e-01
8.395614900488638233e-01 9.530164790819054543e-01 8.227655820056358760e-01
8.345247238894092368e-01 9.494233785425504335e-01 8.168733429336723084e-01
8.294764832174836844e-01 9.458480240076804213e-01 8.110016274968508965e-01
8.244173839471905518e-01 9.422900463410122107e-01 8.051500707467889040e-01
8.193479769163629634e-01 9.387490980465869050e-01 7.993183240261729772e-01
8.142692926492679506e-01 9.352245962725248551e-01 7.935069542998315351e-01
8.091824600181806160e-01 9.317159147252487283e-01 7.877167139817554675e-01
8.040866015531533684e-01 9.282233633399621375e-01 7.819451444598248813e-01
7.989820515643865084e-01 9.247466658800767014e-01 7.761919475891968512e-01
7.938691100298201908e-01 9.212855562853330404e-01 7.704568465145574807e-01
7.887480462746689902e-01 9.178397774353124206e-01 7.647395849064312356e-01
7.836196028240407507e-01 9.144088560171231839e-01 7.590406699409619762e-01
7.784847379908714782e-01 9.109922266622315634e-01 7.533609269730825453e-01
7.733422451857535629e-01 9.075902837067501006e-01 7.476980547452285464e-01
7.681922788394668355e-01 9.042028032440964092e-01 7.420518588265545556e-01
7.630349755118507327e-01 9.008295659298788394e-01 7.364221621045762278e-01
7.578705292005782912e-01 8.974703248417206236e-01 7.308089047290863283e-01
7.527004077409955585e-01 8.941242889741430888e-01 7.252137712160374727e-01
7.475230347022289168e-01 8.907919691641993376e-01 7.196343327791627775e-01
7.423384706863548343e-01 8.874731651570753055e-01 7.140704661263790332e-01
7.371467638757722707e-01 8.841676795032702429e-01 7.085220607273771121e-01
7.319482032083292067e-01 8.808752131868845536e-01 7.029893386319778781e-01
7.267433565690289976e-01 8.775953541029328786e-01 6.974728785533261810e-01
7.215311555527736953e-01 8.743283594738180398e-01 6.919712265465239875e-01
7.163115892322444722e-01 8.710740445756309791e-01 6.864843138227180175e-01
7.110846357081550551e-01 8.678322269750867735e-01 6.810120800944915453e-01
7.058506444058296747e-01 8.646025748280200540e-01 6.755549261798226013e-01
7.006092153416921819e-01 8.613850539634436698e-01 6.701123722841830777e-01
6.953599392714808758e-01 8.581796273545134746e-01 6.646839696751697391e-01
6.901027390626244262e-01 8.549861228417545700e-01 6.592696881926788377e-01
6.848375347792226009e-01 8.518043671148218809e-01 6.538695129366538517e-01
6.795642035583990825e-01 8.486342010707906836e-01 6.484833988892289014e-01
6.742822951792364350e-01 8.454755869322988504e-01 6.431109607801945849e-01
6.689916745339307136e-01 8.423283621215150729e-01 6.377521911040393565e-01
6.636921926403424044e-01 8.391923666350352695e-01 6.324070851556219397e-01
6.583833981377765765e-01 8.360675495341469698e-01 6.270753361870584630e-01
6.530648807658407939e-01 8.329538385590671279e-01 6.217567132182186818e-01
6.477365977714926171e-01 8.298510220786164959e-01 6.164513940058449215e-01
6.423983319893726840e-01 8.267589500664423996e-01 6.111593886779146390e-01
6.370498484040739706e-01 8.236774755273681414e-01 6.058807080123593813e-01
6.316896480464805341e-01 8.206068963589875365e-01 6.006141253928546364e-01
6.263183244928892668e-01 8.175467557181869127e-01 5.953605492242104447e-01
6.209355882765054124e-01 8.144969111285631502e-01 5.901200088320673887e-01
6.155411194434279309e-01 8.114572264922017553e-01 5.848925247055223320e-01
6.101340216174672149e-01 8.084277588223341970e-01 5.796775936696437759e-01
6.047130134389199219e-01 8.054086845472637757e-01 5.744744014506943941e-01
5.992788031334147503e-01 8.023994937313591036e-01 5.692840346224466996e-01
5.938309676575911356e-01 7.994000618774342870e-01 5.641065218791687652e-01
5.883690543989812394e-01 7.964102684195786264e-01 5.589418907302150519e-01
5.828916221723208224e-01 7.934303106284761320e-01 5.537893179327514348e-01
5.773974070831275895e-01 7.904603098886029411e-01 5.486482075165578509e-01
5.718872217893188337e-01 7.874997031931957325e-01 5.435198223276122009e-01
5.663604792589764791e-01 7.845483825746139006e-01 5.384041994346034921e-01
5.608165527214846735e-01 7.816062444826167299e-01 5.333013751257682511e-01
5.552545626305707138e-01 7.786732556663511495e-01 5.282112103396605640e-01
5.496711377643790364e-01 7.757501417999013160e-01 5.231315713575226400e-01
5.440680938441571080e-01 7.728359968764599852e-01 5.180646735651930346e-01
5.384446264452462660e-01 7.699307305205967955e-01 5.130105699557794274e-01
5.327998773236246599e-01 7.670342571389135999e-01 5.079693148526848168e-01
5.271329307280419041e-01 7.641464960245522020e-01 5.029409644992589579e-01
5.214428094208973796e-01 7.612673714555336923e-01 4.979255777583721509e-01
5.157252234055227369e-01 7.583977553398871807e-01 4.929207797795597812e-01
5.099820213077492781e-01 7.555367002751164351e-01 4.879289386933619022e-01
5.042121289164691600e-01 7.526841104214510025e-01 4.829502205692020600e-01
4.984142981387673088e-01 7.498399227580391235e-01 4.779847266187449706e-01
4.925871964385661328e-01 7.470040791796166424e-01 4.730325672329503406e-01
4.867294006865796052e-01 7.441765264888875464e-01 4.680938637698515703e-01
4.808393904909902816e-01 7.413572163624034816e-01 4.631687506099560481e-01
4.749155409593432409e-01 7.385461052848090180e-01 4.582573775169730967e-01
4.689540619432558954e-01 7.357436953941577373e-01 4.533585646580048922e-01
4.629544938866469450e-01 7.329495673281701817e-01 4.484734771756750393e-01
4.569156066826091656e-01 7.301634895801364378e-01 4.436028329828795580e-01
4.508353201410484901e-01 7.273854248909669140e-01 4.387469019951478200e-01
4.447114077510027075e-01 7.246153392017707917e-01 4.339059883022264863e-01
4.385414851973261641e-01 7.218532012063054726e-01 4.290804354574719870e-01
4.323229978460356726e-01 7.190989818013461266e-01 4.242706325244154919e-01
4.260532070979862751e-01 7.163526534169206705e-01 4.194770209908434966e-01
4.197291755008609737e-01 7.136141892051914848e-01 4.147001026774733146e-01
4.133477504993250951e-01 7.108835620630503671e-01 4.099404487876056047e-01
4.069055466923688358e-01 7.081607434590941885e-01 4.051987102663924256e-01
4.003989264556028771e-01 7.054457020304966131e-01 4.004756296639653268e-01
3.938239787747856990e-01 7.027384019092060008e-01 3.957720547260936139e-01
3.871764961253760240e-01 7.000388007297358994e-01 3.910889539697730011e-01
3.804519492220432286e-01 6.973468472623843839e-01 3.864274345397336052e-01
3.736454594522850559e-01 6.946624786057917778e-01 3.817887626857660588e-01
3.667455373406715569e-01 6.919868800657668073e-01 3.771716394137266115e-01
3.597501323208293633e-01 6.893191567447285450e-01 3.725795542683670303e-01
3.526538312237176842e-01 6.866590160364438589e-01 3.680148263546089149e-01
3.454497949919698718e-01 6.840063255715200796e-01 3.634796420014556051e-01
3.381306327618659457e-01 6.813609164055506318e-01 3.589765166393462659e-01
3.306799970657992582e-01 6.787240840742335690e-01 3.545053437818873610e-01
3.230860606676401181e-01 6.760960036614316326e-01 3.500688091446227945e-01
3.153475710283970002e-01 6.734747888246906955e-01 3.456740006465763293e-01
3.074464609069661458e-01 6.708612931262935009e-01 3.413231283935799221e-01
2.993557552958199808e-01 6.682574158294245503e-01 3.370173947734467212e-01
2.910814900086709511e-01 6.656593162936715879e-01 3.327690638574205551e-01
2.825726200184661696e-01 6.630718333276042209e-01 3.285762244156488210e-01
2.738408731044737476e-01 6.604895395851123618e-01 3.244554782919795710e-01
2.648210540881919539e-01 6.579179347396423294e-01 3.204074045571115303e-01
2.555118433087525398e-01 6.553524077983915452e-01 3.164501672818142430e-01
2.458727619491913874e-01 6.527932100838736984e-01 3.125966971449133380e-01
2.358509482656169221e-01 6.502409932057126030e-01 3.088630662183129427e-01
2.254000796499068815e-01 6.476941591057228109e-01 3.052724619395176808e-01
2.144744325870136525e-01 6.451496123538432714e-01 3.018545692862976138e-01
2.029998551513702565e-01 6.426056045293778718e-01 2.986453370125541906e-01
1.909352176696014758e-01 6.400548082668841010e-01 2.956929994102059367e-01
1.782497881576940724e-01 6.374873001844126863e-01 2.930554506155971239e-01
1.649281847364744702e-01 6.348904142881097723e-01 2.908010221895680480e-01
1.510791353923451319e-01 6.322417029606450800e-01 2.889968531078512815e-01
1.369382767168989823e-01 6.295139891113744612e-01 2.876861870778011365e-01
1.228687686387023303e-01 6.266809661822920763e-01 2.868597077678669560e-01
1.092660039156984619e-01 6.237268067997288057e-01 2.864443464665199501e-01
9.642150751998476710e-02 6.206517609307228289e-01 2.863288928583594406e-01
8.446397017224510639e-02 6.174686551037199544e-01 2.864058088691933124e-01
7.340146865400068443e-02 6.141951188569865216e-01 2.865938593358289821e-01
6.319277781902174485e-02 6.108484034877477153e-01 2.868297086435031562e-01
5.376697640993776534e-02 6.074431740672735502e-01 2.870833317807523488e-01
4.507012234538853440e-02 6.039910718495788977e-01 2.873327216264375261e-01
3.709184908704212663e-02 6.005013398179903650e-01 2.875630608693309220e-01
3.039439036737811434e-02 5.969811600081217362e-01 2.877664223532052090e-01
2.498407013193069959e-02 5.934360586120116521e-01 2.879392748255116818e-01
2.067689974783234325e-02 5.898702796747834487e-01 2.880807344483916621e-01
1.729611251283399292e-02 5.862885146437172290e-01 2.881793654353534961e-01
1.473880490988331571e-02 5.826925249227736803e-01 2.882451020770673833e-01
1.289565304144916005e-02 5.790849173168414188e-01 2.882755201770438869e-01
1.166489847964825161e-02 5.754682587790538317e-01 2.882664484208991573e-01
1.098861260265185207e-02 5.718434670455436741e-01 2.882236905134935023e-01
1.079385614738122626e-02 5.682123283204008057e-01 2.881449224742684834e-01
1.101713935696158227e-02 5.645763780512593755e-01 2.880286173010599415e-01
1.163664411391399610e-02 5.609355458906665204e-01 2.878821737594884911e-01
1.257984975047690343e-02 5.572919904674398239e-01 2.876983657104290604e-01
1.381900437470917620e-02 5.536460958551578937e-01 2.874802728072508584e-01
1.533557750192971435e-02 5.499979501900563728e-01 2.872317287699142074e-01
1.709800673925307088e-02 5.463482478763349581e-01 2.869525467331484614e-01
1.906017877321397949e-02 5.426983401031493237e-01 2.866388802188665763e-01
2.120614184247743284e-02 5.390483853557382909e-01 2.862929898620802938e-01
2.352491388484897333e-02 5.353983805600743828e-01 2.859174739714261393e-01
2.599618158420798769e-02 5.317487457744431989e-01 2.855124806958782013e-01
2.860161915915206826e-02 5.280998531318041866e-01 2.850782130024122063e-01
3.132466242324473404e-02 5.244520324761229313e-01 2.846149158437596971e-01
3.415031023378847785e-02 5.208055763153663920e-01 2.841228655054575114e-01
3.706494990816948387e-02 5.171607441762547941e-01 2.836023607894850862e-01
4.005603864989733254e-02 5.135177734070340838e-01 2.830536859619774415e-01
4.301401157712286122e-02 5.098770919325089634e-01 2.824762310603682880e-01
4.589883836650025112e-02 5.062385695830399213e-01 2.818716607211623759e-01
4.871412130284152181e-02 5.026023727253483564e-01 2.812402624980162580e-01
5.145892388964209280e-02 4.989686499163436539e-01 2.805823240759470205e-01
5.413299988912776556e-02 4.953375338739621214e-01 2.798981306513857459e-01
5.673660664688861405e-02 4.917091432197817080e-01 2.791879628452471618e-01
5.927036541083045146e-02 4.880835840202490394e-01 2.784520950647174642e-01
6.173327112951800671e-02 4.844610632684607787e-01 2.776903819504054627e-01
6.412563783268013240e-02 4.808417236611384760e-01 2.769028944534928649e-01
6.645088146880265279e-02 4.772255154786126385e-01 2.760903592643771942e-01
6.871036082872214457e-02 4.736125026017163342e-01 2.752530371330485504e-01
7.090546263098904123e-02 4.700027419724571165e-01 2.743911770320310861e-01
7.303757877462627168e-02 4.663962843419381943e-01 2.735050161485188536e-01
7.510808966037910150e-02 4.627931749289319607e-01 2.725947799996795706e-01
7.711835212286874408e-02 4.591934539989300235e-01 2.716606826483565218e-01
7.906969087219917203e-02 4.555971573722948365e-01 2.707029269999812748e-01
8.096339260857884912e-02 4.520043168690823232e-01 2.697217051645163233e-01
8.280070217295681934e-02 4.484149606971619684e-01 2.687171988698008884e-01
8.458182192555530055e-02 4.448291959610406465e-01 2.676893282683933672e-01
8.630203346566575617e-02 4.412475463076830917e-01 2.666367557397987809e-01
8.796957190722498598e-02 4.376694575104115859e-01 2.655614190159453214e-01
8.958550437237652875e-02 4.340949444339258223e-01 2.644634682103196854e-01
9.115085074659606823e-02 4.305240198665410412e-01 2.633430445205380277e-01
9.266658529791813037e-02 4.269566946688583831e-01 2.622002808299240817e-01
9.413363851133255134e-02 4.233929778944478528e-01 2.610353023057322974e-01
9.554965578437549234e-02 4.198331902286580597e-01 2.598473687513959129e-01
9.691401861107123983e-02 4.162775018754840683e-01 2.586361888971027145e-01
9.823257057400841541e-02 4.127254389771533027e-01 2.574031969126485131e-01
9.950607075044537453e-02 4.091770037990408726e-01 2.561484922595346214e-01
1.007352436347157543e-01 4.056321973263620762e-01 2.548721688803831653e-01
1.019207813341928004e-01 4.020910192592618837e-01 2.535743157728762576e-01
1.030566399514083742e-01 3.985541971403848693e-01 2.522532032326953444e-01
1.041492276736341593e-01 3.950211289741442089e-01 2.509104660038097845e-01
1.052003799333644241e-01 3.914916775548902272e-01 2.495465159440685698e-01
1.062106553484310767e-01 3.879658381109292176e-01 2.481614237400058820e-01
1.071805896661833513e-01 3.844436046119886763e-01 2.467552572903236596e-01
1.081036131880938056e-01 3.809258109360121880e-01 2.453261529322056655e-01
1.089869696683473388e-01 3.774116758788156334e-01 2.438760118374672103e-01
1.098317242677738503e-01 3.739011189886757847e-01 2.424050585976033068e-01
1.106383102799801121e-01 3.703941302958660975e-01 2.409133489544572071e-01
1.114040830501108192e-01 3.668910864367205815e-01 2.394001053826980696e-01
1.121281887817258127e-01 3.633921545490392258e-01 2.378650444423446308e-01
1.128155571967369986e-01 3.598967527006637912e-01 2.363094564617473914e-01
1.134665409868648167e-01 3.564048668114037088e-01 2.347333895289857586e-01
1.140801083978517372e-01 3.529166660972218872e-01 2.331365215997153184e-01
1.146520337408975521e-01 3.494327637784478968e-01 2.315176802622676555e-01
1.151887463799065592e-01 3.459523296505661039e-01 2.298785656056001603e-01
1.156905378951183228e-01 3.424753447898200576e-01 2.282192222369894830e-01
1.161562718812910733e-01 3.390019908190221587e-01 2.265393183649329067e-01
1.165818249368024417e-01 3.355328889928601566e-01 2.248377428700057967e-01
1.169734149734720785e-01 3.320671782107876280e-01 2.231161295913289266e-01
1.173312896257319438e-01 3.286048334703546292e-01 2.213745232563996690e-01
1.176528525635149869e-01 3.251462543039509989e-01 2.196122321612047346e-01
1.179367846752332749e-01 3.216916650063113559e-01 2.178289154086593404e-01
1.181877875811597201e-01 3.182403707162175244e-01 2.160257901150053894e-01
1.184060799967835143e-01 3.147923386596682693e-01 2.142029039174118688e-01
1.185864342601235799e-01 3.113483939021044478e-01 2.123589313652230470e-01
1.187326337492302097e-01 3.079079589289762109e-01 2.104948500858110361e-01
1.188467752756247608e-01 3.044706985353147211e-01 2.086111928144279704e-01
1.189273437857547577e-01 3.010368515351516394e-01 2.067075893827277633e-01
1.189705085548026231e-01 2.976070506174851582e-01 2.047831232944974933e-01
1.189821813839453957e-01 2.941803224224903146e-01 2.028392684785502720e-01
1.189625526931347710e-01 2.907566166716744616e-01 2.008760797768069373e-01
1.189054118509038083e-01 2.873369775587282238e-01 1.988921035568489981e-01
1.188160593511231045e-01 2.839204983501280588e-01 1.968886397668075383e-01
1.186958960892690040e-01 2.805069133419266780e-01 1.948660360528229052e-01
1.185407508682663758e-01 2.770969314067275868e-01 1.928233608202045701e-01
1.183516191210997881e-01 2.736903652163930056e-01 1.907608933231237092e-01
1.181321205805828944e-01 2.702865422697983688e-01 1.886794838693248433e-01
1.178794304492722378e-01 2.668859387443343612e-01 1.865785369166945984e-01
1.175916085034446057e-01 2.634888858992221472e-01 1.844576859633777488e-01
1.172738318434037863e-01 2.600943980653954712e-01 1.823180933007620685e-01
1.169239435403993388e-01 2.567028303589113936e-01 1.801593322732939761e-01
1.165384018101070229e-01 2.533148145587804656e-01 1.779807271710096561e-01
1.161232990643401575e-01 2.499291531023729029e-01 1.757835792611534831e-01
1.156764600035751767e-01 2.465462044997267510e-01 1.735674811856395550e-01
1.151940861690214368e-01 2.431666578882832885e-01 1.713317493127244351e-01
1.146825385030835476e-01 2.397892167757660342e-01 1.690776663791974110e-01
1.141389117901751848e-01 2.364143838284360477e-01 1.668047132755416107e-01
1.135605434967833227e-01 2.330426300090066016e-01 1.645124632215526628e-01
1.129533919924455010e-01 2.296726883461683855e-01 1.622020384445758134e-01
1.123130724875131825e-01 2.263053656800244617e-01 1.598726988301555629e-01
1.116395261139387085e-01 2.229406005855243400e-01 1.575244968998638362e-01
1.109375983617041372e-01 2.195773028908532543e-01 1.551582702422927007e-01
1.102006292657292108e-01 2.162167650781212647e-01 1.527729758731700138e-01
1.094327240618252761e-01 2.128580355235291099e-01 1.503693152747652972e-01
1.086368559087678154e-01 2.095003696222090261e-01 1.479477397976111386e-01
1.078032453725361328e-01 2.061457496557995150e-01 1.455068570515412885e-01
1.069418223701323611e-01 2.027919292622814562e-01 1.430481191981368139e-01
1.060493431869067027e-01 1.994394766037291822e-01 1.405710671578893067e-01
1.051226115637457215e-01 1.960889651729372796e-01 1.380753147445900886e-01
1.041685468343264143e-01 1.927387271362894505e-01 1.355617222350850581e-01
1.031794092053428535e-01 1.893903333950571199e-01 1.330293620094384899e-01
1.021604851896063537e-01 1.860424496385092441e-01 1.304788432391212338e-01
1.011124058388881419e-01 1.826947585386172745e-01 1.279101811795751997e-01
1.000288874808195894e-01 1.793485193527513122e-01 1.253227372590911548e-01
9.891871597086229762e-02 1.760015330795868249e-01 1.227172974207069167e-01
9.777396005222424580e-02 1.726554318142736466e-01 1.200931113044373943e-01
9.659968635913146473e-02 1.693088348368160523e-01 1.174505469035886929e-01
9.539591877682740417e-02 1.659615092650833235e-01 1.147895011079426986e-01
9.415783356418480632e-02 1.626143655636885788e-01 1.121095926510808916e-01
9.289382231189113881e-02 1.592651597488342896e-01 1.094111923542024356e-01
9.159339208007741262e-02 1.559161438460018034e-01 1.066936656574909437e-01
9.026610375275778697e-02 1.525647423340521502e-01 1.039573082437919571e-01
8.890660361780894361e-02 1.492119557983029310e-01 1.012017621719253913e-01
8.751634869221686097e-02 1.458571223887805135e-01 9.842692228859170611e-02
8.609771227100598834e-02 1.424993246100688948e-01 9.563261782070708872e-02
8.464480166755594670e-02 1.391396761302235718e-01 9.281862676757607344e-02
8.316695545964589154e-02 1.357754751918942848e-01 8.998468242885238055e-02
