8.978883780396630376e-01 9.444807452853101193e-01 9.460359462629036598e-01
8.914269446769519378e-01 9.411057179686660445e-01 9.431048919605463654e-01
8.849748547018241318e-01 9.377324786793517220e-01 9.402631845973172808e-01
8.785352243243239601e-01 9.343597967096395340e-01 9.375099282501596631e-01
8.721105976139017502e-01 9.309866665687956955e-01 9.348442510153294194e-01
8.657039559846376742e-01 9.276119957672707139e-01 9.322647553748371063e-01
8.593187404005921959e-01 9.242346087810026090e-01 9.297694416732752432e-01
8.529575253129957346e-01 9.208536341747344256e-01 9.273565859894455921e-01
8.466225939750128271e-01 9.174683214559049560e-01 9.250244603377988373e-01
8.403167208068029748e-01 9.140778194263063927e-01 9.227707764560579839e-01
8.340420675101678505e-01 9.106814840053986115e-01 9.205935075901190423e-01
8.278008922230515321e-01 9.072786757253837875e-01 9.184903938120607680e-01
8.215952044564801549e-01 9.038688505557000985e-01 9.164592340384268843e-01
8.154267112130668682e-01 9.004515663851214713e-01 9.144979818960178308e-01
8.092972511825822224e-01 8.970263678948551256e-01 9.126043858475844095e-01
8.032088957798513285e-01 8.935927659025637571e-01 9.107758656568124556e-01
7.971626821286592612e-01 8.901505400626180675e-01 9.090107803098209649e-01
7.911600564271218383e-01 8.866993799341547078e-01 9.073070758262000712e-01
7.852029869208571045e-01 8.832388717074348694e-01 9.056620814624827265e-01
7.792924931051623538e-01 8.797688309590458999e-01 9.040741043527827925e-01
7.734296075474225152e-01 8.762890722079303973e-01 9.025414713887430773e-01
7.676156288576690967e-01 8.727993575216761446e-01 9.010622154435679043e-01
7.618524714547044718e-01 8.692993363915675342e-01 8.996335660853481686e-01
7.561405317878658883e-01 8.657889697133631657e-01 8.982546607037553699e-01
7.504809710145418089e-01 8.622680622520101368e-01 8.969237379453408598e-01
7.448751491176388573e-01 8.587363874411176878e-01 8.956387707224817696e-01
7.393245113713847738e-01 8.551937136181880783e-01 8.943975825753390785e-01
7.338296370946231217e-01 8.516399582453333394e-01 8.931992996093783832e-01
7.283916644873942303e-01 8.480749386391195355e-01 8.920423015835825531e-01
7.230119223778376236e-01 8.444984461113640428e-01 8.909246797903872528e-01
7.176917693971092138e-01 8.409102755683141028e-01 8.898444544620862651e-01
7.124319067512090431e-01 8.373103107527631872e-01 8.888008146388508557e-01
7.072334985778497840e-01 8.336983663080373974e-01 8.877922307196471907e-01
7.020977764677723831e-01 8.300742498519145807e-01 8.868170707018302457e-01
6.970262603210258812e-01 8.264377465081922391e-01 8.858731068215934812e-01
6.920196928306124873e-01 8.227887161339847433e-01 8.849597045295405362e-01
6.870792750978806929e-01 8.191269680474280168e-01 8.840753727618793079e-01
6.822062146842988728e-01 8.154523111098691546e-01 8.832186227712287563e-01
6.774019680689051803e-01 8.117645482208887264e-01 8.823873350317988917e-01
6.726675568915809755e-01 8.080635042681245661e-01 8.815804300459511023e-01
6.680040974443098856e-01 8.043489934912614325e-01 8.807966532013469241e-01
6.634128009390246605e-01 8.006208279442560416e-01 8.800345024046000164e-01
6.588948970073188471e-01 7.968788243250222170e-01 8.792923805008492355e-01
6.544517422907569770e-01 7.931228211419226737e-01 8.785681491252712583e-01
6.500842832026249019e-01 7.893526311230601999e-01 8.778609980166581783e-01
6.457936760853602021e-01 7.855680823889498177e-01 8.771693858245943609e-01
6.415810514315731794e-01 7.817690094535528766e-01 8.764917603002079227e-01
6.374475447836253084e-01 7.779552659810720083e-01 8.758263614594234969e-01
6.333942657295332790e-01 7.741267323106558740e-01 8.751712378603134779e-01
6.294221173344028974e-01 7.702832385418130201e-01 8.745253704590471022e-01
6.255320723447529430e-01 7.664246549665086894e-01 8.738871600567993392e-01
6.217250495818761324e-01 7.625508632016780863e-01 8.732549982529091981e-01
6.180019148776600968e-01 7.586617676551279388e-01 8.726271627474057047e-01
6.143634767777909067e-01 7.547573406729920498e-01 8.720014477224982130e-01
6.108103961739020926e-01 7.508374431551771977e-01 8.713768901262213262e-01
6.073433156464739247e-01 7.469020121855398653e-01 8.707518551094788339e-01
6.039627948972104976e-01 7.429510005604373912e-01 8.701247068602112611e-01
6.006693055328355957e-01 7.389843774854710778e-01 8.694938108631828921e-01
5.974631748309841006e-01 7.350022157281441704e-01 8.688569586013341617e-01
5.943446696752415770e-01 7.310044902400620881e-01 8.682128037276523047e-01
5.913139823333488643e-01 7.269911865000089346e-01 8.675599976909057487e-01
5.883711826491042629e-01 7.229623462658457678e-01 8.668969364151721813e-01
5.855162316220187124e-01 7.189180300292333792e-01 8.662220312507883380e-01
5.827489787790722797e-01 7.148583171912864520e-01 8.655337120116570748e-01
5.800689831086829340e-01 7.107834484654039775e-01 8.648297347104608734e-01
5.774759292828607338e-01 7.066934676099508872e-01 8.641090133966258247e-01
5.749693709148736565e-01 7.025884672880008397e-01 8.633702817552331155e-01
5.725486944847130166e-01 6.984686031168374498e-01 8.626120767287307478e-01
5.702131714634137705e-01 6.943340488067422100e-01 8.618329695213337027e-01
5.679619595751499439e-01 6.901849956948810094e-01 8.610315684538181191e-01
5.657940825094042170e-01 6.860216657583247946e-01 8.602064707381636977e-01
5.637080727206479347e-01 6.818445224953237904e-01 8.593555132547104902e-01
5.617031207530249759e-01 6.776535784436913401e-01 8.584783273542963000e-01
5.597779548870720490e-01 6.734490886272076482e-01 8.575737001601779763e-01
5.579312060957971608e-01 6.692313217460683639e-01 8.566404681376754704e-01
5.561614129153931163e-01 6.650005591881034128e-01 8.556775188221014128e-01
5.544670267700114730e-01 6.607570939807819732e-01 8.546837923049297459e-01
5.528464176974516864e-01 6.565012296927252855e-01 8.536582824679812553e-01
5.512978804191147608e-01 6.522332792938196899e-01 8.526000379581296640e-01
5.498191241522492057e-01 6.479538265800900421e-01 8.515074681732096584e-01
5.484086913912216144e-01 6.436629998845802003e-01 8.503803184573771601e-01
5.470647884272815675e-01 6.393610830580875870e-01 8.492179424849469749e-01
5.457854793255114689e-01 6.350484128005809970e-01 8.480196168186181493e-01
5.445687867101584034e-01 6.307253290638841214e-01 8.467846734444280932e-01
5.434126985686281719e-01 6.263921738791962124e-01 8.455124991374983745e-01
5.423151749757040285e-01 6.220492902094272303e-01 8.442025345947493653e-01
5.412741546869268561e-01 6.176970208340321067e-01 8.428542733472088599e-01
5.402875615541776755e-01 6.133357072734038073e-01 8.414672604661150856e-01
5.393533107208652311e-01 6.089656887592469481e-01 8.400410910783078222e-01
5.384693145590166985e-01 6.045873012566345128e-01 8.385754087074763774e-01
5.376334883154441080e-01 6.002008765427501169e-01 8.370699034585871168e-01
5.368437554393592492e-01 5.958067413465469864e-01 8.355243100633873432e-01
5.360978920396038960e-01 5.914052913498925035e-01 8.339382825655138332e-01
5.353937643156649884e-01 5.869968814627696263e-01 8.323115875228104255e-01
5.347296295152588197e-01 5.825816880127361319e-01 8.306443003942460823e-01
5.341034948743536015e-01 5.781600083594407025e-01 8.289363119811865577e-01
5.335133966708507369e-01 5.737321316574570673e-01 8.271875461000608443e-01
5.329574032899357938e-01 5.692983384279880488e-01 8.253979571918078628e-01
5.324336179173407846e-01 5.648589001999301251e-01 8.235675279170927565e-01
5.319401808682028276e-01 5.604140792192048304e-01 8.216962667514953189e-01
5.314752715620687518e-01 5.559641282248020122e-01 8.197842055938880934e-01
5.310371101569349994e-01 5.515092902896463478e-01 8.178313974001271136e-01
5.306239588572803090e-01 5.470497987240290350e-01 8.158379138530453822e-01
5.302341229126288358e-01 5.425858770391328578e-01 8.138038430786314059e-01
5.298659513244925456e-01 5.381177389679278056e-01 8.117292874171248007e-01
5.295178372804467681e-01 5.336455885405905208e-01 8.096143612566478742e-01
5.291882183347351720e-01 5.291696202114546388e-01 8.074591889359066244e-01
5.288755763551167277e-01 5.246900190344720993e-01 8.052639027214356648e-01
5.285784372557541522e-01 5.202069608841042303e-01 8.030286408638711571e-01
5.282953705358035545e-01 5.157206127186074740e-01 8.007535457367841447e-01
5.280249886430096184e-01 5.112311328826973922e-01 7.984387620607247271e-01
5.277657593719048412e-01 5.067387608142501776e-01 7.960843682819452871e-01
5.275162440418504906e-01 5.022437044113031712e-01 7.936904720840545213e-01
5.272754689604201017e-01 4.977459603544463485e-01 7.912573254690573599e-01
5.270422144412774124e-01 4.932456540389560939e-01 7.887850693337083996e-01
5.268152989373473538e-01 4.887429040390408042e-01 7.862738391449385356e-01
5.265935776855028561e-01 4.842378225982795770e-01 7.837237636644349692e-01
5.263759412900334000e-01 4.797305161425917119e-01 7.811349637594026118e-01
5.261613142578805968e-01 4.752210858137997929e-01 7.785075512974832801e-01
5.259486534975120753e-01 4.707096280221105267e-01 7.758416281234608025e-01
5.257369467922967665e-01 4.661962350160007706e-01 7.731372851151202541e-01
5.255252112582928792e-01 4.616809954682229988e-01 7.703946013154177042e-01
5.253124917953017059e-01 4.571639950768699445e-01 7.676136431379230185e-01
5.250978595391813109e-01 4.526453171806262277e-01 7.647944636423832376e-01
5.248804103224876672e-01 4.481250433875674788e-01 7.619371018771358139e-01
5.246592631496435066e-01 4.436032542170821880e-01 7.590415822850352656e-01
5.244335159540451929e-01 4.390800518878212322e-01 7.561079087466229254e-01
5.242016887025515715e-01 4.345558511521402933e-01 7.531360052048848841e-01
5.239636960981107761e-01 4.300303545594507115e-01 7.501259514062672551e-01
5.237187423324298763e-01 4.255036407310376911e-01 7.470777069963199235e-01
5.234660473399919134e-01 4.209757905775228237e-01 7.439912144435499863e-01
5.232048454136045690e-01 4.164468880411155705e-01 7.408663987512053017e-01
5.229343838588088600e-01 4.119170208550170798e-01 7.377031672103200322e-01
5.226539216882174488e-01 4.073862813214368939e-01 7.345014091908196319e-01
5.223627283563214707e-01 4.028547671099691474e-01 7.312609959675395732e-01
5.220600825349128726e-01 3.983225820783427018e-01 7.279817805780879336e-01
5.217452709288264989e-01 3.937898371178826240e-01 7.246635977095379211e-01
5.214172382254961269e-01 3.892568456129879562e-01 7.213062792336457640e-01
5.210756204994813068e-01 3.847235502156856612e-01 7.179096196588351519e-01
5.207198395194062579e-01 3.801900219069019315e-01 7.144733898557696916e-01
5.203492072615996111e-01 3.756564051255297798e-01 7.109973449157815928e-01
5.199630378560632371e-01 3.711228562489580218e-01 7.074812209488695602e-01
5.195606465873736646e-01 3.665895446858910001e-01 7.039247350987543062e-01
5.191413489243098534e-01 3.620566540226080599e-01 7.003275855704109709e-01
5.187044595752038356e-01 3.575243832285973089e-01 6.966894516679530414e-01
5.182492915657033183e-01 3.529929479281418425e-01 6.930099938408678106e-01
5.177751488191494333e-01 3.484625856221997831e-01 6.892888550801287151e-01
5.172814396070948284e-01 3.439334887332700097e-01 6.855256357786793098e-01
5.167674918827526165e-01 3.394059147348081895e-01 6.817199281295305280e-01
5.162326026015852110e-01 3.348801588867245105e-01 6.778713101793416573e-01
5.156760618722875389e-01 3.303565412065849194e-01 6.739793412575522114e-01
5.150971520536768988e-01 3.258354083629318443e-01 6.700435620897082778e-01
5.144951468412676254e-01 3.213171357067333700e-01 6.660634949176192920e-01
5.138693103372049542e-01 3.168021294555070089e-01 6.620386436274093844e-01
5.132188960967212221e-01 3.122908290460947311e-01 6.579684938871809274e-01
5.125434066201818295e-01 3.077835447076449071e-01 6.538524075999773144e-01
5.118420725371951585e-01 3.032807862154124345e-01 6.496898138976753279e-01
5.111139456388642532e-01 2.987832108969851741e-01 6.454801983695370726e-01
5.103582207899242107e-01 2.942914216612361744e-01 6.412229689797120935e-01
5.095740760669913438e-01 2.898060703570600749e-01 6.369175168515296415e-01
5.087606714864674196e-01 2.853278616028405712e-01 6.325632166668835321e-01
5.079171476495960569e-01 2.808575569416670303e-01 6.281594271324353329e-01
5.070426242937612349e-01 2.763959793517495322e-01 6.237054915282450596e-01
5.061361987386330252e-01 2.719440181430876624e-01 6.192007383576999535e-01
5.051969442153400047e-01 2.675026342728163420e-01 6.146444821215034660e-01
5.042242364756979178e-01 2.630726468512168403e-01 6.100357908256097694e-01
5.032171657893956818e-01 2.586551284343803214e-01 6.053738634978670374e-01
5.021743503656451724e-01 2.542515392042560274e-01 6.006582223248033703e-01
5.010947362306777952e-01 2.498631979624477140e-01 5.958881386703673844e-01
4.999772343759694704e-01 2.454915297721794731e-01 5.910628782674585135e-01
4.988207182372453308e-01 2.411380743876720412e-01 5.861817036616416843e-01
4.976240209993217367e-01 2.368044952811705350e-01 5.812438771075288946e-01
4.963859327245644937e-01 2.324925892711632858e-01 5.762486639986408310e-01
4.951051973070552115e-01 2.282042967409669831e-01 5.711953369237717792e-01
4.937805092601583179e-01 2.239417124177241480e-01 5.660831804562947989e-01
4.924105103525518445e-01 2.197070966567689076e-01 5.609114967974925259e-01
4.909937861171788653e-01 2.155028871440975435e-01 5.556796124105980450e-01
4.895288622694631830e-01 2.113317108887943219e-01 5.503868857985687590e-01
4.880142010859810919e-01 2.071963963262057895e-01 5.450327165951939223e-01
4.864481978130413276e-01 2.030999852897893421e-01 5.396165561552264123e-01
4.848291771968903929e-01 1.990457445332250996e-01 5.341379198438700460e-01
4.831553902539834078e-01 1.950371763931549873e-01 5.285964012377240007e-01
4.814250114314115314e-01 1.910780280757973792e-01 5.229916884563831081e-01
4.796361363445185710e-01 1.871722989272679438e-01 5.173235828439111117e-01
4.777867803209879249e-01 1.833242449087560400e-01 5.115920202093342528e-01
4.758748780280617763e-01 1.795383793461916566e-01 5.057970948114374199e-01
4.738982845112361120e-01 1.758194688649056814e-01 4.999390862310943429e-01
4.718547780272489001e-01 1.721725232612552614e-01 4.940184892090024316e-01
4.697420651089079802e-01 1.686027779178350117e-01 4.880360464325161352e-01
4.675577883506087384e-01 1.651156672540465276e-01 4.819927841264780022e-01
4.652995374458845368e-01 1.617167876425910644e-01 4.758900501341806755e-01
4.629648640350597089e-01 1.584118482435417363e-01 4.697295539616391236e-01
4.605513009231330668e-01 1.552066083446594913e-01 4.635134079992661582e-01
4.580563861947852256e-01 1.521068000862529912e-01 4.572441688316550290e-01
4.554776926729018904e-01 1.491180359269043687e-01 4.509248772056901333e-01
4.528128630268815624e-01 1.462457009023192811e-01 4.445590948642292317e-01
4.500596506258554563e-01 1.434948306585783484e-01 4.381509360906203354e-01
4.472159659415924637e-01 1.408699773949147194e-01 4.317050914820803609e-01
4.442799279338787155e-01 1.383750671882151284e-01 4.252268412214078586e-01
4.412499194043083550e-01 1.360132536086367805e-01 4.187220549989745244e-01
4.381246448013200179e-01 1.337867739447800297e-01 4.121971758073255110e-01
4.349031861893850048e-01 1.316967488024241573e-01 4.056593873197724132e-01
4.315850858207210816e-01 1.297430237391154484e-01 3.991165744484467814e-01
4.281704013045608548e-01 1.279242800013367376e-01 3.925766554590849333e-01
4.246597223713585167e-01 1.262379031989626643e-01 3.860478191369585699e-01
4.210541970976696691e-01 1.246799803471289048e-01 3.795384056678872686e-01
4.173555430007894751e-01 1.232453444695077172e-01 3.730567686270908623e-01
4.135660408266627619e-01 1.219276658822902315e-01 3.666111278102252569e-01
4.096885099973175404e-01 1.207195871544602117e-01 3.602094193138776212e-01
4.057262658561399671e-01 1.196128954056527860e-01 3.538591499085507741e-01
4.016830600992993827e-01 1.185987227675433797e-01 3.475672628009060516e-01
3.975630069713654291e-01 1.176677638518216218e-01 3.413400213108698233e-01
3.933704987942988618e-01 1.168104981693555144e-01 3.351829158350151938e-01
3.891101150760828409e-01 1.160174057020352811e-01 3.291005978536926668e-01
3.847865297361499626e-01 1.152791651441991971e-01 3.230968428510244683e-01
3.804044208716114150e-01 1.145868264678531201e-01 3.171745420699327300e-01
3.759683870085874791e-01 1.139319521006383895e-01 3.113357212290800424e-01
3.714828730191688799e-01 1.133067237886156431e-01 3.055815828571212256e-01
3.669521079470068892e-01 1.127040148316904300e-01 2.999125678637428738e-01
3.623800559908823549e-01 1.121174295880481564e-01 2.943284314094286036e-01
3.577703809522571055e-01 1.115413138016307926e-01 2.888283280353895477e-01
3.531272605736553993e-01 1.109691920374731577e-01 2.834124610845660253e-01
3.484590188162320357e-01 1.103873837328753493e-01 2.780881820876415222e-01
3.437637979149228973e-01 1.098010973169621374e-01 2.728441444364980706e-01
3.390439976442704562e-01 1.092073960307015645e-01 2.676778225074241679e-01
3.343016804974202616e-01 1.086039047624377529e-01 2.625864933340935625e-01
3.295405407616600058e-01 1.079855626258598156e-01 2.575701215115671072e-01
3.247714388339253411e-01 1.073361278162206778e-01 2.526383859514991781e-01
3.199860699678238607e-01 1.066704740325905287e-01 2.477738060426687983e-01
3.151853385539317709e-01 1.059879829017610353e-01 2.429732685918261081e-01
3.103777293764998224e-01 1.052766124809155490e-01 2.382431804376837214e-01
3.055669849746891487e-01 1.045321125761854153e-01 2.335832324324710885e-01
3.007441406608549750e-01 1.037687048966999814e-01 2.289787858410474719e-01
2.959156495599967185e-01 1.029776951034577226e-01 2.244337975567338161e-01
2.910915143530627414e-01 1.021460445414064666e-01 2.199551296046235449e-01
2.862568019732507074e-01 1.012954387296479131e-01 2.155236842571841560e-01
2.814233552162603846e-01 1.004102348258009147e-01 2.111485672152736415e-01
2.765930781106016867e-01 9.948884250023226627e-02 2.068282712094033915e-01
2.717524382038202790e-01 9.854959309589961247e-02 2.025476001303389562e-01
2.669266055728527487e-01 9.756053582570903271e-02 1.983265138645727288e-01
2.620937208688676745e-01 9.655032826102197263e-02 1.941431441910468347e-01
2.572643599641682433e-01 9.550599252528021998e-02 1.900043466550631333e-01
2.524411447626297988e-01 9.442491976831798861e-02 1.859097850760162152e-01
2.476119228788808413e-01 9.332214383039988403e-02 1.818479790855508094e-01
2.427995541974995453e-01 9.217084087201632414e-02 1.778340970535289833e-01
2.379749267287488146e-01 9.100554231587071330e-02 1.738449053074502260e-01
2.331726284450547082e-01 8.978651892726047246e-02 1.699030523134847648e-01
2.283583971084490738e-01 8.855317568394360794e-02 1.659831582845496534e-01
2.235629996739332825e-01 8.727107925020413659e-02 1.621040610713105623e-01
2.187589615239479146e-01 8.597084989194120341e-02 1.582464316863327614e-01
2.139723605499592174e-01 8.462412489250381586e-02 1.544249866720148190e-01
2.091778830986675275e-01 8.325821235752173255e-02 1.506229711022449014e-01
2.044015601954833894e-01 8.184554752253486720e-02 1.468541400127223451e-01
1.996156428048820319e-01 8.041510860906658786e-02 1.431014477117422135e-01
1.948506876505904928e-01 7.893536446796070583e-02 1.393802568104881290e-01
1.900720133539371692e-01 7.744143416946927538e-02 1.356709274718706226e-01
