2.561064029059987868e-01 5.082284934829171819e-03 2.203901958364535597e-03
2.596426528450449522e-01 8.555822755076531935e-03 3.494502427561221262e-03
2.631362871617949351e-01 1.221502490473637056e-02 4.919131604744017214e-03
2.665828464135351905e-01 1.607251957797842593e-02 6.486686834596606423e-03
2.699850018320023026e-01 2.012760001085068390e-02 8.200995729743825249e-03
2.733463514164908292e-01 2.437743989085451937e-02 1.006465521758043331e-02
2.766613290324064778e-01 2.883712008517767822e-02 1.208837680003617063e-02
2.799396090103229429e-01 3.349148952841428384e-02 1.426884891525288801e-02
2.831733511825032523e-01 3.836027131195646894e-02 1.661934131845196547e-02
2.863704879954737659e-01 4.332051168827361770e-02 1.913742242778633876e-02
2.895285363695102032e-01 4.813667180927778261e-02 2.183116717588105826e-02
2.926481049261069334e-01 5.283419348440594049e-02 2.470552710157697743e-02
2.957338110953181554e-01 5.742378963259981567e-02 2.776036740271865810e-02
2.987791558348416587e-01 6.193177275264342280e-02 3.100927273427621020e-02
3.017945605453736801e-01 6.635361055470426206e-02 3.444416298957028721e-02
3.047698851751405869e-01 7.071584901741007068e-02 3.808402646095531557e-02
3.077158810425235091e-01 7.501091716385474562e-02 4.187958558389596325e-02
3.106261360459396381e-01 7.925596982231988830e-02 4.567049322806406714e-02
3.135056047880103169e-01 8.345047300132404922e-02 4.945166040482704833e-02
3.163533939737273593e-01 8.760146985107522544e-02 5.322715430510469720e-02
3.191690681850536948e-01 9.171448213117089354e-02 5.699996768398452734e-02
3.219568253016432680e-01 9.578860712441675251e-02 6.076666927843484695e-02
3.247113055019044126e-01 9.983442564736036418e-02 6.453621980612989084e-02
3.274413110396219295e-01 1.038447982739963971e-01 6.829890593701931634e-02
3.301370807045083122e-01 1.078343991237343258e-01 7.206877811183934335e-02
3.328112876327458669e-01 1.117914760854486211e-01 7.583118760359422450e-02
3.354509157493469340e-01 1.157332444805084792e-01 7.960367457496550503e-02
3.380701125986732558e-01 1.196464694308677357e-01 8.336989091153429454e-02
3.406571158612289318e-01 1.235459645904957715e-01 8.714528207691835116e-02
3.432235474779655737e-01 1.274214670508101166e-01 9.091677581363996619e-02
3.457597922322703798e-01 1.312846922581019649e-01 9.469676737104679165e-02
3.482756266482323615e-01 1.351274558827318395e-01 9.847453339298600783e-02
3.507628825065604028e-01 1.389593720878613825e-01 1.022604049219698330e-01
3.532302199188461223e-01 1.427734959656600799e-01 1.060450818806582818e-01
3.556701693564828237e-01 1.465782515588158474e-01 1.098377990060370457e-01
3.580910502211976376e-01 1.503671414052207000e-01 1.136297552536685573e-01
3.604852974086353301e-01 1.541482418814504596e-01 1.174300437602638081e-01
3.628617097598733077e-01 1.579147525092357007e-01 1.212294402267923565e-01
3.652117887376256089e-01 1.616751878899554407e-01 1.250378403200894384e-01
3.675456748258429940e-01 1.654217311031337956e-01 1.288446772018415065e-01
3.698530571130907996e-01 1.691640730770472834e-01 1.326615836997582787e-01
3.721463194426490873e-01 1.728927005654381788e-01 1.364757355798830174e-01
3.744124211577425920e-01 1.766191775393969599e-01 1.403014279678177489e-01
3.766656824900695422e-01 1.803326343209038785e-01 1.441239675786089580e-01
3.788931165511438270e-01 1.840442011759532426e-01 1.479573356127907580e-01
3.811070186844017771e-01 1.877448637198906589e-01 1.517891443795855166e-01
3.832983073943420083e-01 1.914423608708485658e-01 1.556291152341954531e-01
3.854741444831922270e-01 1.951318218120056125e-01 1.594702736839365698e-01
3.876310968338994578e-01 1.988164679408261359e-01 1.633164505055611226e-01
3.897701299464751412e-01 2.024961351624547934e-01 1.671669817824415483e-01
3.918945370296081365e-01 2.061689904317267619e-01 1.710189225391083867e-01
2.608783322112261938e-01 2.608783322112261938e-01 2.608783322112261938e-01
2.640935988766568432e-01 2.640935988766568432e-01 2.640935988766568432e-01
2.673035595547655352e-01 2.673035595547655352e-01 2.673035595547655352e-01
2.705058300108538205e-01 2.705058300108538205e-01 2.705058300108538205e-01
2.737021160095776118e-01 2.737021160095776118e-01 2.737021160095776118e-01
2.768922777507877298e-01 2.768922777507877298e-01 2.768922777507877298e-01
2.800757451325565639e-01 2.800757451325565639e-01 2.800757451325565639e-01
2.832546222448933948e-01 2.832546222448933948e-01 2.832546222448933948e-01
2.864269875612956429e-01 2.864269875612956429e-01 2.864269875612956429e-01
2.895944387827989464e-01 2.895944387827989464e-01 2.895944387827989464e-01
2.927567367931004361e-01 2.927567367931004361e-01 2.927567367931004361e-01
2.959132523339402243e-01 2.959132523339402243e-01 2.959132523339402243e-01
2.990661363252223315e-01 2.990661363252223315e-01 2.990661363252223315e-01
3.022136837023120526e-01 3.022136837023120526e-01 3.022136837023120526e-01
3.053565534171448492e-01 3.053565534171448492e-01 3.053565534171448492e-01
3.084957640588983363e-01 3.084957640588983363e-01 3.084957640588983363e-01
3.116302231299114545e-01 3.116302231299114545e-01 3.116302231299114545e-01
3.147607660243086358e-01 3.147607660243086358e-01 3.147607660243086358e-01
3.178878377246605047e-01 3.178878377246605047e-01 3.178878377246605047e-01
3.210107303147183844e-01 3.210107303147183844e-01 3.210107303147183844e-01
3.241301508342671056e-01 3.241301508342671056e-01 3.241301508342671056e-01
3.272465320437194514e-01 3.272465320437194514e-01 3.272465320437194514e-01
3.303592608028230182e-01 3.303592608028230182e-01 3.303592608028230182e-01
3.334687067296620566e-01 3.334687067296620566e-01 3.334687067296620566e-01
3.365757388395451133e-01 3.365757388395451133e-01 3.365757388395451133e-01
3.396796053516337177e-01 3.396796053516337177e-01 3.396796053516337177e-01
3.427804898771058539e-01 3.427804898771058539e-01 3.427804898771058539e-01
3.458791165365310838e-01 3.458791165365310838e-01 3.458791165365310838e-01
3.489753370208413807e-01 3.489753370208413807e-01 3.489753370208413807e-01
3.520690144994178539e-01 3.520690144994178539e-01 3.520690144994178539e-01
3.551603141596421098e-01 3.551603141596421098e-01 3.551603141596421098e-01
3.582498522975769428e-01 3.582498522975769428e-01 3.582498522975769428e-01
3.613374390840801142e-01 3.613374390840801142e-01 3.613374390840801142e-01
3.644230473385986491e-01 3.644230473385986491e-01 3.644230473385986491e-01
3.675068264762401671e-01 3.675068264762401671e-01 3.675068264762401671e-01
3.705889652893008535e-01 3.705889652893008535e-01 3.705889652893008535e-01
3.736699208477662904e-01 3.736699208477662904e-01 3.736699208477662904e-01
3.767494142228703380e-01 3.767494142228703380e-01 3.767494142228703380e-01
3.798275814778102610e-01 3.798275814778102610e-01 3.798275814778102610e-01
3.829045549529561665e-01 3.829045549529561665e-01 3.829045549529561665e-01
3.859804634130942769e-01 3.859804634130942769e-01 3.859804634130942769e-01
3.890554321935723037e-01 3.890554321935723037e-01 3.890554321935723037e-01
3.921297384644923945e-01 3.921297384644923945e-01 3.921297384644923945e-01
3.952033452636805055e-01 3.952033452636805055e-01 3.952033452636805055e-01
3.982763331692601438e-01 3.982763331692601438e-01 3.982763331692601438e-01
4.013488182158302386e-01 4.013488182158302386e-01 4.013488182158302386e-01
4.044209137388258268e-01 4.044209137388258268e-01 4.044209137388258268e-01
4.074927305248471909e-01 4.074927305248471909e-01 4.074927305248471909e-01
4.105643769637905005e-01 4.105643769637905005e-01 4.105643769637905005e-01
4.136359592030649512e-01 4.136359592030649512e-01 4.136359592030649512e-01
4.167075813041264953e-01 4.167075813041264953e-01 4.167075813041264953e-01
4.197793454014766001e-01 4.197793454014766001e-01 4.197793454014766001e-01
4.228513518641894287e-01 4.228513518641894287e-01 4.228513518641894287e-01
4.259236994599276960e-01 4.259236994599276960e-01 4.259236994599276960e-01
4.289964855212756722e-01 4.289964855212756722e-01 4.289964855212756722e-01
4.320698061140752499e-01 4.320698061140752499e-01 4.320698061140752499e-01
4.351437562072645315e-01 4.351437562072645315e-01 4.351437562072645315e-01
4.382184298435034542e-01 4.382184298435034542e-01 4.382184298435034542e-01
4.412939817087677130e-01 4.412939817087677130e-01 4.412939817087677130e-01
4.443704544068665108e-01 4.443704544068665108e-01 4.443704544068665108e-01
4.474479191467748418e-01 4.474479191467748418e-01 4.474479191467748418e-01
4.505264653684803444e-01 4.505264653684803444e-01 4.505264653684803444e-01
4.536061867800930125e-01 4.536061867800930125e-01 4.536061867800930125e-01
4.566872323066140105e-01 4.566872323066140105e-01 4.566872323066140105e-01
4.597696059984527905e-01 4.597696059984527905e-01 4.597696059984527905e-01
4.628533956715696895e-01 4.628533956715696895e-01 4.628533956715696895e-01
4.659387281833626271e-01 4.659387281833626271e-01 4.659387281833626271e-01
4.690256232920482216e-01 4.690256232920482216e-01 4.690256232920482216e-01
4.721141727185361181e-01 4.721141727185361181e-01 4.721141727185361181e-01
4.752044316227664877e-01 4.752044316227664877e-01 4.752044316227664877e-01
4.782964536546637779e-01 4.782964536546637779e-01 4.782964536546637779e-01
4.813903005454757134e-01 4.813903005454757134e-01 4.813903005454757134e-01
4.844859751996950514e-01 4.844859751996950514e-01 4.844859751996950514e-01
4.875835333629588431e-01 4.875835333629588431e-01 4.875835333629588431e-01
4.906829868676143014e-01 4.906829868676143014e-01 4.906829868676143014e-01
4.937843240354734542e-01 4.937843240354734542e-01 4.937843240354734542e-01
4.968875082746087024e-01 4.968875082746087024e-01 4.968875082746087024e-01
4.999924758872932862e-01 4.999924758872932862e-01 4.999924758872932862e-01
5.030991333518739506e-01 5.030991333518739506e-01 5.030991333518739506e-01
5.062073539585881798e-01 5.062073539585881798e-01 5.062073539585881798e-01
5.093169736892093624e-01 5.093169736892093624e-01 5.093169736892093624e-01
5.124277220608479677e-01 5.124277220608479677e-01 5.124277220608479677e-01
5.155392312677082867e-01 5.155392312677082867e-01 5.155392312677082867e-01
5.186510789080922557e-01 5.186510789080922557e-01 5.186510789080922557e-01
5.217627591370088691e-01 5.217627591370088691e-01 5.217627591370088691e-01
5.248736629578316659e-01 5.248736629578316659e-01 5.248736629578316659e-01
5.279832403012423292e-01 5.279832403012423292e-01 5.279832403012423292e-01
5.310910475170669276e-01 5.310910475170669276e-01 5.310910475170669276e-01
5.341973069888292791e-01 5.341973069888292791e-01 5.341973069888292791e-01
5.373028286653248609e-01 5.373028286653248609e-01 5.373028286653248609e-01
5.404092916271033831e-01 5.404092916271033831e-01 5.404092916271033831e-01
5.435186204697682877e-01 5.435186204697682877e-01 5.435186204697682877e-01
5.466325612578357696e-01 5.466325612578357696e-01 5.466325612578357696e-01
5.497522037698044928e-01 5.497522037698044928e-01 5.497522037698044928e-01
5.528782741832574121e-01 5.528782741832574121e-01 5.528782741832574121e-01
5.560108909609781103e-01 5.560108909609781103e-01 5.560108909609781103e-01
5.591500982289017152e-01 5.591500982289017152e-01 5.591500982289017152e-01
5.622959794353762364e-01 5.622959794353762364e-01 5.622959794353762364e-01
5.654481385916865221e-01 5.654481385916865221e-01 5.654481385916865221e-01
5.686068655269993499e-01 5.686068655269993499e-01 5.686068655269993499e-01
5.717717889353670646e-01 5.717717889353670646e-01 5.717717889353670646e-01
5.749429136644605975e-01 5.749429136644605975e-01 5.749429136644605975e-01
5.781202280978859909e-01 5.781202280978859909e-01 5.781202280978859909e-01
5.813037054110603563e-01 5.813037054110603563e-01 5.813037054110603563e-01
5.844933051558485193e-01 5.844933051558485193e-01 5.844933051558485193e-01
5.876889749265932217e-01 5.876889749265932217e-01 5.876889749265932217e-01
5.908906519429747428e-01 5.908906519429747428e-01 5.908906519429747428e-01
5.940986724899772753e-01 5.940986724899772753e-01 5.940986724899772753e-01
5.973126991252190043e-01 5.973126991252190043e-01 5.973126991252190043e-01
6.005327992983054974e-01 6.005327992983054974e-01 6.005327992983054974e-01
6.037591996122925186e-01 6.037591996122925186e-01 6.037591996122925186e-01
6.069916383502071966e-01 6.069916383502071966e-01 6.069916383502071966e-01
6.102303811120451948e-01 6.102303811120451948e-01 6.102303811120451948e-01
6.134753749373798026e-01 6.134753749373798026e-01 6.134753749373798026e-01
6.167264306428699161e-01 6.167264306428699161e-01 6.167264306428699161e-01
6.199841063222890636e-01 6.199841063222890636e-01 6.199841063222890636e-01
6.232480224892464893e-01 6.232480224892464893e-01 6.232480224892464893e-01
6.265182004049834052e-01 6.265182004049834052e-01 6.265182004049834052e-01
6.297947538775859888e-01 6.297947538775859888e-01 6.297947538775859888e-01
6.330780259062134263e-01 6.330780259062134263e-01 6.330780259062134263e-01
6.363677315137404866e-01 6.363677315137404866e-01 6.363677315137404866e-01
6.396639327811153297e-01 6.396639327811153297e-01 6.396639327811153297e-01
6.429666898996238000e-01 6.429666898996238000e-01 6.429666898996238000e-01
6.462760611814717393e-01 6.462760611814717393e-01 6.462760611814717393e-01
6.495921030759189696e-01 6.495921030759189696e-01 6.495921030759189696e-01
6.529148701897458107e-01 6.529148701897458107e-01 6.529148701897458107e-01
6.562444153110125189e-01 6.562444153110125189e-01 6.562444153110125189e-01
6.595807894352605505e-01 6.595807894352605505e-01 6.595807894352605505e-01
6.629240417934169072e-01 6.629240417934169072e-01 6.629240417934169072e-01
6.662742198807953820e-01 6.662742198807953820e-01 6.662742198807953820e-01
6.696313694866622424e-01 6.696313694866622424e-01 6.696313694866622424e-01
6.729955347239334751e-01 6.729955347239334751e-01 6.729955347239334751e-01
6.763667580586207873e-01 6.763667580586207873e-01 6.763667580586207873e-01
6.797450803387045104e-01 6.797450803387045104e-01 6.797450803387045104e-01
6.831305408221609587e-01 6.831305408221609587e-01 6.831305408221609587e-01
6.865231772039072089e-01 6.865231772039072089e-01 6.865231772039072089e-01
6.899230256414611295e-01 6.899230256414611295e-01 6.899230256414611295e-01
6.933301207791428000e-01 6.933301207791428000e-01 6.933301207791428000e-01
6.967444957706661057e-01 6.967444957706661057e-01 6.967444957706661057e-01
7.001665951976461244e-01 7.001665951976461244e-01 7.001665951976461244e-01
7.035961449545699020e-01 7.035961449545699020e-01 7.035961449545699020e-01
7.070331167972478958e-01 7.070331167972478958e-01 7.070331167972478958e-01
7.104775387996126179e-01 7.104775387996126179e-01 7.104775387996126179e-01
7.139294376291027699e-01 7.139294376291027699e-01 7.139294376291027699e-01
7.173892153460508236e-01 7.173892153460508236e-01 7.173892153460508236e-01
7.208568863570141705e-01 7.208568863570141705e-01 7.208568863570141705e-01
7.243321611279474048e-01 7.243321611279474048e-01 7.243321611279474048e-01
7.278150614827049170e-01 7.278150614827049170e-01 7.278150614827049170e-01
7.313058825070978264e-01 7.313058825070978264e-01 7.313058825070978264e-01
7.348050228194031863e-01 7.348050228194031863e-01 7.348050228194031863e-01
7.383119042222086037e-01 7.383119042222086037e-01 7.383119042222086037e-01
7.418265438325025718e-01 7.418265438325025718e-01 7.418265438325025718e-01
7.453496399018150198e-01 7.453496399018150198e-01 7.453496399018150198e-01
7.741506424559788657e-01 7.653557820634052655e-01 5.984517284419625938e-01
7.781501140239029946e-01 7.692043176612470834e-01 5.991943451886101446e-01
7.821634072654873870e-01 7.730625797897474616e-01 5.999230481389263847e-01
7.861898753847289534e-01 7.769303193969048227e-01 6.006454211168170687e-01
7.902309342761424382e-01 7.808082029322571671e-01 6.013471219053815320e-01
7.942862511576740392e-01 7.846961094504197876e-01 6.020325009809341932e-01
7.983547495927529880e-01 7.885936222621912073e-01 6.027135669984511335e-01
8.024382038496808978e-01 7.925015239560493363e-01 6.033725211219084228e-01
8.065359803803892058e-01 7.964195795966236835e-01 6.040167927081508958e-01
8.106473659524489062e-01 8.003475451123244211e-01 6.046544732830460012e-01
8.147741036024496175e-01 8.042861457643536438e-01 6.052684457936047258e-01
8.189148107572212787e-01 8.082348765708866623e-01 6.058736688434597228e-01
8.230700185293624571e-01 8.121939844211152337e-01 6.064654872983573641e-01
8.272410047879149575e-01 8.161639745761473108e-01 6.070318494409809862e-01
8.314251476532942275e-01 8.201439281605319431e-01 6.075999239793766771e-01
8.356251885798353651e-01 8.241348772236173348e-01 6.081430147594609759e-01
8.398401328494472518e-01 8.281364994255192569e-01 6.086719303438468121e-01
8.440695810558962453e-01 8.321487019473188251e-01 6.091914180053772387e-01
8.483155402783646437e-01 8.361721994408700676e-01 6.096825336349127600e-01
8.525748598760160002e-01 8.402059867229214607e-01 6.101770638238152022e-01
8.568508821888635163e-01 8.442512035170246509e-01 6.106430877752329067e-01
8.611417230957643110e-01 8.483072801044695410e-01 6.110998648213125106e-01
8.654482028203296373e-01 8.523745219037835996e-01 6.115402483639790221e-01
8.697708892296747152e-01 8.564531412976406077e-01 6.119596403980432919e-01
8.741082359696912274e-01 8.605427185706157056e-01 6.123737557873374371e-01
8.784630973658578146e-01 8.646441402181168634e-01 6.127561155107248414e-01
8.828317360600950181e-01 8.687563681234399260e-01 6.131432556606731810e-01
8.872183375194376831e-01 8.728806444286916211e-01 6.134962029932793381e-01
8.916194783242512578e-01 8.770160558495800895e-01 6.138482974264617420e-01
8.960381504888751403e-01 8.811634727647762455e-01 6.141721374001235523e-01
9.004722590259016668e-01 8.853223777548108187e-01 6.144883328539966216e-01
9.049234687368390428e-01 8.894932604615033434e-01 6.147821396199633082e-01
9.093908957155264483e-01 8.936759405946863577e-01 6.150627144291044290e-01
9.138751254634865928e-01 8.978706186656844057e-01 6.153254809926167468e-01
9.183762275169110589e-01 9.020773619020774348e-01 6.155706936213053426e-01
9.228939755855369853e-01 9.062961692316839901e-01 6.158013310006432706e-01
9.274291154416903771e-01 9.105272700126441077e-01 6.160114190149679203e-01
9.319808960656849051e-01 9.147705447494232089e-01 6.162087552707240512e-01
9.365504427293905865e-01 9.190263040897318492e-01 6.163839342900435669e-01
9.411367862665155348e-01 9.232943885723542410e-01 6.165467134135121929e-01
9.457411152109188590e-01 9.275751141500380159e-01 6.166871760369050381e-01
9.503625683269772972e-01 9.318683548466696331e-01 6.168140566856823437e-01
9.550020616937305862e-01 9.361743610911921198e-01 6.169199713886278635e-01
9.596591875599268517e-01 9.404931085427729043e-01 6.170095254566012599e-01
9.643342343672639538e-01 9.448247167222755261e-01 6.170810354527198616e-01
9.690276128694096380e-01 9.491693254899832288e-01 6.171317464606246306e-01
9.737386092274601390e-01 9.535268637981738626e-01 6.171689685228468614e-01
9.784688371866993029e-01 9.578976924152616812e-01 6.171792298143836675e-01
9.832161865194147810e-01 9.622814960585209798e-01 6.171822530493925596e-01
9.879838779242274827e-01 9.666789069866937867e-01 6.171503657766086448e-01
9.927679911974743865e-01 9.710893182719185779e-01 6.171192503458731160e-01
9.975737774468304009e-01 9.755136778623162419e-01 6.170434212259888751e-01
